date,country,state,lat,long,UID,iso2,iso3,code3,FIPS,region,Combined_Key,confirmed,confirmed_new,deaths,deaths_new
2020-01-22,US,Maryland,39.13676329,-77.20358245,84024031.0,US,USA,840,24031.0,Montgomery,"Montgomery, Maryland, US",0,0,0,0
2020-01-23,US,Maryland,39.13676329,-77.20358245,84024031.0,US,USA,840,24031.0,Montgomery,"Montgomery, Maryland, US",0,0,0,0
2020-01-24,US,Maryland,39.13676329,-77.20358245,84024031.0,US,USA,840,24031.0,Montgomery,"Montgomery, Maryland, US",0,0,0,0
2020-01-25,US,Maryland,39.13676329,-77.20358245,84024031.0,US,USA,840,24031.0,Montgomery,"Montgomery, Maryland, US",0,0,0,0
2020-01-26,US,Maryland,39.13676329,-77.20358245,84024031.0,US,USA,840,24031.0,Montgomery,"Montgomery, Maryland, US",0,0,0,0
2020-01-27,US,Maryland,39.13676329,-77.20358245,84024031.0,US,USA,840,24031.0,Montgomery,"Montgomery, Maryland, US",0,0,0,0
2020-01-28,US,Maryland,39.13676329,-77.20358245,84024031.0,US,USA,840,24031.0,Montgomery,"Montgomery, Maryland, US",0,0,0,0
2020-01-29,US,Maryland,39.13676329,-77.20358245,84024031.0,US,USA,840,24031.0,Montgomery,"Montgomery, Maryland, US",0,0,0,0
2020-01-30,US,Maryland,39.13676329,-77.20358245,84024031.0,US,USA,840,24031.0,Montgomery,"Montgomery, Maryland, US",0,0,0,0
2020-01-31,US,Maryland,39.13676329,-77.20358245,84024031.0,US,USA,840,24031.0,Montgomery,"Montgomery, Maryland, US",0,0,0,0
2020-02-01,US,Maryland,39.13676329,-77.20358245,84024031.0,US,USA,840,24031.0,Montgomery,"Montgomery, Maryland, US",0,0,0,0
2020-02-02,US,Maryland,39.13676329,-77.20358245,84024031.0,US,USA,840,24031.0,Montgomery,"Montgomery, Maryland, US",0,0,0,0
2020-02-03,US,Maryland,39.13676329,-77.20358245,84024031.0,US,USA,840,24031.0,Montgomery,"Montgomery, Maryland, US",0,0,0,0
2020-02-04,US,Maryland,39.13676329,-77.20358245,84024031.0,US,USA,840,24031.0,Montgomery,"Montgomery, Maryland, US",0,0,0,0
2020-02-05,US,Maryland,39.13676329,-77.20358245,84024031.0,US,USA,840,24031.0,Montgomery,"Montgomery, Maryland, US",0,0,0,0
2020-02-06,US,Maryland,39.13676329,-77.20358245,84024031.0,US,USA,840,24031.0,Montgomery,"Montgomery, Maryland, US",0,0,0,0
2020-02-07,US,Maryland,39.13676329,-77.20358245,84024031.0,US,USA,840,24031.0,Montgomery,"Montgomery, Maryland, US",0,0,0,0
2020-02-08,US,Maryland,39.13676329,-77.20358245,84024031.0,US,USA,840,24031.0,Montgomery,"Montgomery, Maryland, US",0,0,0,0
2020-02-09,US,Maryland,39.13676329,-77.20358245,84024031.0,US,USA,840,24031.0,Montgomery,"Montgomery, Maryland, US",0,0,0,0
2020-02-10,US,Maryland,39.13676329,-77.20358245,84024031.0,US,USA,840,24031.0,Montgomery,"Montgomery, Maryland, US",0,0,0,0
2020-02-11,US,Maryland,39.13676329,-77.20358245,84024031.0,US,USA,840,24031.0,Montgomery,"Montgomery, Maryland, US",0,0,0,0
2020-02-12,US,Maryland,39.13676329,-77.20358245,84024031.0,US,USA,840,24031.0,Montgomery,"Montgomery, Maryland, US",0,0,0,0
2020-02-13,US,Maryland,39.13676329,-77.20358245,84024031.0,US,USA,840,24031.0,Montgomery,"Montgomery, Maryland, US",0,0,0,0
2020-02-14,US,Maryland,39.13676329,-77.20358245,84024031.0,US,USA,840,24031.0,Montgomery,"Montgomery, Maryland, US",0,0,0,0
2020-02-15,US,Maryland,39.13676329,-77.20358245,84024031.0,US,USA,840,24031.0,Montgomery,"Montgomery, Maryland, US",0,0,0,0
2020-02-16,US,Maryland,39.13676329,-77.20358245,84024031.0,US,USA,840,24031.0,Montgomery,"Montgomery, Maryland, US",0,0,0,0
2020-02-17,US,Maryland,39.13676329,-77.20358245,84024031.0,US,USA,840,24031.0,Montgomery,"Montgomery, Maryland, US",0,0,0,0
2020-02-18,US,Maryland,39.13676329,-77.20358245,84024031.0,US,USA,840,24031.0,Montgomery,"Montgomery, Maryland, US",0,0,0,0
2020-02-19,US,Maryland,39.13676329,-77.20358245,84024031.0,US,USA,840,24031.0,Montgomery,"Montgomery, Maryland, US",0,0,0,0
2020-02-20,US,Maryland,39.13676329,-77.20358245,84024031.0,US,USA,840,24031.0,Montgomery,"Montgomery, Maryland, US",0,0,0,0
2020-02-21,US,Maryland,39.13676329,-77.20358245,84024031.0,US,USA,840,24031.0,Montgomery,"Montgomery, Maryland, US",0,0,0,0
2020-02-22,US,Maryland,39.13676329,-77.20358245,84024031.0,US,USA,840,24031.0,Montgomery,"Montgomery, Maryland, US",0,0,0,0
2020-02-23,US,Maryland,39.13676329,-77.20358245,84024031.0,US,USA,840,24031.0,Montgomery,"Montgomery, Maryland, US",0,0,0,0
2020-02-24,US,Maryland,39.13676329,-77.20358245,84024031.0,US,USA,840,24031.0,Montgomery,"Montgomery, Maryland, US",0,0,0,0
2020-02-25,US,Maryland,39.13676329,-77.20358245,84024031.0,US,USA,840,24031.0,Montgomery,"Montgomery, Maryland, US",0,0,0,0
2020-02-26,US,Maryland,39.13676329,-77.20358245,84024031.0,US,USA,840,24031.0,Montgomery,"Montgomery, Maryland, US",0,0,0,0
2020-02-27,US,Maryland,39.13676329,-77.20358245,84024031.0,US,USA,840,24031.0,Montgomery,"Montgomery, Maryland, US",0,0,0,0
2020-02-28,US,Maryland,39.13676329,-77.20358245,84024031.0,US,USA,840,24031.0,Montgomery,"Montgomery, Maryland, US",0,0,0,0
2020-02-29,US,Maryland,39.13676329,-77.20358245,84024031.0,US,USA,840,24031.0,Montgomery,"Montgomery, Maryland, US",0,0,0,0
2020-03-01,US,Maryland,39.13676329,-77.20358245,84024031.0,US,USA,840,24031.0,Montgomery,"Montgomery, Maryland, US",0,0,0,0
2020-03-02,US,Maryland,39.13676329,-77.20358245,84024031.0,US,USA,840,24031.0,Montgomery,"Montgomery, Maryland, US",0,0,0,0
2020-03-03,US,Maryland,39.13676329,-77.20358245,84024031.0,US,USA,840,24031.0,Montgomery,"Montgomery, Maryland, US",0,0,0,0
2020-03-04,US,Maryland,39.13676329,-77.20358245,84024031.0,US,USA,840,24031.0,Montgomery,"Montgomery, Maryland, US",0,0,0,0
2020-03-05,US,Maryland,39.13676329,-77.20358245,84024031.0,US,USA,840,24031.0,Montgomery,"Montgomery, Maryland, US",0,0,0,0
2020-03-06,US,Maryland,39.13676329,-77.20358245,84024031.0,US,USA,840,24031.0,Montgomery,"Montgomery, Maryland, US",3,3,0,0
2020-03-07,US,Maryland,39.13676329,-77.20358245,84024031.0,US,USA,840,24031.0,Montgomery,"Montgomery, Maryland, US",3,0,0,0
2020-03-08,US,Maryland,39.13676329,-77.20358245,84024031.0,US,USA,840,24031.0,Montgomery,"Montgomery, Maryland, US",4,1,0,0
2020-03-09,US,Maryland,39.13676329,-77.20358245,84024031.0,US,USA,840,24031.0,Montgomery,"Montgomery, Maryland, US",4,0,0,0
2020-03-10,US,Maryland,39.13676329,-77.20358245,84024031.0,US,USA,840,24031.0,Montgomery,"Montgomery, Maryland, US",4,0,0,0
2020-03-11,US,Maryland,39.13676329,-77.20358245,84024031.0,US,USA,840,24031.0,Montgomery,"Montgomery, Maryland, US",5,1,0,0
2020-03-12,US,Maryland,39.13676329,-77.20358245,84024031.0,US,USA,840,24031.0,Montgomery,"Montgomery, Maryland, US",6,1,0,0
2020-03-13,US,Maryland,39.13676329,-77.20358245,84024031.0,US,USA,840,24031.0,Montgomery,"Montgomery, Maryland, US",6,0,0,0
2020-03-14,US,Maryland,39.13676329,-77.20358245,84024031.0,US,USA,840,24031.0,Montgomery,"Montgomery, Maryland, US",6,0,0,0
2020-03-15,US,Maryland,39.13676329,-77.20358245,84024031.0,US,USA,840,24031.0,Montgomery,"Montgomery, Maryland, US",7,1,0,0
2020-03-16,US,Maryland,39.13676329,-77.20358245,84024031.0,US,USA,840,24031.0,Montgomery,"Montgomery, Maryland, US",15,8,0,0
2020-03-17,US,Maryland,39.13676329,-77.20358245,84024031.0,US,USA,840,24031.0,Montgomery,"Montgomery, Maryland, US",24,9,0,0
2020-03-18,US,Maryland,39.13676329,-77.20358245,84024031.0,US,USA,840,24031.0,Montgomery,"Montgomery, Maryland, US",31,7,0,0
2020-03-19,US,Maryland,39.13676329,-77.20358245,84024031.0,US,USA,840,24031.0,Montgomery,"Montgomery, Maryland, US",33,2,0,0
2020-03-20,US,Maryland,39.13676329,-77.20358245,84024031.0,US,USA,840,24031.0,Montgomery,"Montgomery, Maryland, US",51,18,0,0
2020-03-21,US,Maryland,39.13676329,-77.20358245,84024031.0,US,USA,840,24031.0,Montgomery,"Montgomery, Maryland, US",68,17,0,0
2020-03-22,US,Maryland,39.13676329,-77.20358245,84024031.0,US,USA,840,24031.0,Montgomery,"Montgomery, Maryland, US",83,15,1,1
2020-03-23,US,Maryland,39.13676329,-77.20358245,84024031.0,US,USA,840,24031.0,Montgomery,"Montgomery, Maryland, US",94,11,1,0
2020-03-24,US,Maryland,39.13676329,-77.20358245,84024031.0,US,USA,840,24031.0,Montgomery,"Montgomery, Maryland, US",107,13,1,0
2020-03-25,US,Maryland,39.13676329,-77.20358245,84024031.0,US,USA,840,24031.0,Montgomery,"Montgomery, Maryland, US",127,20,1,0
2020-03-26,US,Maryland,39.13676329,-77.20358245,84024031.0,US,USA,840,24031.0,Montgomery,"Montgomery, Maryland, US",164,37,1,0
2020-03-27,US,Maryland,39.13676329,-77.20358245,84024031.0,US,USA,840,24031.0,Montgomery,"Montgomery, Maryland, US",208,44,1,0
2020-03-28,US,Maryland,39.13676329,-77.20358245,84024031.0,US,USA,840,24031.0,Montgomery,"Montgomery, Maryland, US",255,47,1,0
2020-03-29,US,Maryland,39.13676329,-77.20358245,84024031.0,US,USA,840,24031.0,Montgomery,"Montgomery, Maryland, US",301,46,1,0
2020-03-30,US,Maryland,39.13676329,-77.20358245,84024031.0,US,USA,840,24031.0,Montgomery,"Montgomery, Maryland, US",341,40,1,0
2020-03-31,US,Maryland,39.13676329,-77.20358245,84024031.0,US,USA,840,24031.0,Montgomery,"Montgomery, Maryland, US",388,47,1,0
2020-04-01,US,Maryland,39.13676329,-77.20358245,84024031.0,US,USA,840,24031.0,Montgomery,"Montgomery, Maryland, US",447,59,1,0
2020-04-02,US,Maryland,39.13676329,-77.20358245,84024031.0,US,USA,840,24031.0,Montgomery,"Montgomery, Maryland, US",498,51,6,5
2020-04-03,US,Maryland,39.13676329,-77.20358245,84024031.0,US,USA,840,24031.0,Montgomery,"Montgomery, Maryland, US",566,68,9,3
2020-04-04,US,Maryland,39.13676329,-77.20358245,84024031.0,US,USA,840,24031.0,Montgomery,"Montgomery, Maryland, US",640,74,9,0
2020-04-05,US,Maryland,39.13676329,-77.20358245,84024031.0,US,USA,840,24031.0,Montgomery,"Montgomery, Maryland, US",693,53,13,4
2020-04-06,US,Maryland,39.13676329,-77.20358245,84024031.0,US,USA,840,24031.0,Montgomery,"Montgomery, Maryland, US",793,100,19,6
2020-04-07,US,Maryland,39.13676329,-77.20358245,84024031.0,US,USA,840,24031.0,Montgomery,"Montgomery, Maryland, US",871,78,21,2
2020-04-08,US,Maryland,39.13676329,-77.20358245,84024031.0,US,USA,840,24031.0,Montgomery,"Montgomery, Maryland, US",1088,217,26,5
2020-04-09,US,Maryland,39.13676329,-77.20358245,84024031.0,US,USA,840,24031.0,Montgomery,"Montgomery, Maryland, US",1214,126,30,4
2020-04-10,US,Maryland,39.13676329,-77.20358245,84024031.0,US,USA,840,24031.0,Montgomery,"Montgomery, Maryland, US",1388,174,34,4
2020-04-11,US,Maryland,39.13676329,-77.20358245,84024031.0,US,USA,840,24031.0,Montgomery,"Montgomery, Maryland, US",1537,149,36,2
2020-04-12,US,Maryland,39.13676329,-77.20358245,84024031.0,US,USA,840,24031.0,Montgomery,"Montgomery, Maryland, US",1631,94,42,6
2020-04-13,US,Maryland,39.13676329,-77.20358245,84024031.0,US,USA,840,24031.0,Montgomery,"Montgomery, Maryland, US",1756,125,48,6
2020-04-14,US,Maryland,39.13676329,-77.20358245,84024031.0,US,USA,840,24031.0,Montgomery,"Montgomery, Maryland, US",1883,127,54,6
2020-04-15,US,Maryland,39.13676329,-77.20358245,84024031.0,US,USA,840,24031.0,Montgomery,"Montgomery, Maryland, US",1933,50,54,0
2020-04-16,US,Maryland,39.13676329,-77.20358245,84024031.0,US,USA,840,24031.0,Montgomery,"Montgomery, Maryland, US",2133,200,56,2
2020-04-17,US,Maryland,39.13676329,-77.20358245,84024031.0,US,USA,840,24031.0,Montgomery,"Montgomery, Maryland, US",2280,147,63,7
2020-04-18,US,Maryland,39.13676329,-77.20358245,84024031.0,US,USA,840,24031.0,Montgomery,"Montgomery, Maryland, US",2404,124,86,23
2020-04-19,US,Maryland,39.13676329,-77.20358245,84024031.0,US,USA,840,24031.0,Montgomery,"Montgomery, Maryland, US",2507,103,96,10
2020-04-20,US,Maryland,39.13676329,-77.20358245,84024031.0,US,USA,840,24031.0,Montgomery,"Montgomery, Maryland, US",2647,140,106,10
2020-04-21,US,Maryland,39.13676329,-77.20358245,84024031.0,US,USA,840,24031.0,Montgomery,"Montgomery, Maryland, US",2768,121,116,10
2020-04-22,US,Maryland,39.13676329,-77.20358245,84024031.0,US,USA,840,24031.0,Montgomery,"Montgomery, Maryland, US",2868,100,126,10
2020-04-23,US,Maryland,39.13676329,-77.20358245,84024031.0,US,USA,840,24031.0,Montgomery,"Montgomery, Maryland, US",3060,192,139,13
2020-04-24,US,Maryland,39.13676329,-77.20358245,84024031.0,US,USA,840,24031.0,Montgomery,"Montgomery, Maryland, US",3227,167,154,15
2020-04-25,US,Maryland,39.13676329,-77.20358245,84024031.0,US,USA,840,24031.0,Montgomery,"Montgomery, Maryland, US",3483,256,171,17
2020-04-26,US,Maryland,39.13676329,-77.20358245,84024031.0,US,USA,840,24031.0,Montgomery,"Montgomery, Maryland, US",3645,162,180,9
2020-04-27,US,Maryland,39.13676329,-77.20358245,84024031.0,US,USA,840,24031.0,Montgomery,"Montgomery, Maryland, US",3843,198,210,30
2020-04-28,US,Maryland,39.13676329,-77.20358245,84024031.0,US,USA,840,24031.0,Montgomery,"Montgomery, Maryland, US",4003,160,221,11
2020-04-29,US,Maryland,39.13676329,-77.20358245,84024031.0,US,USA,840,24031.0,Montgomery,"Montgomery, Maryland, US",4152,149,242,21
