date,confirmed,deaths,recovered,confirmed_new,deaths_new,recovered_new
2020-01-22,555,17,28.0,555,17,28.0
2020-01-23,654,18,30.0,99,1,2.0
2020-01-24,941,26,36.0,287,8,6.0
2020-01-25,1434,42,39.0,493,16,3.0
2020-01-26,2118,56,52.0,684,14,13.0
2020-01-27,2927,82,61.0,809,26,9.0
2020-01-28,5578,131,107.0,2651,49,46.0
2020-01-29,6166,133,125.0,588,2,18.0
2020-01-30,8234,171,141.0,2068,38,16.0
2020-01-31,9927,213,219.0,1693,42,78.0
2020-02-01,12038,259,281.0,2111,46,62.0
2020-02-02,16787,362,459.0,4749,103,178.0
2020-02-03,19887,426,604.0,3100,64,145.0
2020-02-04,23898,492,821.0,4011,66,217.0
2020-02-05,27643,564,1071.0,3745,72,250.0
2020-02-06,30802,634,1418.0,3159,70,347.0
2020-02-07,34395,719,1903.0,3593,85,485.0
2020-02-08,37129,806,2470.0,2734,87,567.0
2020-02-09,40159,906,3057.0,3030,100,587.0
2020-02-10,42768,1013,3714.0,2609,107,657.0
2020-02-11,44810,1113,4417.0,2042,100,703.0
2020-02-12,45228,1118,4849.0,418,5,432.0
2020-02-13,60381,1371,5930.0,15153,253,1081.0
2020-02-14,66908,1523,7613.0,6527,152,1683.0
2020-02-15,69050,1666,8902.0,2142,143,1289.0
2020-02-16,71234,1770,10319.0,2184,104,1417.0
2020-02-17,73269,1868,11951.0,2035,98,1632.0
2020-02-18,75151,2008,13693.0,1882,140,1742.0
2020-02-19,75651,2123,15395.0,500,115,1702.0
2020-02-20,76211,2248,17370.0,560,125,1975.0
2020-02-21,76840,2252,17967.0,629,4,597.0
2020-02-22,78601,2459,21850.0,1761,207,3883.0
2020-02-23,78981,2470,22304.0,380,11,454.0
2020-02-24,79545,2630,24047.0,564,160,1743.0
2020-02-25,80398,2710,26652.0,853,80,2605.0
2020-02-26,81375,2771,29087.0,977,61,2435.0
2020-02-27,82739,2814,31929.0,1364,43,2842.0
2020-02-28,84116,2873,35316.0,1377,59,3387.0
2020-02-29,86011,2942,38324.0,1895,69,3008.0
2020-03-01,88395,2996,41218.0,2384,54,2894.0
2020-03-02,90369,3085,44095.0,1974,89,2877.0
2020-03-03,92947,3160,46691.0,2578,75,2596.0
2020-03-04,95246,3255,49629.0,2299,95,2938.0
2020-03-05,98037,3348,52247.0,2791,93,2618.0
2020-03-06,101980,3460,54310.0,3943,112,2063.0
2020-03-07,106018,3559,56800.0,4038,99,2490.0
2020-03-08,109972,3803,59132.0,3954,244,2332.0
2020-03-09,113872,3987,60931.0,3900,184,1799.0
2020-03-10,118896,4266,62842.0,5024,279,1911.0
2020-03-11,126559,4611,65438.0,7663,345,2596.0
2020-03-12,132309,4916,66759.0,5750,305,1321.0
2020-03-13,146716,5413,68684.0,14407,497,1925.0
2020-03-14,157824,5830,71054.0,11108,417,2370.0
2020-03-15,168973,6471,74464.0,11149,641,3410.0
2020-03-16,183640,7151,76517.0,14667,680,2053.0
2020-03-17,199487,7955,79269.0,15847,804,2752.0
2020-03-18,219083,8852,81752.0,19596,897,2483.0
2020-03-19,247002,9958,83389.0,27919,1106,1637.0
2020-03-20,276612,11436,85834.0,29610,1478,2445.0
2020-03-21,308921,13142,90100.0,32309,1706,4266.0
2020-03-22,342341,14840,96315.0,33420,1698,6215.0
2020-03-23,384508,16758,96781.0,42167,1918,466.0
2020-03-24,425675,19028,106322.0,41167,2270,9541.0
2020-03-25,476494,21805,112032.0,50819,2777,5710.0
2020-03-26,539391,24811,120401.0,62897,3006,8369.0
2020-03-27,603791,28329,129105.0,64400,3518,8704.0
2020-03-28,671447,32008,137397.0,67656,3679,8292.0
2020-03-29,731024,35481,146864.0,59577,3473,9467.0
2020-03-30,795666,39645,162310.0,64642,4164,15446.0
2020-03-31,872076,44489,174672.0,76410,4844,12362.0
2020-04-01,948290,50043,190033.0,76214,5554,15361.0
2020-04-02,1029704,56348,206671.0,81414,6305,16638.0
2020-04-03,1112859,62333,221679.0,83155,5985,15008.0
2020-04-04,1193322,68174,241691.0,80463,5841,20012.0
2020-04-05,1265035,73195,255096.0,71713,5021,13405.0
2020-04-06,1337712,79027,271431.0,72677,5832,16335.0
2020-04-07,1414580,86928,294284.0,76868,7901,22853.0
2020-04-08,1498360,93664,322636.0,83780,6736,28352.0
2020-04-09,1585025,101294,346975.0,86665,7630,24339.0
2020-04-10,1672620,108565,368082.0,87595,7271,21107.0
2020-04-11,1749575,114634,393604.0,76955,6069,25522.0
2020-04-12,1846390,120365,412483.0,96815,5731,18879.0
2020-04-13,1916063,126112,439015.0,69673,5747,26532.0
2020-04-14,1985901,133011,463650.0,69838,6899,24635.0
2020-04-15,2066740,141323,499564.0,80839,8312,35914.0
2020-04-16,2163426,148604,529651.0,96686,7281,30087.0
2020-04-17,2251145,157496,554926.0,87719,8892,25275.0
2020-04-18,2325103,163968,578424.0,73958,6472,23498.0
2020-04-19,2405607,168538,609192.0,80504,4570,30768.0
2020-04-20,2478960,173978,630485.0,73353,5440,21293.0
2020-04-21,2554241,181135,664682.0,75281,7157,34197.0
2020-04-22,2631027,187893,693841.0,76786,6758,29159.0
2020-04-23,2720027,194742,722313.0,89000,6849,28472.0
2020-04-24,2806972,201417,771971.0,86945,6675,49658.0
2020-04-25,2891910,206994,798881.0,84938,5577,26910.0
2020-04-26,2964853,210877,826613.0,72943,3883,27732.0
2020-04-27,3033572,215526,852992.0,68719,4649,26379.0
2020-04-28,3108878,221990,885294.0,75306,6464,32302.0
2020-04-29,3185925,228758,926380.0,77047,6768,41086.0
2020-04-30,3269608,234720,990239.0,83683,5962,63859.0
2020-05-01,3356663,239897,1027146.0,87055,5177,36907.0
2020-05-02,3438339,245222,1066969.0,81676,5325,39823.0
2020-05-03,3515957,248675,1098177.0,77618,3453,31208.0
2020-05-04,3592058,252799,1131149.0,76101,4124,32972.0
2020-05-05,3672050,258674,1166713.0,79992,5875,35564.0
2020-05-06,3762073,265343,1211539.0,90023,6669,44826.0
2020-05-07,3851158,270751,1249927.0,89085,5408,38388.0
2020-05-08,3942676,276320,1285493.0,91518,5569,35566.0
2020-05-09,4028522,280585,1338012.0,85846,4265,52519.0
2020-05-10,4104768,284151,1370759.0,76246,3566,32747.0
2020-05-11,4181009,287624,1416855.0,76241,3473,46096.0
2020-05-12,4264584,293170,1452828.0,83575,5546,35973.0
2020-05-13,4349360,298399,1507562.0,84776,5229,54734.0
2020-05-14,4446448,303667,1546350.0,97088,5268,38788.0
2020-05-15,4542815,308882,1593537.0,96367,5215,47187.0
2020-05-16,4638237,313053,1649204.0,95422,4171,55667.0
2020-05-17,4716758,316382,1689378.0,78521,3329,40174.0
2020-05-18,4805049,319673,1741611.0,88291,3291,52233.0
2020-05-19,4901442,324457,1792898.0,96393,4784,51287.0
2020-05-20,5004471,329342,1851098.0,103029,4885,58200.0
2020-05-21,5110805,334128,1901425.0,106334,4786,50327.0
2020-05-22,5217705,339412,2009198.0,106900,5284,107773.0
2020-05-23,5322994,343401,2063459.0,105289,3989,54261.0
2020-05-24,5418320,346541,2118212.0,95326,3140,54753.0
2020-05-25,5505283,347719,2181262.0,86963,1178,63050.0
2020-05-26,5597805,351922,2235775.0,92522,4203,54513.0
2020-05-27,5700405,357135,2298270.0,102600,5213,62495.0
2020-05-28,5819719,361836,2364403.0,119314,4701,66133.0
2020-05-29,5940890,366578,2440803.0,121171,4742,76400.0
2020-05-30,6078719,370734,2510638.0,137829,4156,69835.0
2020-05-31,6186277,373622,2586258.0,107558,2888,75620.0
2020-06-01,6281486,376690,2640271.0,95209,3068,54013.0
2020-06-02,6402323,381513,2743755.0,120837,4823,103484.0
2020-06-03,6521646,387085,2822064.0,119323,5572,78309.0
2020-06-04,6648602,392234,2891434.0,126956,5149,69370.0
2020-06-05,6779470,397010,2959698.0,130868,4776,68264.0
2020-06-06,6915423,400891,3030877.0,135953,3881,71179.0
2020-06-07,7027718,403633,3085389.0,112295,2742,54512.0
2020-06-08,7129862,407330,3236276.0,102144,3697,150887.0
2020-06-09,7254233,412252,3317779.0,124371,4922,81503.0
2020-06-10,7388229,417457,3395811.0,133996,5205,78032.0
2020-06-11,7526344,422231,3480771.0,138115,4774,84960.0
2020-06-12,7655466,426528,3559591.0,129122,4297,78820.0
2020-06-13,7791423,430765,3644699.0,135957,4237,85108.0
2020-06-14,7924897,434140,3714664.0,133474,3375,69965.0
2020-06-15,8044535,437565,3794064.0,119638,3425,79400.0
2020-06-16,8186067,444432,3891468.0,141532,6867,97404.0
2020-06-17,8328061,449688,4008874.0,141994,5256,117406.0
2020-06-18,8468066,454717,4089499.0,140005,5029,80625.0
2020-06-19,8648955,460990,4183976.0,180889,6273,94477.0
2020-06-20,8806589,465239,4299288.0,157634,4249,115312.0
2020-06-21,8935203,469203,4367598.0,128614,3964,68310.0
2020-06-22,9072474,472771,4458751.0,137271,3568,91153.0
2020-06-23,9237859,478083,4562376.0,165385,5312,103625.0
2020-06-24,9409094,483345,4677724.0,171235,5262,115348.0
2020-06-25,9587076,489974,4770240.0,177982,6629,92516.0
2020-06-26,9778491,494803,4876631.0,191415,4829,106391.0
2020-06-27,9956663,499291,4982726.0,178172,4488,106095.0
2020-06-28,10118389,502384,5071597.0,161726,3093,88871.0
2020-06-29,10276540,506094,5165152.0,158151,3710,93555.0
2020-06-30,10450359,511224,5282046.0,173819,5130,116894.0
2020-07-01,10668014,516234,5397674.0,217655,5010,115628.0
2020-07-02,10875759,521356,5682072.0,207745,5122,284398.0
2020-07-03,11079326,526352,5791600.0,203567,4996,109528.0
2020-07-04,11273007,530724,5987150.0,193681,4372,195550.0
2020-07-05,11455588,534166,6106204.0,182581,3442,119054.0
2020-07-06,11622931,537963,6229426.0,167343,3797,123222.0
2020-07-07,11833775,544070,6374171.0,210844,6107,144745.0
2020-07-08,12045577,549389,6531674.0,211802,5319,157503.0
2020-07-09,12273804,554847,6665895.0,228227,5458,134221.0
2020-07-10,12506381,560158,6804912.0,232577,5311,139017.0
2020-07-11,12722506,565051,6930298.0,216125,4893,125386.0
2020-07-12,12915161,569008,7041792.0,192655,3957,111494.0
2020-07-13,13107969,572818,7181694.0,192808,3810,139902.0
2020-07-14,13329608,578484,7323555.0,221639,5666,141861.0
2020-07-15,13560727,583977,7482978.0,231119,5493,159423.0
2020-07-16,13813400,589782,7634982.0,252673,5805,152004.0
2020-07-17,14055307,596519,7794418.0,241907,6737,159436.0
2020-07-18,14292942,602146,7945208.0,237635,5627,150790.0
2020-07-19,14507589,606175,8032893.0,214647,4029,87685.0
2020-07-20,14714367,610335,8191435.0,206778,4160,158542.0
2020-07-21,14947990,616578,8365801.0,233623,6243,174366.0
2020-07-22,15228469,623556,8541913.0,280479,6978,176112.0
2020-07-23,15511225,633522,8711627.0,282756,9966,169714.0
2020-07-24,15792390,639666,8940363.0,281165,6144,228736.0
2020-07-25,16047935,645262,9159401.0,255545,5596,219038.0
2020-07-26,16253034,648664,9294243.0,205099,3402,134842.0
2020-07-27,16487669,654055,9468745.0,234635,5391,174502.0
2020-07-28,16740006,660454,9642344.0,252337,6399,173599.0
2020-07-29,17029155,667120,9843705.0,289149,6666,201361.0
2020-07-30,17305917,673173,10027750.0,276762,6053,184045.0
2020-07-31,17591968,679439,10225553.0,286051,6266,197803.0
