date,country,state,lat,long,UID,iso2,iso3,code3,FIPS,region,Combined_Key,confirmed,confirmed_new,deaths,deaths_new
2020-01-22,us,illinois,41.84144849,-87.81658794,84017031,US,USA,840,17031.0,cook,"Cook, Illinois, US",0,0,0,0
2020-01-23,us,illinois,41.84144849,-87.81658794,84017031,US,USA,840,17031.0,cook,"Cook, Illinois, US",0,0,0,0
2020-01-24,us,illinois,41.84144849,-87.81658794,84017031,US,USA,840,17031.0,cook,"Cook, Illinois, US",1,1,0,0
2020-01-25,us,illinois,41.84144849,-87.81658794,84017031,US,USA,840,17031.0,cook,"Cook, Illinois, US",1,0,0,0
2020-01-26,us,illinois,41.84144849,-87.81658794,84017031,US,USA,840,17031.0,cook,"Cook, Illinois, US",1,0,0,0
2020-01-27,us,illinois,41.84144849,-87.81658794,84017031,US,USA,840,17031.0,cook,"Cook, Illinois, US",1,0,0,0
2020-01-28,us,illinois,41.84144849,-87.81658794,84017031,US,USA,840,17031.0,cook,"Cook, Illinois, US",1,0,0,0
2020-01-29,us,illinois,41.84144849,-87.81658794,84017031,US,USA,840,17031.0,cook,"Cook, Illinois, US",1,0,0,0
2020-01-30,us,illinois,41.84144849,-87.81658794,84017031,US,USA,840,17031.0,cook,"Cook, Illinois, US",1,0,0,0
2020-01-31,us,illinois,41.84144849,-87.81658794,84017031,US,USA,840,17031.0,cook,"Cook, Illinois, US",2,1,0,0
2020-02-01,us,illinois,41.84144849,-87.81658794,84017031,US,USA,840,17031.0,cook,"Cook, Illinois, US",2,0,0,0
2020-02-02,us,illinois,41.84144849,-87.81658794,84017031,US,USA,840,17031.0,cook,"Cook, Illinois, US",2,0,0,0
2020-02-03,us,illinois,41.84144849,-87.81658794,84017031,US,USA,840,17031.0,cook,"Cook, Illinois, US",2,0,0,0
2020-02-04,us,illinois,41.84144849,-87.81658794,84017031,US,USA,840,17031.0,cook,"Cook, Illinois, US",2,0,0,0
2020-02-05,us,illinois,41.84144849,-87.81658794,84017031,US,USA,840,17031.0,cook,"Cook, Illinois, US",2,0,0,0
2020-02-06,us,illinois,41.84144849,-87.81658794,84017031,US,USA,840,17031.0,cook,"Cook, Illinois, US",2,0,0,0
2020-02-07,us,illinois,41.84144849,-87.81658794,84017031,US,USA,840,17031.0,cook,"Cook, Illinois, US",2,0,0,0
2020-02-08,us,illinois,41.84144849,-87.81658794,84017031,US,USA,840,17031.0,cook,"Cook, Illinois, US",2,0,0,0
2020-02-09,us,illinois,41.84144849,-87.81658794,84017031,US,USA,840,17031.0,cook,"Cook, Illinois, US",2,0,0,0
2020-02-10,us,illinois,41.84144849,-87.81658794,84017031,US,USA,840,17031.0,cook,"Cook, Illinois, US",2,0,0,0
2020-02-11,us,illinois,41.84144849,-87.81658794,84017031,US,USA,840,17031.0,cook,"Cook, Illinois, US",2,0,0,0
2020-02-12,us,illinois,41.84144849,-87.81658794,84017031,US,USA,840,17031.0,cook,"Cook, Illinois, US",2,0,0,0
2020-02-13,us,illinois,41.84144849,-87.81658794,84017031,US,USA,840,17031.0,cook,"Cook, Illinois, US",2,0,0,0
2020-02-14,us,illinois,41.84144849,-87.81658794,84017031,US,USA,840,17031.0,cook,"Cook, Illinois, US",2,0,0,0
2020-02-15,us,illinois,41.84144849,-87.81658794,84017031,US,USA,840,17031.0,cook,"Cook, Illinois, US",2,0,0,0
2020-02-16,us,illinois,41.84144849,-87.81658794,84017031,US,USA,840,17031.0,cook,"Cook, Illinois, US",2,0,0,0
2020-02-17,us,illinois,41.84144849,-87.81658794,84017031,US,USA,840,17031.0,cook,"Cook, Illinois, US",2,0,0,0
2020-02-18,us,illinois,41.84144849,-87.81658794,84017031,US,USA,840,17031.0,cook,"Cook, Illinois, US",2,0,0,0
2020-02-19,us,illinois,41.84144849,-87.81658794,84017031,US,USA,840,17031.0,cook,"Cook, Illinois, US",2,0,0,0
2020-02-20,us,illinois,41.84144849,-87.81658794,84017031,US,USA,840,17031.0,cook,"Cook, Illinois, US",2,0,0,0
2020-02-21,us,illinois,41.84144849,-87.81658794,84017031,US,USA,840,17031.0,cook,"Cook, Illinois, US",2,0,0,0
2020-02-22,us,illinois,41.84144849,-87.81658794,84017031,US,USA,840,17031.0,cook,"Cook, Illinois, US",2,0,0,0
2020-02-23,us,illinois,41.84144849,-87.81658794,84017031,US,USA,840,17031.0,cook,"Cook, Illinois, US",2,0,0,0
2020-02-24,us,illinois,41.84144849,-87.81658794,84017031,US,USA,840,17031.0,cook,"Cook, Illinois, US",2,0,0,0
2020-02-25,us,illinois,41.84144849,-87.81658794,84017031,US,USA,840,17031.0,cook,"Cook, Illinois, US",2,0,0,0
2020-02-26,us,illinois,41.84144849,-87.81658794,84017031,US,USA,840,17031.0,cook,"Cook, Illinois, US",2,0,0,0
2020-02-27,us,illinois,41.84144849,-87.81658794,84017031,US,USA,840,17031.0,cook,"Cook, Illinois, US",2,0,0,0
2020-02-28,us,illinois,41.84144849,-87.81658794,84017031,US,USA,840,17031.0,cook,"Cook, Illinois, US",2,0,0,0
2020-02-29,us,illinois,41.84144849,-87.81658794,84017031,US,USA,840,17031.0,cook,"Cook, Illinois, US",2,0,0,0
2020-03-01,us,illinois,41.84144849,-87.81658794,84017031,US,USA,840,17031.0,cook,"Cook, Illinois, US",3,1,0,0
2020-03-02,us,illinois,41.84144849,-87.81658794,84017031,US,USA,840,17031.0,cook,"Cook, Illinois, US",4,1,0,0
2020-03-03,us,illinois,41.84144849,-87.81658794,84017031,US,USA,840,17031.0,cook,"Cook, Illinois, US",4,0,0,0
2020-03-04,us,illinois,41.84144849,-87.81658794,84017031,US,USA,840,17031.0,cook,"Cook, Illinois, US",4,0,0,0
2020-03-05,us,illinois,41.84144849,-87.81658794,84017031,US,USA,840,17031.0,cook,"Cook, Illinois, US",5,1,0,0
2020-03-06,us,illinois,41.84144849,-87.81658794,84017031,US,USA,840,17031.0,cook,"Cook, Illinois, US",5,0,0,0
2020-03-07,us,illinois,41.84144849,-87.81658794,84017031,US,USA,840,17031.0,cook,"Cook, Illinois, US",6,1,0,0
2020-03-08,us,illinois,41.84144849,-87.81658794,84017031,US,USA,840,17031.0,cook,"Cook, Illinois, US",7,1,0,0
2020-03-09,us,illinois,41.84144849,-87.81658794,84017031,US,USA,840,17031.0,cook,"Cook, Illinois, US",7,0,0,0
2020-03-10,us,illinois,41.84144849,-87.81658794,84017031,US,USA,840,17031.0,cook,"Cook, Illinois, US",11,4,0,0
2020-03-11,us,illinois,41.84144849,-87.81658794,84017031,US,USA,840,17031.0,cook,"Cook, Illinois, US",22,11,0,0
2020-03-12,us,illinois,41.84144849,-87.81658794,84017031,US,USA,840,17031.0,cook,"Cook, Illinois, US",27,5,0,0
2020-03-13,us,illinois,41.84144849,-87.81658794,84017031,US,USA,840,17031.0,cook,"Cook, Illinois, US",40,13,0,0
2020-03-14,us,illinois,41.84144849,-87.81658794,84017031,US,USA,840,17031.0,cook,"Cook, Illinois, US",50,10,0,0
2020-03-15,us,illinois,41.84144849,-87.81658794,84017031,US,USA,840,17031.0,cook,"Cook, Illinois, US",50,0,0,0
2020-03-16,us,illinois,41.84144849,-87.81658794,84017031,US,USA,840,17031.0,cook,"Cook, Illinois, US",62,12,0,0
2020-03-17,us,illinois,41.84144849,-87.81658794,84017031,US,USA,840,17031.0,cook,"Cook, Illinois, US",107,45,1,1
2020-03-18,us,illinois,41.84144849,-87.81658794,84017031,US,USA,840,17031.0,cook,"Cook, Illinois, US",178,71,1,0
2020-03-19,us,illinois,41.84144849,-87.81658794,84017031,US,USA,840,17031.0,cook,"Cook, Illinois, US",278,100,2,1
2020-03-20,us,illinois,41.84144849,-87.81658794,84017031,US,USA,840,17031.0,cook,"Cook, Illinois, US",278,0,2,0
2020-03-21,us,illinois,41.84144849,-87.81658794,84017031,US,USA,840,17031.0,cook,"Cook, Illinois, US",548,270,3,1
2020-03-22,us,illinois,41.84144849,-87.81658794,84017031,US,USA,840,17031.0,cook,"Cook, Illinois, US",805,257,4,1
2020-03-23,us,illinois,41.84144849,-87.81658794,84017031,US,USA,840,17031.0,cook,"Cook, Illinois, US",922,117,9,5
2020-03-24,us,illinois,41.84144849,-87.81658794,84017031,US,USA,840,17031.0,cook,"Cook, Illinois, US",1194,272,9,0
2020-03-25,us,illinois,41.84144849,-87.81658794,84017031,US,USA,840,17031.0,cook,"Cook, Illinois, US",1418,224,14,5
2020-03-26,us,illinois,41.84144849,-87.81658794,84017031,US,USA,840,17031.0,cook,"Cook, Illinois, US",1418,0,18,4
2020-03-27,us,illinois,41.84144849,-87.81658794,84017031,US,USA,840,17031.0,cook,"Cook, Illinois, US",2239,821,20,2
2020-03-28,us,illinois,41.84144849,-87.81658794,84017031,US,USA,840,17031.0,cook,"Cook, Illinois, US",2613,374,28,8
2020-03-29,us,illinois,41.84144849,-87.81658794,84017031,US,USA,840,17031.0,cook,"Cook, Illinois, US",3445,832,40,12
2020-03-30,us,illinois,41.84144849,-87.81658794,84017031,US,USA,840,17031.0,cook,"Cook, Illinois, US",3727,282,44,4
2020-03-31,us,illinois,41.84144849,-87.81658794,84017031,US,USA,840,17031.0,cook,"Cook, Illinois, US",4496,769,61,17
2020-04-01,us,illinois,41.84144849,-87.81658794,84017031,US,USA,840,17031.0,cook,"Cook, Illinois, US",5152,656,95,34
2020-04-02,us,illinois,41.84144849,-87.81658794,84017031,US,USA,840,17031.0,cook,"Cook, Illinois, US",5575,423,107,12
2020-04-03,us,illinois,41.84144849,-87.81658794,84017031,US,USA,840,17031.0,cook,"Cook, Illinois, US",6111,536,141,34
2020-04-04,us,illinois,41.84144849,-87.81658794,84017031,US,USA,840,17031.0,cook,"Cook, Illinois, US",7439,1328,167,26
2020-04-05,us,illinois,41.84144849,-87.81658794,84017031,US,USA,840,17031.0,cook,"Cook, Illinois, US",8034,595,186,19
2020-04-06,us,illinois,41.84144849,-87.81658794,84017031,US,USA,840,17031.0,cook,"Cook, Illinois, US",8728,694,209,23
