date,country,state,lat,long,UID,iso2,iso3,code3,FIPS,region,Combined_Key,confirmed,confirmed_new,deaths,deaths_new
2020-01-22,US,Colorado,40.66671597,-105.4625784,84008069.0,US,USA,840,8069.0,Larimer,"Larimer, Colorado, US",0,0,0,0
2020-01-23,US,Colorado,40.66671597,-105.4625784,84008069.0,US,USA,840,8069.0,Larimer,"Larimer, Colorado, US",0,0,0,0
2020-01-24,US,Colorado,40.66671597,-105.4625784,84008069.0,US,USA,840,8069.0,Larimer,"Larimer, Colorado, US",0,0,0,0
2020-01-25,US,Colorado,40.66671597,-105.4625784,84008069.0,US,USA,840,8069.0,Larimer,"Larimer, Colorado, US",0,0,0,0
2020-01-26,US,Colorado,40.66671597,-105.4625784,84008069.0,US,USA,840,8069.0,Larimer,"Larimer, Colorado, US",0,0,0,0
2020-01-27,US,Colorado,40.66671597,-105.4625784,84008069.0,US,USA,840,8069.0,Larimer,"Larimer, Colorado, US",0,0,0,0
2020-01-28,US,Colorado,40.66671597,-105.4625784,84008069.0,US,USA,840,8069.0,Larimer,"Larimer, Colorado, US",0,0,0,0
2020-01-29,US,Colorado,40.66671597,-105.4625784,84008069.0,US,USA,840,8069.0,Larimer,"Larimer, Colorado, US",0,0,0,0
2020-01-30,US,Colorado,40.66671597,-105.4625784,84008069.0,US,USA,840,8069.0,Larimer,"Larimer, Colorado, US",0,0,0,0
2020-01-31,US,Colorado,40.66671597,-105.4625784,84008069.0,US,USA,840,8069.0,Larimer,"Larimer, Colorado, US",0,0,0,0
2020-02-01,US,Colorado,40.66671597,-105.4625784,84008069.0,US,USA,840,8069.0,Larimer,"Larimer, Colorado, US",0,0,0,0
2020-02-02,US,Colorado,40.66671597,-105.4625784,84008069.0,US,USA,840,8069.0,Larimer,"Larimer, Colorado, US",0,0,0,0
2020-02-03,US,Colorado,40.66671597,-105.4625784,84008069.0,US,USA,840,8069.0,Larimer,"Larimer, Colorado, US",0,0,0,0
2020-02-04,US,Colorado,40.66671597,-105.4625784,84008069.0,US,USA,840,8069.0,Larimer,"Larimer, Colorado, US",0,0,0,0
2020-02-05,US,Colorado,40.66671597,-105.4625784,84008069.0,US,USA,840,8069.0,Larimer,"Larimer, Colorado, US",0,0,0,0
2020-02-06,US,Colorado,40.66671597,-105.4625784,84008069.0,US,USA,840,8069.0,Larimer,"Larimer, Colorado, US",0,0,0,0
2020-02-07,US,Colorado,40.66671597,-105.4625784,84008069.0,US,USA,840,8069.0,Larimer,"Larimer, Colorado, US",0,0,0,0
2020-02-08,US,Colorado,40.66671597,-105.4625784,84008069.0,US,USA,840,8069.0,Larimer,"Larimer, Colorado, US",0,0,0,0
2020-02-09,US,Colorado,40.66671597,-105.4625784,84008069.0,US,USA,840,8069.0,Larimer,"Larimer, Colorado, US",0,0,0,0
2020-02-10,US,Colorado,40.66671597,-105.4625784,84008069.0,US,USA,840,8069.0,Larimer,"Larimer, Colorado, US",0,0,0,0
2020-02-11,US,Colorado,40.66671597,-105.4625784,84008069.0,US,USA,840,8069.0,Larimer,"Larimer, Colorado, US",0,0,0,0
2020-02-12,US,Colorado,40.66671597,-105.4625784,84008069.0,US,USA,840,8069.0,Larimer,"Larimer, Colorado, US",0,0,0,0
2020-02-13,US,Colorado,40.66671597,-105.4625784,84008069.0,US,USA,840,8069.0,Larimer,"Larimer, Colorado, US",0,0,0,0
2020-02-14,US,Colorado,40.66671597,-105.4625784,84008069.0,US,USA,840,8069.0,Larimer,"Larimer, Colorado, US",0,0,0,0
2020-02-15,US,Colorado,40.66671597,-105.4625784,84008069.0,US,USA,840,8069.0,Larimer,"Larimer, Colorado, US",0,0,0,0
2020-02-16,US,Colorado,40.66671597,-105.4625784,84008069.0,US,USA,840,8069.0,Larimer,"Larimer, Colorado, US",0,0,0,0
2020-02-17,US,Colorado,40.66671597,-105.4625784,84008069.0,US,USA,840,8069.0,Larimer,"Larimer, Colorado, US",0,0,0,0
2020-02-18,US,Colorado,40.66671597,-105.4625784,84008069.0,US,USA,840,8069.0,Larimer,"Larimer, Colorado, US",0,0,0,0
2020-02-19,US,Colorado,40.66671597,-105.4625784,84008069.0,US,USA,840,8069.0,Larimer,"Larimer, Colorado, US",0,0,0,0
2020-02-20,US,Colorado,40.66671597,-105.4625784,84008069.0,US,USA,840,8069.0,Larimer,"Larimer, Colorado, US",0,0,0,0
2020-02-21,US,Colorado,40.66671597,-105.4625784,84008069.0,US,USA,840,8069.0,Larimer,"Larimer, Colorado, US",0,0,0,0
2020-02-22,US,Colorado,40.66671597,-105.4625784,84008069.0,US,USA,840,8069.0,Larimer,"Larimer, Colorado, US",0,0,0,0
2020-02-23,US,Colorado,40.66671597,-105.4625784,84008069.0,US,USA,840,8069.0,Larimer,"Larimer, Colorado, US",0,0,0,0
2020-02-24,US,Colorado,40.66671597,-105.4625784,84008069.0,US,USA,840,8069.0,Larimer,"Larimer, Colorado, US",0,0,0,0
2020-02-25,US,Colorado,40.66671597,-105.4625784,84008069.0,US,USA,840,8069.0,Larimer,"Larimer, Colorado, US",0,0,0,0
2020-02-26,US,Colorado,40.66671597,-105.4625784,84008069.0,US,USA,840,8069.0,Larimer,"Larimer, Colorado, US",0,0,0,0
2020-02-27,US,Colorado,40.66671597,-105.4625784,84008069.0,US,USA,840,8069.0,Larimer,"Larimer, Colorado, US",0,0,0,0
2020-02-28,US,Colorado,40.66671597,-105.4625784,84008069.0,US,USA,840,8069.0,Larimer,"Larimer, Colorado, US",0,0,0,0
2020-02-29,US,Colorado,40.66671597,-105.4625784,84008069.0,US,USA,840,8069.0,Larimer,"Larimer, Colorado, US",0,0,0,0
2020-03-01,US,Colorado,40.66671597,-105.4625784,84008069.0,US,USA,840,8069.0,Larimer,"Larimer, Colorado, US",0,0,0,0
2020-03-02,US,Colorado,40.66671597,-105.4625784,84008069.0,US,USA,840,8069.0,Larimer,"Larimer, Colorado, US",0,0,0,0
2020-03-03,US,Colorado,40.66671597,-105.4625784,84008069.0,US,USA,840,8069.0,Larimer,"Larimer, Colorado, US",0,0,0,0
2020-03-04,US,Colorado,40.66671597,-105.4625784,84008069.0,US,USA,840,8069.0,Larimer,"Larimer, Colorado, US",0,0,0,0
2020-03-05,US,Colorado,40.66671597,-105.4625784,84008069.0,US,USA,840,8069.0,Larimer,"Larimer, Colorado, US",0,0,0,0
2020-03-06,US,Colorado,40.66671597,-105.4625784,84008069.0,US,USA,840,8069.0,Larimer,"Larimer, Colorado, US",0,0,0,0
2020-03-07,US,Colorado,40.66671597,-105.4625784,84008069.0,US,USA,840,8069.0,Larimer,"Larimer, Colorado, US",0,0,0,0
2020-03-08,US,Colorado,40.66671597,-105.4625784,84008069.0,US,USA,840,8069.0,Larimer,"Larimer, Colorado, US",0,0,0,0
2020-03-09,US,Colorado,40.66671597,-105.4625784,84008069.0,US,USA,840,8069.0,Larimer,"Larimer, Colorado, US",0,0,0,0
2020-03-10,US,Colorado,40.66671597,-105.4625784,84008069.0,US,USA,840,8069.0,Larimer,"Larimer, Colorado, US",1,1,0,0
2020-03-11,US,Colorado,40.66671597,-105.4625784,84008069.0,US,USA,840,8069.0,Larimer,"Larimer, Colorado, US",1,0,0,0
2020-03-12,US,Colorado,40.66671597,-105.4625784,84008069.0,US,USA,840,8069.0,Larimer,"Larimer, Colorado, US",1,0,0,0
2020-03-13,US,Colorado,40.66671597,-105.4625784,84008069.0,US,USA,840,8069.0,Larimer,"Larimer, Colorado, US",1,0,0,0
2020-03-14,US,Colorado,40.66671597,-105.4625784,84008069.0,US,USA,840,8069.0,Larimer,"Larimer, Colorado, US",1,0,0,0
2020-03-15,US,Colorado,40.66671597,-105.4625784,84008069.0,US,USA,840,8069.0,Larimer,"Larimer, Colorado, US",1,0,0,0
2020-03-16,US,Colorado,40.66671597,-105.4625784,84008069.0,US,USA,840,8069.0,Larimer,"Larimer, Colorado, US",1,0,0,0
2020-03-17,US,Colorado,40.66671597,-105.4625784,84008069.0,US,USA,840,8069.0,Larimer,"Larimer, Colorado, US",3,2,0,0
2020-03-18,US,Colorado,40.66671597,-105.4625784,84008069.0,US,USA,840,8069.0,Larimer,"Larimer, Colorado, US",4,1,0,0
2020-03-19,US,Colorado,40.66671597,-105.4625784,84008069.0,US,USA,840,8069.0,Larimer,"Larimer, Colorado, US",4,0,0,0
2020-03-20,US,Colorado,40.66671597,-105.4625784,84008069.0,US,USA,840,8069.0,Larimer,"Larimer, Colorado, US",7,3,0,0
2020-03-21,US,Colorado,40.66671597,-105.4625784,84008069.0,US,USA,840,8069.0,Larimer,"Larimer, Colorado, US",19,12,0,0
2020-03-22,US,Colorado,40.66671597,-105.4625784,84008069.0,US,USA,840,8069.0,Larimer,"Larimer, Colorado, US",32,13,0,0
2020-03-23,US,Colorado,40.66671597,-105.4625784,84008069.0,US,USA,840,8069.0,Larimer,"Larimer, Colorado, US",34,2,0,0
2020-03-24,US,Colorado,40.66671597,-105.4625784,84008069.0,US,USA,840,8069.0,Larimer,"Larimer, Colorado, US",34,0,0,0
2020-03-25,US,Colorado,40.66671597,-105.4625784,84008069.0,US,USA,840,8069.0,Larimer,"Larimer, Colorado, US",43,9,0,0
2020-03-26,US,Colorado,40.66671597,-105.4625784,84008069.0,US,USA,840,8069.0,Larimer,"Larimer, Colorado, US",61,18,1,1
2020-03-27,US,Colorado,40.66671597,-105.4625784,84008069.0,US,USA,840,8069.0,Larimer,"Larimer, Colorado, US",61,0,1,0
2020-03-28,US,Colorado,40.66671597,-105.4625784,84008069.0,US,USA,840,8069.0,Larimer,"Larimer, Colorado, US",67,6,1,0
2020-03-29,US,Colorado,40.66671597,-105.4625784,84008069.0,US,USA,840,8069.0,Larimer,"Larimer, Colorado, US",84,17,3,2
2020-03-30,US,Colorado,40.66671597,-105.4625784,84008069.0,US,USA,840,8069.0,Larimer,"Larimer, Colorado, US",84,0,3,0
2020-03-31,US,Colorado,40.66671597,-105.4625784,84008069.0,US,USA,840,8069.0,Larimer,"Larimer, Colorado, US",99,15,6,3
2020-04-01,US,Colorado,40.66671597,-105.4625784,84008069.0,US,USA,840,8069.0,Larimer,"Larimer, Colorado, US",99,0,6,0
2020-04-02,US,Colorado,40.66671597,-105.4625784,84008069.0,US,USA,840,8069.0,Larimer,"Larimer, Colorado, US",107,8,7,1
2020-04-03,US,Colorado,40.66671597,-105.4625784,84008069.0,US,USA,840,8069.0,Larimer,"Larimer, Colorado, US",124,17,7,0
2020-04-04,US,Colorado,40.66671597,-105.4625784,84008069.0,US,USA,840,8069.0,Larimer,"Larimer, Colorado, US",134,10,7,0
2020-04-05,US,Colorado,40.66671597,-105.4625784,84008069.0,US,USA,840,8069.0,Larimer,"Larimer, Colorado, US",153,19,8,1
2020-04-06,US,Colorado,40.66671597,-105.4625784,84008069.0,US,USA,840,8069.0,Larimer,"Larimer, Colorado, US",158,5,8,0
2020-04-07,US,Colorado,40.66671597,-105.4625784,84008069.0,US,USA,840,8069.0,Larimer,"Larimer, Colorado, US",161,3,8,0
2020-04-08,US,Colorado,40.66671597,-105.4625784,84008069.0,US,USA,840,8069.0,Larimer,"Larimer, Colorado, US",167,6,8,0
2020-04-09,US,Colorado,40.66671597,-105.4625784,84008069.0,US,USA,840,8069.0,Larimer,"Larimer, Colorado, US",167,0,8,0
2020-04-10,US,Colorado,40.66671597,-105.4625784,84008069.0,US,USA,840,8069.0,Larimer,"Larimer, Colorado, US",174,7,8,0
2020-04-11,US,Colorado,40.66671597,-105.4625784,84008069.0,US,USA,840,8069.0,Larimer,"Larimer, Colorado, US",177,3,9,1
2020-04-12,US,Colorado,40.66671597,-105.4625784,84008069.0,US,USA,840,8069.0,Larimer,"Larimer, Colorado, US",187,10,9,0
2020-04-13,US,Colorado,40.66671597,-105.4625784,84008069.0,US,USA,840,8069.0,Larimer,"Larimer, Colorado, US",193,6,9,0
2020-04-14,US,Colorado,40.66671597,-105.4625784,84008069.0,US,USA,840,8069.0,Larimer,"Larimer, Colorado, US",198,5,9,0
2020-04-15,US,Colorado,40.66671597,-105.4625784,84008069.0,US,USA,840,8069.0,Larimer,"Larimer, Colorado, US",198,0,9,0
2020-04-16,US,Colorado,40.66671597,-105.4625784,84008069.0,US,USA,840,8069.0,Larimer,"Larimer, Colorado, US",202,4,9,0
2020-04-17,US,Colorado,40.66671597,-105.4625784,84008069.0,US,USA,840,8069.0,Larimer,"Larimer, Colorado, US",217,15,9,0
2020-04-18,US,Colorado,40.66671597,-105.4625784,84008069.0,US,USA,840,8069.0,Larimer,"Larimer, Colorado, US",224,7,10,1
2020-04-19,US,Colorado,40.66671597,-105.4625784,84008069.0,US,USA,840,8069.0,Larimer,"Larimer, Colorado, US",239,15,12,2
2020-04-20,US,Colorado,40.66671597,-105.4625784,84008069.0,US,USA,840,8069.0,Larimer,"Larimer, Colorado, US",239,0,12,0
2020-04-21,US,Colorado,40.66671597,-105.4625784,84008069.0,US,USA,840,8069.0,Larimer,"Larimer, Colorado, US",250,11,13,1
2020-04-22,US,Colorado,40.66671597,-105.4625784,84008069.0,US,USA,840,8069.0,Larimer,"Larimer, Colorado, US",266,16,14,1
2020-04-23,US,Colorado,40.66671597,-105.4625784,84008069.0,US,USA,840,8069.0,Larimer,"Larimer, Colorado, US",274,8,15,1
2020-04-24,US,Colorado,40.66671597,-105.4625784,84008069.0,US,USA,840,8069.0,Larimer,"Larimer, Colorado, US",291,17,18,3
2020-04-25,US,Colorado,40.66671597,-105.4625784,84008069.0,US,USA,840,8069.0,Larimer,"Larimer, Colorado, US",303,12,18,0
2020-04-26,US,Colorado,40.66671597,-105.4625784,84008069.0,US,USA,840,8069.0,Larimer,"Larimer, Colorado, US",312,9,18,0
2020-04-27,US,Colorado,40.66671597,-105.4625784,84008069.0,US,USA,840,8069.0,Larimer,"Larimer, Colorado, US",321,9,19,1
2020-04-28,US,Colorado,40.66671597,-105.4625784,84008069.0,US,USA,840,8069.0,Larimer,"Larimer, Colorado, US",334,13,19,0
