date,country,state,lat,long,UID,iso2,iso3,code3,FIPS,region,Combined_Key,confirmed,confirmed_new,deaths,deaths_new
2020-01-22,US,Georgia,33.96044201,-84.02137802,84013135.0,US,USA,840,13135.0,Gwinnett,"Gwinnett, Georgia, US",0,0,0,0
2020-01-23,US,Georgia,33.96044201,-84.02137802,84013135.0,US,USA,840,13135.0,Gwinnett,"Gwinnett, Georgia, US",0,0,0,0
2020-01-24,US,Georgia,33.96044201,-84.02137802,84013135.0,US,USA,840,13135.0,Gwinnett,"Gwinnett, Georgia, US",0,0,0,0
2020-01-25,US,Georgia,33.96044201,-84.02137802,84013135.0,US,USA,840,13135.0,Gwinnett,"Gwinnett, Georgia, US",0,0,0,0
2020-01-26,US,Georgia,33.96044201,-84.02137802,84013135.0,US,USA,840,13135.0,Gwinnett,"Gwinnett, Georgia, US",0,0,0,0
2020-01-27,US,Georgia,33.96044201,-84.02137802,84013135.0,US,USA,840,13135.0,Gwinnett,"Gwinnett, Georgia, US",0,0,0,0
2020-01-28,US,Georgia,33.96044201,-84.02137802,84013135.0,US,USA,840,13135.0,Gwinnett,"Gwinnett, Georgia, US",0,0,0,0
2020-01-29,US,Georgia,33.96044201,-84.02137802,84013135.0,US,USA,840,13135.0,Gwinnett,"Gwinnett, Georgia, US",0,0,0,0
2020-01-30,US,Georgia,33.96044201,-84.02137802,84013135.0,US,USA,840,13135.0,Gwinnett,"Gwinnett, Georgia, US",0,0,0,0
2020-01-31,US,Georgia,33.96044201,-84.02137802,84013135.0,US,USA,840,13135.0,Gwinnett,"Gwinnett, Georgia, US",0,0,0,0
2020-02-01,US,Georgia,33.96044201,-84.02137802,84013135.0,US,USA,840,13135.0,Gwinnett,"Gwinnett, Georgia, US",0,0,0,0
2020-02-02,US,Georgia,33.96044201,-84.02137802,84013135.0,US,USA,840,13135.0,Gwinnett,"Gwinnett, Georgia, US",0,0,0,0
2020-02-03,US,Georgia,33.96044201,-84.02137802,84013135.0,US,USA,840,13135.0,Gwinnett,"Gwinnett, Georgia, US",0,0,0,0
2020-02-04,US,Georgia,33.96044201,-84.02137802,84013135.0,US,USA,840,13135.0,Gwinnett,"Gwinnett, Georgia, US",0,0,0,0
2020-02-05,US,Georgia,33.96044201,-84.02137802,84013135.0,US,USA,840,13135.0,Gwinnett,"Gwinnett, Georgia, US",0,0,0,0
2020-02-06,US,Georgia,33.96044201,-84.02137802,84013135.0,US,USA,840,13135.0,Gwinnett,"Gwinnett, Georgia, US",0,0,0,0
2020-02-07,US,Georgia,33.96044201,-84.02137802,84013135.0,US,USA,840,13135.0,Gwinnett,"Gwinnett, Georgia, US",0,0,0,0
2020-02-08,US,Georgia,33.96044201,-84.02137802,84013135.0,US,USA,840,13135.0,Gwinnett,"Gwinnett, Georgia, US",0,0,0,0
2020-02-09,US,Georgia,33.96044201,-84.02137802,84013135.0,US,USA,840,13135.0,Gwinnett,"Gwinnett, Georgia, US",0,0,0,0
2020-02-10,US,Georgia,33.96044201,-84.02137802,84013135.0,US,USA,840,13135.0,Gwinnett,"Gwinnett, Georgia, US",0,0,0,0
2020-02-11,US,Georgia,33.96044201,-84.02137802,84013135.0,US,USA,840,13135.0,Gwinnett,"Gwinnett, Georgia, US",0,0,0,0
2020-02-12,US,Georgia,33.96044201,-84.02137802,84013135.0,US,USA,840,13135.0,Gwinnett,"Gwinnett, Georgia, US",0,0,0,0
2020-02-13,US,Georgia,33.96044201,-84.02137802,84013135.0,US,USA,840,13135.0,Gwinnett,"Gwinnett, Georgia, US",0,0,0,0
2020-02-14,US,Georgia,33.96044201,-84.02137802,84013135.0,US,USA,840,13135.0,Gwinnett,"Gwinnett, Georgia, US",0,0,0,0
2020-02-15,US,Georgia,33.96044201,-84.02137802,84013135.0,US,USA,840,13135.0,Gwinnett,"Gwinnett, Georgia, US",0,0,0,0
2020-02-16,US,Georgia,33.96044201,-84.02137802,84013135.0,US,USA,840,13135.0,Gwinnett,"Gwinnett, Georgia, US",0,0,0,0
2020-02-17,US,Georgia,33.96044201,-84.02137802,84013135.0,US,USA,840,13135.0,Gwinnett,"Gwinnett, Georgia, US",0,0,0,0
2020-02-18,US,Georgia,33.96044201,-84.02137802,84013135.0,US,USA,840,13135.0,Gwinnett,"Gwinnett, Georgia, US",0,0,0,0
2020-02-19,US,Georgia,33.96044201,-84.02137802,84013135.0,US,USA,840,13135.0,Gwinnett,"Gwinnett, Georgia, US",0,0,0,0
2020-02-20,US,Georgia,33.96044201,-84.02137802,84013135.0,US,USA,840,13135.0,Gwinnett,"Gwinnett, Georgia, US",0,0,0,0
2020-02-21,US,Georgia,33.96044201,-84.02137802,84013135.0,US,USA,840,13135.0,Gwinnett,"Gwinnett, Georgia, US",0,0,0,0
2020-02-22,US,Georgia,33.96044201,-84.02137802,84013135.0,US,USA,840,13135.0,Gwinnett,"Gwinnett, Georgia, US",0,0,0,0
2020-02-23,US,Georgia,33.96044201,-84.02137802,84013135.0,US,USA,840,13135.0,Gwinnett,"Gwinnett, Georgia, US",0,0,0,0
2020-02-24,US,Georgia,33.96044201,-84.02137802,84013135.0,US,USA,840,13135.0,Gwinnett,"Gwinnett, Georgia, US",0,0,0,0
2020-02-25,US,Georgia,33.96044201,-84.02137802,84013135.0,US,USA,840,13135.0,Gwinnett,"Gwinnett, Georgia, US",0,0,0,0
2020-02-26,US,Georgia,33.96044201,-84.02137802,84013135.0,US,USA,840,13135.0,Gwinnett,"Gwinnett, Georgia, US",0,0,0,0
2020-02-27,US,Georgia,33.96044201,-84.02137802,84013135.0,US,USA,840,13135.0,Gwinnett,"Gwinnett, Georgia, US",0,0,0,0
2020-02-28,US,Georgia,33.96044201,-84.02137802,84013135.0,US,USA,840,13135.0,Gwinnett,"Gwinnett, Georgia, US",0,0,0,0
2020-02-29,US,Georgia,33.96044201,-84.02137802,84013135.0,US,USA,840,13135.0,Gwinnett,"Gwinnett, Georgia, US",0,0,0,0
2020-03-01,US,Georgia,33.96044201,-84.02137802,84013135.0,US,USA,840,13135.0,Gwinnett,"Gwinnett, Georgia, US",0,0,0,0
2020-03-02,US,Georgia,33.96044201,-84.02137802,84013135.0,US,USA,840,13135.0,Gwinnett,"Gwinnett, Georgia, US",0,0,0,0
2020-03-03,US,Georgia,33.96044201,-84.02137802,84013135.0,US,USA,840,13135.0,Gwinnett,"Gwinnett, Georgia, US",0,0,0,0
2020-03-04,US,Georgia,33.96044201,-84.02137802,84013135.0,US,USA,840,13135.0,Gwinnett,"Gwinnett, Georgia, US",0,0,0,0
2020-03-05,US,Georgia,33.96044201,-84.02137802,84013135.0,US,USA,840,13135.0,Gwinnett,"Gwinnett, Georgia, US",0,0,0,0
2020-03-06,US,Georgia,33.96044201,-84.02137802,84013135.0,US,USA,840,13135.0,Gwinnett,"Gwinnett, Georgia, US",0,0,0,0
2020-03-07,US,Georgia,33.96044201,-84.02137802,84013135.0,US,USA,840,13135.0,Gwinnett,"Gwinnett, Georgia, US",0,0,0,0
2020-03-08,US,Georgia,33.96044201,-84.02137802,84013135.0,US,USA,840,13135.0,Gwinnett,"Gwinnett, Georgia, US",0,0,0,0
2020-03-09,US,Georgia,33.96044201,-84.02137802,84013135.0,US,USA,840,13135.0,Gwinnett,"Gwinnett, Georgia, US",0,0,0,0
2020-03-10,US,Georgia,33.96044201,-84.02137802,84013135.0,US,USA,840,13135.0,Gwinnett,"Gwinnett, Georgia, US",2,2,0,0
2020-03-11,US,Georgia,33.96044201,-84.02137802,84013135.0,US,USA,840,13135.0,Gwinnett,"Gwinnett, Georgia, US",2,0,0,0
2020-03-12,US,Georgia,33.96044201,-84.02137802,84013135.0,US,USA,840,13135.0,Gwinnett,"Gwinnett, Georgia, US",2,0,0,0
2020-03-13,US,Georgia,33.96044201,-84.02137802,84013135.0,US,USA,840,13135.0,Gwinnett,"Gwinnett, Georgia, US",2,0,0,0
2020-03-14,US,Georgia,33.96044201,-84.02137802,84013135.0,US,USA,840,13135.0,Gwinnett,"Gwinnett, Georgia, US",2,0,0,0
2020-03-15,US,Georgia,33.96044201,-84.02137802,84013135.0,US,USA,840,13135.0,Gwinnett,"Gwinnett, Georgia, US",4,2,0,0
2020-03-16,US,Georgia,33.96044201,-84.02137802,84013135.0,US,USA,840,13135.0,Gwinnett,"Gwinnett, Georgia, US",5,1,0,0
2020-03-17,US,Georgia,33.96044201,-84.02137802,84013135.0,US,USA,840,13135.0,Gwinnett,"Gwinnett, Georgia, US",7,2,0,0
2020-03-18,US,Georgia,33.96044201,-84.02137802,84013135.0,US,USA,840,13135.0,Gwinnett,"Gwinnett, Georgia, US",7,0,0,0
2020-03-19,US,Georgia,33.96044201,-84.02137802,84013135.0,US,USA,840,13135.0,Gwinnett,"Gwinnett, Georgia, US",12,5,0,0
2020-03-20,US,Georgia,33.96044201,-84.02137802,84013135.0,US,USA,840,13135.0,Gwinnett,"Gwinnett, Georgia, US",23,11,0,0
2020-03-21,US,Georgia,33.96044201,-84.02137802,84013135.0,US,USA,840,13135.0,Gwinnett,"Gwinnett, Georgia, US",23,0,1,1
2020-03-22,US,Georgia,33.96044201,-84.02137802,84013135.0,US,USA,840,13135.0,Gwinnett,"Gwinnett, Georgia, US",27,4,1,0
2020-03-23,US,Georgia,33.96044201,-84.02137802,84013135.0,US,USA,840,13135.0,Gwinnett,"Gwinnett, Georgia, US",34,7,1,0
2020-03-24,US,Georgia,33.96044201,-84.02137802,84013135.0,US,USA,840,13135.0,Gwinnett,"Gwinnett, Georgia, US",45,11,1,0
2020-03-25,US,Georgia,33.96044201,-84.02137802,84013135.0,US,USA,840,13135.0,Gwinnett,"Gwinnett, Georgia, US",48,3,1,0
2020-03-26,US,Georgia,33.96044201,-84.02137802,84013135.0,US,USA,840,13135.0,Gwinnett,"Gwinnett, Georgia, US",75,27,1,0
2020-03-27,US,Georgia,33.96044201,-84.02137802,84013135.0,US,USA,840,13135.0,Gwinnett,"Gwinnett, Georgia, US",102,27,1,0
2020-03-28,US,Georgia,33.96044201,-84.02137802,84013135.0,US,USA,840,13135.0,Gwinnett,"Gwinnett, Georgia, US",129,27,1,0
2020-03-29,US,Georgia,33.96044201,-84.02137802,84013135.0,US,USA,840,13135.0,Gwinnett,"Gwinnett, Georgia, US",143,14,1,0
2020-03-30,US,Georgia,33.96044201,-84.02137802,84013135.0,US,USA,840,13135.0,Gwinnett,"Gwinnett, Georgia, US",158,15,1,0
2020-03-31,US,Georgia,33.96044201,-84.02137802,84013135.0,US,USA,840,13135.0,Gwinnett,"Gwinnett, Georgia, US",238,80,2,1
2020-04-01,US,Georgia,33.96044201,-84.02137802,84013135.0,US,USA,840,13135.0,Gwinnett,"Gwinnett, Georgia, US",250,12,4,2
2020-04-02,US,Georgia,33.96044201,-84.02137802,84013135.0,US,USA,840,13135.0,Gwinnett,"Gwinnett, Georgia, US",282,32,6,2
2020-04-03,US,Georgia,33.96044201,-84.02137802,84013135.0,US,USA,840,13135.0,Gwinnett,"Gwinnett, Georgia, US",329,47,8,2
2020-04-04,US,Georgia,33.96044201,-84.02137802,84013135.0,US,USA,840,13135.0,Gwinnett,"Gwinnett, Georgia, US",364,35,8,0
2020-04-05,US,Georgia,33.96044201,-84.02137802,84013135.0,US,USA,840,13135.0,Gwinnett,"Gwinnett, Georgia, US",408,44,8,0
2020-04-06,US,Georgia,33.96044201,-84.02137802,84013135.0,US,USA,840,13135.0,Gwinnett,"Gwinnett, Georgia, US",443,35,10,2
2020-04-07,US,Georgia,33.96044201,-84.02137802,84013135.0,US,USA,840,13135.0,Gwinnett,"Gwinnett, Georgia, US",525,82,10,0
2020-04-08,US,Georgia,33.96044201,-84.02137802,84013135.0,US,USA,840,13135.0,Gwinnett,"Gwinnett, Georgia, US",565,40,15,5
2020-04-09,US,Georgia,33.96044201,-84.02137802,84013135.0,US,USA,840,13135.0,Gwinnett,"Gwinnett, Georgia, US",603,38,17,2
2020-04-10,US,Georgia,33.96044201,-84.02137802,84013135.0,US,USA,840,13135.0,Gwinnett,"Gwinnett, Georgia, US",646,43,17,0
2020-04-11,US,Georgia,33.96044201,-84.02137802,84013135.0,US,USA,840,13135.0,Gwinnett,"Gwinnett, Georgia, US",675,29,18,1
2020-04-12,US,Georgia,33.96044201,-84.02137802,84013135.0,US,USA,840,13135.0,Gwinnett,"Gwinnett, Georgia, US",690,15,18,0
2020-04-13,US,Georgia,33.96044201,-84.02137802,84013135.0,US,USA,840,13135.0,Gwinnett,"Gwinnett, Georgia, US",739,49,22,4
2020-04-14,US,Georgia,33.96044201,-84.02137802,84013135.0,US,USA,840,13135.0,Gwinnett,"Gwinnett, Georgia, US",815,76,29,7
2020-04-15,US,Georgia,33.96044201,-84.02137802,84013135.0,US,USA,840,13135.0,Gwinnett,"Gwinnett, Georgia, US",852,37,29,0
2020-04-16,US,Georgia,33.96044201,-84.02137802,84013135.0,US,USA,840,13135.0,Gwinnett,"Gwinnett, Georgia, US",896,44,32,3
2020-04-17,US,Georgia,33.96044201,-84.02137802,84013135.0,US,USA,840,13135.0,Gwinnett,"Gwinnett, Georgia, US",1017,121,36,4
2020-04-18,US,Georgia,33.96044201,-84.02137802,84013135.0,US,USA,840,13135.0,Gwinnett,"Gwinnett, Georgia, US",1050,33,36,0
2020-04-19,US,Georgia,33.96044201,-84.02137802,84013135.0,US,USA,840,13135.0,Gwinnett,"Gwinnett, Georgia, US",1099,49,38,2
2020-04-20,US,Georgia,33.96044201,-84.02137802,84013135.0,US,USA,840,13135.0,Gwinnett,"Gwinnett, Georgia, US",1181,82,42,4
2020-04-21,US,Georgia,33.96044201,-84.02137802,84013135.0,US,USA,840,13135.0,Gwinnett,"Gwinnett, Georgia, US",1222,41,42,0
2020-04-22,US,Georgia,33.96044201,-84.02137802,84013135.0,US,USA,840,13135.0,Gwinnett,"Gwinnett, Georgia, US",1273,51,46,4
2020-04-23,US,Georgia,33.96044201,-84.02137802,84013135.0,US,USA,840,13135.0,Gwinnett,"Gwinnett, Georgia, US",1351,78,46,0
2020-04-24,US,Georgia,33.96044201,-84.02137802,84013135.0,US,USA,840,13135.0,Gwinnett,"Gwinnett, Georgia, US",1382,31,46,0
2020-04-25,US,Georgia,33.96044201,-84.02137802,84013135.0,US,USA,840,13135.0,Gwinnett,"Gwinnett, Georgia, US",1460,78,46,0
2020-04-26,US,Georgia,33.96044201,-84.02137802,84013135.0,US,USA,840,13135.0,Gwinnett,"Gwinnett, Georgia, US",1504,44,47,1
2020-04-27,US,Georgia,33.96044201,-84.02137802,84013135.0,US,USA,840,13135.0,Gwinnett,"Gwinnett, Georgia, US",1545,41,52,5
2020-04-28,US,Georgia,33.96044201,-84.02137802,84013135.0,US,USA,840,13135.0,Gwinnett,"Gwinnett, Georgia, US",1603,58,54,2
2020-04-29,US,Georgia,33.96044201,-84.02137802,84013135.0,US,USA,840,13135.0,Gwinnett,"Gwinnett, Georgia, US",1720,117,55,1
