date,country,state,lat,long,UID,iso2,iso3,code3,FIPS,region,Combined_Key,confirmed,confirmed_new,deaths,deaths_new
2020-01-22,us,pennsylvania,40.00338507,-75.1379271,84042101.0,US,USA,840,42101.0,philadelphia,"Philadelphia, Pennsylvania, US",0,0,0,0
2020-01-23,us,pennsylvania,40.00338507,-75.1379271,84042101.0,US,USA,840,42101.0,philadelphia,"Philadelphia, Pennsylvania, US",0,0,0,0
2020-01-24,us,pennsylvania,40.00338507,-75.1379271,84042101.0,US,USA,840,42101.0,philadelphia,"Philadelphia, Pennsylvania, US",0,0,0,0
2020-01-25,us,pennsylvania,40.00338507,-75.1379271,84042101.0,US,USA,840,42101.0,philadelphia,"Philadelphia, Pennsylvania, US",0,0,0,0
2020-01-26,us,pennsylvania,40.00338507,-75.1379271,84042101.0,US,USA,840,42101.0,philadelphia,"Philadelphia, Pennsylvania, US",0,0,0,0
2020-01-27,us,pennsylvania,40.00338507,-75.1379271,84042101.0,US,USA,840,42101.0,philadelphia,"Philadelphia, Pennsylvania, US",0,0,0,0
2020-01-28,us,pennsylvania,40.00338507,-75.1379271,84042101.0,US,USA,840,42101.0,philadelphia,"Philadelphia, Pennsylvania, US",0,0,0,0
2020-01-29,us,pennsylvania,40.00338507,-75.1379271,84042101.0,US,USA,840,42101.0,philadelphia,"Philadelphia, Pennsylvania, US",0,0,0,0
2020-01-30,us,pennsylvania,40.00338507,-75.1379271,84042101.0,US,USA,840,42101.0,philadelphia,"Philadelphia, Pennsylvania, US",0,0,0,0
2020-01-31,us,pennsylvania,40.00338507,-75.1379271,84042101.0,US,USA,840,42101.0,philadelphia,"Philadelphia, Pennsylvania, US",0,0,0,0
2020-02-01,us,pennsylvania,40.00338507,-75.1379271,84042101.0,US,USA,840,42101.0,philadelphia,"Philadelphia, Pennsylvania, US",0,0,0,0
2020-02-02,us,pennsylvania,40.00338507,-75.1379271,84042101.0,US,USA,840,42101.0,philadelphia,"Philadelphia, Pennsylvania, US",0,0,0,0
2020-02-03,us,pennsylvania,40.00338507,-75.1379271,84042101.0,US,USA,840,42101.0,philadelphia,"Philadelphia, Pennsylvania, US",0,0,0,0
2020-02-04,us,pennsylvania,40.00338507,-75.1379271,84042101.0,US,USA,840,42101.0,philadelphia,"Philadelphia, Pennsylvania, US",0,0,0,0
2020-02-05,us,pennsylvania,40.00338507,-75.1379271,84042101.0,US,USA,840,42101.0,philadelphia,"Philadelphia, Pennsylvania, US",0,0,0,0
2020-02-06,us,pennsylvania,40.00338507,-75.1379271,84042101.0,US,USA,840,42101.0,philadelphia,"Philadelphia, Pennsylvania, US",0,0,0,0
2020-02-07,us,pennsylvania,40.00338507,-75.1379271,84042101.0,US,USA,840,42101.0,philadelphia,"Philadelphia, Pennsylvania, US",0,0,0,0
2020-02-08,us,pennsylvania,40.00338507,-75.1379271,84042101.0,US,USA,840,42101.0,philadelphia,"Philadelphia, Pennsylvania, US",0,0,0,0
2020-02-09,us,pennsylvania,40.00338507,-75.1379271,84042101.0,US,USA,840,42101.0,philadelphia,"Philadelphia, Pennsylvania, US",0,0,0,0
2020-02-10,us,pennsylvania,40.00338507,-75.1379271,84042101.0,US,USA,840,42101.0,philadelphia,"Philadelphia, Pennsylvania, US",0,0,0,0
2020-02-11,us,pennsylvania,40.00338507,-75.1379271,84042101.0,US,USA,840,42101.0,philadelphia,"Philadelphia, Pennsylvania, US",0,0,0,0
2020-02-12,us,pennsylvania,40.00338507,-75.1379271,84042101.0,US,USA,840,42101.0,philadelphia,"Philadelphia, Pennsylvania, US",0,0,0,0
2020-02-13,us,pennsylvania,40.00338507,-75.1379271,84042101.0,US,USA,840,42101.0,philadelphia,"Philadelphia, Pennsylvania, US",0,0,0,0
2020-02-14,us,pennsylvania,40.00338507,-75.1379271,84042101.0,US,USA,840,42101.0,philadelphia,"Philadelphia, Pennsylvania, US",0,0,0,0
2020-02-15,us,pennsylvania,40.00338507,-75.1379271,84042101.0,US,USA,840,42101.0,philadelphia,"Philadelphia, Pennsylvania, US",0,0,0,0
2020-02-16,us,pennsylvania,40.00338507,-75.1379271,84042101.0,US,USA,840,42101.0,philadelphia,"Philadelphia, Pennsylvania, US",0,0,0,0
2020-02-17,us,pennsylvania,40.00338507,-75.1379271,84042101.0,US,USA,840,42101.0,philadelphia,"Philadelphia, Pennsylvania, US",0,0,0,0
2020-02-18,us,pennsylvania,40.00338507,-75.1379271,84042101.0,US,USA,840,42101.0,philadelphia,"Philadelphia, Pennsylvania, US",0,0,0,0
2020-02-19,us,pennsylvania,40.00338507,-75.1379271,84042101.0,US,USA,840,42101.0,philadelphia,"Philadelphia, Pennsylvania, US",0,0,0,0
2020-02-20,us,pennsylvania,40.00338507,-75.1379271,84042101.0,US,USA,840,42101.0,philadelphia,"Philadelphia, Pennsylvania, US",0,0,0,0
2020-02-21,us,pennsylvania,40.00338507,-75.1379271,84042101.0,US,USA,840,42101.0,philadelphia,"Philadelphia, Pennsylvania, US",0,0,0,0
2020-02-22,us,pennsylvania,40.00338507,-75.1379271,84042101.0,US,USA,840,42101.0,philadelphia,"Philadelphia, Pennsylvania, US",0,0,0,0
2020-02-23,us,pennsylvania,40.00338507,-75.1379271,84042101.0,US,USA,840,42101.0,philadelphia,"Philadelphia, Pennsylvania, US",0,0,0,0
2020-02-24,us,pennsylvania,40.00338507,-75.1379271,84042101.0,US,USA,840,42101.0,philadelphia,"Philadelphia, Pennsylvania, US",0,0,0,0
2020-02-25,us,pennsylvania,40.00338507,-75.1379271,84042101.0,US,USA,840,42101.0,philadelphia,"Philadelphia, Pennsylvania, US",0,0,0,0
2020-02-26,us,pennsylvania,40.00338507,-75.1379271,84042101.0,US,USA,840,42101.0,philadelphia,"Philadelphia, Pennsylvania, US",0,0,0,0
2020-02-27,us,pennsylvania,40.00338507,-75.1379271,84042101.0,US,USA,840,42101.0,philadelphia,"Philadelphia, Pennsylvania, US",0,0,0,0
2020-02-28,us,pennsylvania,40.00338507,-75.1379271,84042101.0,US,USA,840,42101.0,philadelphia,"Philadelphia, Pennsylvania, US",0,0,0,0
2020-02-29,us,pennsylvania,40.00338507,-75.1379271,84042101.0,US,USA,840,42101.0,philadelphia,"Philadelphia, Pennsylvania, US",0,0,0,0
2020-03-01,us,pennsylvania,40.00338507,-75.1379271,84042101.0,US,USA,840,42101.0,philadelphia,"Philadelphia, Pennsylvania, US",0,0,0,0
2020-03-02,us,pennsylvania,40.00338507,-75.1379271,84042101.0,US,USA,840,42101.0,philadelphia,"Philadelphia, Pennsylvania, US",0,0,0,0
2020-03-03,us,pennsylvania,40.00338507,-75.1379271,84042101.0,US,USA,840,42101.0,philadelphia,"Philadelphia, Pennsylvania, US",0,0,0,0
2020-03-04,us,pennsylvania,40.00338507,-75.1379271,84042101.0,US,USA,840,42101.0,philadelphia,"Philadelphia, Pennsylvania, US",0,0,0,0
2020-03-05,us,pennsylvania,40.00338507,-75.1379271,84042101.0,US,USA,840,42101.0,philadelphia,"Philadelphia, Pennsylvania, US",0,0,0,0
2020-03-06,us,pennsylvania,40.00338507,-75.1379271,84042101.0,US,USA,840,42101.0,philadelphia,"Philadelphia, Pennsylvania, US",0,0,0,0
2020-03-07,us,pennsylvania,40.00338507,-75.1379271,84042101.0,US,USA,840,42101.0,philadelphia,"Philadelphia, Pennsylvania, US",0,0,0,0
2020-03-08,us,pennsylvania,40.00338507,-75.1379271,84042101.0,US,USA,840,42101.0,philadelphia,"Philadelphia, Pennsylvania, US",0,0,0,0
2020-03-09,us,pennsylvania,40.00338507,-75.1379271,84042101.0,US,USA,840,42101.0,philadelphia,"Philadelphia, Pennsylvania, US",0,0,0,0
2020-03-10,us,pennsylvania,40.00338507,-75.1379271,84042101.0,US,USA,840,42101.0,philadelphia,"Philadelphia, Pennsylvania, US",1,1,0,0
2020-03-11,us,pennsylvania,40.00338507,-75.1379271,84042101.0,US,USA,840,42101.0,philadelphia,"Philadelphia, Pennsylvania, US",1,0,0,0
2020-03-12,us,pennsylvania,40.00338507,-75.1379271,84042101.0,US,USA,840,42101.0,philadelphia,"Philadelphia, Pennsylvania, US",1,0,0,0
2020-03-13,us,pennsylvania,40.00338507,-75.1379271,84042101.0,US,USA,840,42101.0,philadelphia,"Philadelphia, Pennsylvania, US",3,2,0,0
2020-03-14,us,pennsylvania,40.00338507,-75.1379271,84042101.0,US,USA,840,42101.0,philadelphia,"Philadelphia, Pennsylvania, US",4,1,0,0
2020-03-15,us,pennsylvania,40.00338507,-75.1379271,84042101.0,US,USA,840,42101.0,philadelphia,"Philadelphia, Pennsylvania, US",4,0,0,0
2020-03-16,us,pennsylvania,40.00338507,-75.1379271,84042101.0,US,USA,840,42101.0,philadelphia,"Philadelphia, Pennsylvania, US",10,6,0,0
2020-03-17,us,pennsylvania,40.00338507,-75.1379271,84042101.0,US,USA,840,42101.0,philadelphia,"Philadelphia, Pennsylvania, US",19,9,0,0
2020-03-18,us,pennsylvania,40.00338507,-75.1379271,84042101.0,US,USA,840,42101.0,philadelphia,"Philadelphia, Pennsylvania, US",34,15,0,0
2020-03-19,us,pennsylvania,40.00338507,-75.1379271,84042101.0,US,USA,840,42101.0,philadelphia,"Philadelphia, Pennsylvania, US",44,10,0,0
2020-03-20,us,pennsylvania,40.00338507,-75.1379271,84042101.0,US,USA,840,42101.0,philadelphia,"Philadelphia, Pennsylvania, US",67,23,0,0
2020-03-21,us,pennsylvania,40.00338507,-75.1379271,84042101.0,US,USA,840,42101.0,philadelphia,"Philadelphia, Pennsylvania, US",85,18,0,0
2020-03-22,us,pennsylvania,40.00338507,-75.1379271,84042101.0,US,USA,840,42101.0,philadelphia,"Philadelphia, Pennsylvania, US",96,11,0,0
2020-03-23,us,pennsylvania,40.00338507,-75.1379271,84042101.0,US,USA,840,42101.0,philadelphia,"Philadelphia, Pennsylvania, US",175,79,0,0
2020-03-24,us,pennsylvania,40.00338507,-75.1379271,84042101.0,US,USA,840,42101.0,philadelphia,"Philadelphia, Pennsylvania, US",252,77,0,0
2020-03-25,us,pennsylvania,40.00338507,-75.1379271,84042101.0,US,USA,840,42101.0,philadelphia,"Philadelphia, Pennsylvania, US",342,90,1,1
2020-03-26,us,pennsylvania,40.00338507,-75.1379271,84042101.0,US,USA,840,42101.0,philadelphia,"Philadelphia, Pennsylvania, US",475,133,1,0
2020-03-27,us,pennsylvania,40.00338507,-75.1379271,84042101.0,US,USA,840,42101.0,philadelphia,"Philadelphia, Pennsylvania, US",637,162,2,1
2020-03-28,us,pennsylvania,40.00338507,-75.1379271,84042101.0,US,USA,840,42101.0,philadelphia,"Philadelphia, Pennsylvania, US",803,166,5,3
2020-03-29,us,pennsylvania,40.00338507,-75.1379271,84042101.0,US,USA,840,42101.0,philadelphia,"Philadelphia, Pennsylvania, US",890,87,8,3
2020-03-30,us,pennsylvania,40.00338507,-75.1379271,84042101.0,US,USA,840,42101.0,philadelphia,"Philadelphia, Pennsylvania, US",1072,182,8,0
2020-03-31,us,pennsylvania,40.00338507,-75.1379271,84042101.0,US,USA,840,42101.0,philadelphia,"Philadelphia, Pennsylvania, US",1315,243,10,2
2020-04-01,us,pennsylvania,40.00338507,-75.1379271,84042101.0,US,USA,840,42101.0,philadelphia,"Philadelphia, Pennsylvania, US",1675,360,10,0
2020-04-02,us,pennsylvania,40.00338507,-75.1379271,84042101.0,US,USA,840,42101.0,philadelphia,"Philadelphia, Pennsylvania, US",2100,425,13,3
2020-04-03,us,pennsylvania,40.00338507,-75.1379271,84042101.0,US,USA,840,42101.0,philadelphia,"Philadelphia, Pennsylvania, US",2430,330,14,1
2020-04-04,us,pennsylvania,40.00338507,-75.1379271,84042101.0,US,USA,840,42101.0,philadelphia,"Philadelphia, Pennsylvania, US",3008,578,24,10
2020-04-05,us,pennsylvania,40.00338507,-75.1379271,84042101.0,US,USA,840,42101.0,philadelphia,"Philadelphia, Pennsylvania, US",3189,181,28,4
2020-04-06,us,pennsylvania,40.00338507,-75.1379271,84042101.0,US,USA,840,42101.0,philadelphia,"Philadelphia, Pennsylvania, US",3728,539,45,17
2020-04-07,us,pennsylvania,40.00338507,-75.1379271,84042101.0,US,USA,840,42101.0,philadelphia,"Philadelphia, Pennsylvania, US",4272,544,65,20
2020-04-08,us,pennsylvania,40.00338507,-75.1379271,84042101.0,US,USA,840,42101.0,philadelphia,"Philadelphia, Pennsylvania, US",4777,505,87,22
2020-04-09,us,pennsylvania,40.00338507,-75.1379271,84042101.0,US,USA,840,42101.0,philadelphia,"Philadelphia, Pennsylvania, US",5029,252,87,0
2020-04-10,us,pennsylvania,40.00338507,-75.1379271,84042101.0,US,USA,840,42101.0,philadelphia,"Philadelphia, Pennsylvania, US",5521,492,110,23
2020-04-11,us,pennsylvania,40.00338507,-75.1379271,84042101.0,US,USA,840,42101.0,philadelphia,"Philadelphia, Pennsylvania, US",6022,501,137,27
2020-04-12,us,pennsylvania,40.00338507,-75.1379271,84042101.0,US,USA,840,42101.0,philadelphia,"Philadelphia, Pennsylvania, US",6386,364,176,39
2020-04-13,us,pennsylvania,40.00338507,-75.1379271,84042101.0,US,USA,840,42101.0,philadelphia,"Philadelphia, Pennsylvania, US",6813,427,190,14
2020-04-14,us,pennsylvania,40.00338507,-75.1379271,84042101.0,US,USA,840,42101.0,philadelphia,"Philadelphia, Pennsylvania, US",7130,317,206,16
2020-04-15,us,pennsylvania,40.00338507,-75.1379271,84042101.0,US,USA,840,42101.0,philadelphia,"Philadelphia, Pennsylvania, US",7441,311,222,16
2020-04-16,us,pennsylvania,40.00338507,-75.1379271,84042101.0,US,USA,840,42101.0,philadelphia,"Philadelphia, Pennsylvania, US",8045,604,264,42
2020-04-17,us,pennsylvania,40.00338507,-75.1379271,84042101.0,US,USA,840,42101.0,philadelphia,"Philadelphia, Pennsylvania, US",8563,518,298,34
2020-04-18,us,pennsylvania,40.00338507,-75.1379271,84042101.0,US,USA,840,42101.0,philadelphia,"Philadelphia, Pennsylvania, US",9014,451,342,44
2020-04-19,us,pennsylvania,40.00338507,-75.1379271,84042101.0,US,USA,840,42101.0,philadelphia,"Philadelphia, Pennsylvania, US",9214,200,365,23
2020-04-20,us,pennsylvania,40.00338507,-75.1379271,84042101.0,US,USA,840,42101.0,philadelphia,"Philadelphia, Pennsylvania, US",9553,339,370,5
2020-04-21,us,pennsylvania,40.00338507,-75.1379271,84042101.0,US,USA,840,42101.0,philadelphia,"Philadelphia, Pennsylvania, US",10028,475,394,24
2020-04-22,us,pennsylvania,40.00338507,-75.1379271,84042101.0,US,USA,840,42101.0,philadelphia,"Philadelphia, Pennsylvania, US",10028,0,394,0
2020-04-23,us,pennsylvania,40.00338507,-75.1379271,84042101.0,US,USA,840,42101.0,philadelphia,"Philadelphia, Pennsylvania, US",11226,1198,443,49
2020-04-24,us,pennsylvania,40.00338507,-75.1379271,84042101.0,US,USA,840,42101.0,philadelphia,"Philadelphia, Pennsylvania, US",11877,651,449,6
2020-04-25,us,pennsylvania,40.00338507,-75.1379271,84042101.0,US,USA,840,42101.0,philadelphia,"Philadelphia, Pennsylvania, US",11877,0,449,0
2020-04-26,us,pennsylvania,40.00338507,-75.1379271,84042101.0,US,USA,840,42101.0,philadelphia,"Philadelphia, Pennsylvania, US",12566,689,472,23
2020-04-27,us,pennsylvania,40.00338507,-75.1379271,84042101.0,US,USA,840,42101.0,philadelphia,"Philadelphia, Pennsylvania, US",12868,302,484,12
2020-04-28,us,pennsylvania,40.00338507,-75.1379271,84042101.0,US,USA,840,42101.0,philadelphia,"Philadelphia, Pennsylvania, US",13445,577,516,32
2020-04-29,us,pennsylvania,40.00338507,-75.1379271,84042101.0,US,USA,840,42101.0,philadelphia,"Philadelphia, Pennsylvania, US",13803,358,541,25
2020-04-30,us,pennsylvania,40.00338507,-75.1379271,84042101.0,US,USA,840,42101.0,philadelphia,"Philadelphia, Pennsylvania, US",14468,665,541,0
2020-05-01,us,pennsylvania,40.00338507,-75.1379271,84042101.0,US,USA,840,42101.0,philadelphia,"Philadelphia, Pennsylvania, US",15137,669,638,97
2020-05-02,us,pennsylvania,40.00338507,-75.1379271,84042101.0,US,USA,840,42101.0,philadelphia,"Philadelphia, Pennsylvania, US",15137,0,638,0
2020-05-03,us,pennsylvania,40.00338507,-75.1379271,84042101.0,US,USA,840,42101.0,philadelphia,"Philadelphia, Pennsylvania, US",15137,0,638,0
