date,country,state,lat,long,UID,iso2,iso3,code3,FIPS,region,Combined_Key,confirmed,confirmed_new,deaths,deaths_new
2020-01-22,us,kentucky,38.18664655,-85.65931031,84021111.0,US,USA,840,21111.0,jefferson,"Jefferson, Kentucky, US",0,0,0,0
2020-01-23,us,kentucky,38.18664655,-85.65931031,84021111.0,US,USA,840,21111.0,jefferson,"Jefferson, Kentucky, US",0,0,0,0
2020-01-24,us,kentucky,38.18664655,-85.65931031,84021111.0,US,USA,840,21111.0,jefferson,"Jefferson, Kentucky, US",0,0,0,0
2020-01-25,us,kentucky,38.18664655,-85.65931031,84021111.0,US,USA,840,21111.0,jefferson,"Jefferson, Kentucky, US",0,0,0,0
2020-01-26,us,kentucky,38.18664655,-85.65931031,84021111.0,US,USA,840,21111.0,jefferson,"Jefferson, Kentucky, US",0,0,0,0
2020-01-27,us,kentucky,38.18664655,-85.65931031,84021111.0,US,USA,840,21111.0,jefferson,"Jefferson, Kentucky, US",0,0,0,0
2020-01-28,us,kentucky,38.18664655,-85.65931031,84021111.0,US,USA,840,21111.0,jefferson,"Jefferson, Kentucky, US",0,0,0,0
2020-01-29,us,kentucky,38.18664655,-85.65931031,84021111.0,US,USA,840,21111.0,jefferson,"Jefferson, Kentucky, US",0,0,0,0
2020-01-30,us,kentucky,38.18664655,-85.65931031,84021111.0,US,USA,840,21111.0,jefferson,"Jefferson, Kentucky, US",0,0,0,0
2020-01-31,us,kentucky,38.18664655,-85.65931031,84021111.0,US,USA,840,21111.0,jefferson,"Jefferson, Kentucky, US",0,0,0,0
2020-02-01,us,kentucky,38.18664655,-85.65931031,84021111.0,US,USA,840,21111.0,jefferson,"Jefferson, Kentucky, US",0,0,0,0
2020-02-02,us,kentucky,38.18664655,-85.65931031,84021111.0,US,USA,840,21111.0,jefferson,"Jefferson, Kentucky, US",0,0,0,0
2020-02-03,us,kentucky,38.18664655,-85.65931031,84021111.0,US,USA,840,21111.0,jefferson,"Jefferson, Kentucky, US",0,0,0,0
2020-02-04,us,kentucky,38.18664655,-85.65931031,84021111.0,US,USA,840,21111.0,jefferson,"Jefferson, Kentucky, US",0,0,0,0
2020-02-05,us,kentucky,38.18664655,-85.65931031,84021111.0,US,USA,840,21111.0,jefferson,"Jefferson, Kentucky, US",0,0,0,0
2020-02-06,us,kentucky,38.18664655,-85.65931031,84021111.0,US,USA,840,21111.0,jefferson,"Jefferson, Kentucky, US",0,0,0,0
2020-02-07,us,kentucky,38.18664655,-85.65931031,84021111.0,US,USA,840,21111.0,jefferson,"Jefferson, Kentucky, US",0,0,0,0
2020-02-08,us,kentucky,38.18664655,-85.65931031,84021111.0,US,USA,840,21111.0,jefferson,"Jefferson, Kentucky, US",0,0,0,0
2020-02-09,us,kentucky,38.18664655,-85.65931031,84021111.0,US,USA,840,21111.0,jefferson,"Jefferson, Kentucky, US",0,0,0,0
2020-02-10,us,kentucky,38.18664655,-85.65931031,84021111.0,US,USA,840,21111.0,jefferson,"Jefferson, Kentucky, US",0,0,0,0
2020-02-11,us,kentucky,38.18664655,-85.65931031,84021111.0,US,USA,840,21111.0,jefferson,"Jefferson, Kentucky, US",0,0,0,0
2020-02-12,us,kentucky,38.18664655,-85.65931031,84021111.0,US,USA,840,21111.0,jefferson,"Jefferson, Kentucky, US",0,0,0,0
2020-02-13,us,kentucky,38.18664655,-85.65931031,84021111.0,US,USA,840,21111.0,jefferson,"Jefferson, Kentucky, US",0,0,0,0
2020-02-14,us,kentucky,38.18664655,-85.65931031,84021111.0,US,USA,840,21111.0,jefferson,"Jefferson, Kentucky, US",0,0,0,0
2020-02-15,us,kentucky,38.18664655,-85.65931031,84021111.0,US,USA,840,21111.0,jefferson,"Jefferson, Kentucky, US",0,0,0,0
2020-02-16,us,kentucky,38.18664655,-85.65931031,84021111.0,US,USA,840,21111.0,jefferson,"Jefferson, Kentucky, US",0,0,0,0
2020-02-17,us,kentucky,38.18664655,-85.65931031,84021111.0,US,USA,840,21111.0,jefferson,"Jefferson, Kentucky, US",0,0,0,0
2020-02-18,us,kentucky,38.18664655,-85.65931031,84021111.0,US,USA,840,21111.0,jefferson,"Jefferson, Kentucky, US",0,0,0,0
2020-02-19,us,kentucky,38.18664655,-85.65931031,84021111.0,US,USA,840,21111.0,jefferson,"Jefferson, Kentucky, US",0,0,0,0
2020-02-20,us,kentucky,38.18664655,-85.65931031,84021111.0,US,USA,840,21111.0,jefferson,"Jefferson, Kentucky, US",0,0,0,0
2020-02-21,us,kentucky,38.18664655,-85.65931031,84021111.0,US,USA,840,21111.0,jefferson,"Jefferson, Kentucky, US",0,0,0,0
2020-02-22,us,kentucky,38.18664655,-85.65931031,84021111.0,US,USA,840,21111.0,jefferson,"Jefferson, Kentucky, US",0,0,0,0
2020-02-23,us,kentucky,38.18664655,-85.65931031,84021111.0,US,USA,840,21111.0,jefferson,"Jefferson, Kentucky, US",0,0,0,0
2020-02-24,us,kentucky,38.18664655,-85.65931031,84021111.0,US,USA,840,21111.0,jefferson,"Jefferson, Kentucky, US",0,0,0,0
2020-02-25,us,kentucky,38.18664655,-85.65931031,84021111.0,US,USA,840,21111.0,jefferson,"Jefferson, Kentucky, US",0,0,0,0
2020-02-26,us,kentucky,38.18664655,-85.65931031,84021111.0,US,USA,840,21111.0,jefferson,"Jefferson, Kentucky, US",0,0,0,0
2020-02-27,us,kentucky,38.18664655,-85.65931031,84021111.0,US,USA,840,21111.0,jefferson,"Jefferson, Kentucky, US",0,0,0,0
2020-02-28,us,kentucky,38.18664655,-85.65931031,84021111.0,US,USA,840,21111.0,jefferson,"Jefferson, Kentucky, US",0,0,0,0
2020-02-29,us,kentucky,38.18664655,-85.65931031,84021111.0,US,USA,840,21111.0,jefferson,"Jefferson, Kentucky, US",0,0,0,0
2020-03-01,us,kentucky,38.18664655,-85.65931031,84021111.0,US,USA,840,21111.0,jefferson,"Jefferson, Kentucky, US",0,0,0,0
2020-03-02,us,kentucky,38.18664655,-85.65931031,84021111.0,US,USA,840,21111.0,jefferson,"Jefferson, Kentucky, US",0,0,0,0
2020-03-03,us,kentucky,38.18664655,-85.65931031,84021111.0,US,USA,840,21111.0,jefferson,"Jefferson, Kentucky, US",0,0,0,0
2020-03-04,us,kentucky,38.18664655,-85.65931031,84021111.0,US,USA,840,21111.0,jefferson,"Jefferson, Kentucky, US",0,0,0,0
2020-03-05,us,kentucky,38.18664655,-85.65931031,84021111.0,US,USA,840,21111.0,jefferson,"Jefferson, Kentucky, US",0,0,0,0
2020-03-06,us,kentucky,38.18664655,-85.65931031,84021111.0,US,USA,840,21111.0,jefferson,"Jefferson, Kentucky, US",0,0,0,0
2020-03-07,us,kentucky,38.18664655,-85.65931031,84021111.0,US,USA,840,21111.0,jefferson,"Jefferson, Kentucky, US",0,0,0,0
2020-03-08,us,kentucky,38.18664655,-85.65931031,84021111.0,US,USA,840,21111.0,jefferson,"Jefferson, Kentucky, US",0,0,0,0
2020-03-09,us,kentucky,38.18664655,-85.65931031,84021111.0,US,USA,840,21111.0,jefferson,"Jefferson, Kentucky, US",1,1,0,0
2020-03-10,us,kentucky,38.18664655,-85.65931031,84021111.0,US,USA,840,21111.0,jefferson,"Jefferson, Kentucky, US",1,0,0,0
2020-03-11,us,kentucky,38.18664655,-85.65931031,84021111.0,US,USA,840,21111.0,jefferson,"Jefferson, Kentucky, US",1,0,0,0
2020-03-12,us,kentucky,38.18664655,-85.65931031,84021111.0,US,USA,840,21111.0,jefferson,"Jefferson, Kentucky, US",2,1,0,0
2020-03-13,us,kentucky,38.18664655,-85.65931031,84021111.0,US,USA,840,21111.0,jefferson,"Jefferson, Kentucky, US",2,0,0,0
2020-03-14,us,kentucky,38.18664655,-85.65931031,84021111.0,US,USA,840,21111.0,jefferson,"Jefferson, Kentucky, US",4,2,0,0
2020-03-15,us,kentucky,38.18664655,-85.65931031,84021111.0,US,USA,840,21111.0,jefferson,"Jefferson, Kentucky, US",4,0,0,0
2020-03-16,us,kentucky,38.18664655,-85.65931031,84021111.0,US,USA,840,21111.0,jefferson,"Jefferson, Kentucky, US",6,2,0,0
2020-03-17,us,kentucky,38.18664655,-85.65931031,84021111.0,US,USA,840,21111.0,jefferson,"Jefferson, Kentucky, US",7,1,0,0
2020-03-18,us,kentucky,38.18664655,-85.65931031,84021111.0,US,USA,840,21111.0,jefferson,"Jefferson, Kentucky, US",8,1,0,0
2020-03-19,us,kentucky,38.18664655,-85.65931031,84021111.0,US,USA,840,21111.0,jefferson,"Jefferson, Kentucky, US",8,0,1,1
2020-03-20,us,kentucky,38.18664655,-85.65931031,84021111.0,US,USA,840,21111.0,jefferson,"Jefferson, Kentucky, US",25,17,1,0
2020-03-21,us,kentucky,38.18664655,-85.65931031,84021111.0,US,USA,840,21111.0,jefferson,"Jefferson, Kentucky, US",25,0,1,0
2020-03-22,us,kentucky,38.18664655,-85.65931031,84021111.0,US,USA,840,21111.0,jefferson,"Jefferson, Kentucky, US",25,0,1,0
2020-03-23,us,kentucky,38.18664655,-85.65931031,84021111.0,US,USA,840,21111.0,jefferson,"Jefferson, Kentucky, US",33,8,1,0
2020-03-24,us,kentucky,38.18664655,-85.65931031,84021111.0,US,USA,840,21111.0,jefferson,"Jefferson, Kentucky, US",33,0,1,0
2020-03-25,us,kentucky,38.18664655,-85.65931031,84021111.0,US,USA,840,21111.0,jefferson,"Jefferson, Kentucky, US",35,2,2,1
2020-03-26,us,kentucky,38.18664655,-85.65931031,84021111.0,US,USA,840,21111.0,jefferson,"Jefferson, Kentucky, US",35,0,2,0
2020-03-27,us,kentucky,38.18664655,-85.65931031,84021111.0,US,USA,840,21111.0,jefferson,"Jefferson, Kentucky, US",35,0,2,0
2020-03-28,us,kentucky,38.18664655,-85.65931031,84021111.0,US,USA,840,21111.0,jefferson,"Jefferson, Kentucky, US",103,68,3,1
2020-03-29,us,kentucky,38.18664655,-85.65931031,84021111.0,US,USA,840,21111.0,jefferson,"Jefferson, Kentucky, US",97,-6,3,0
2020-03-30,us,kentucky,38.18664655,-85.65931031,84021111.0,US,USA,840,21111.0,jefferson,"Jefferson, Kentucky, US",116,19,3,0
2020-03-31,us,kentucky,38.18664655,-85.65931031,84021111.0,US,USA,840,21111.0,jefferson,"Jefferson, Kentucky, US",206,90,3,0
2020-04-01,us,kentucky,38.18664655,-85.65931031,84021111.0,US,USA,840,21111.0,jefferson,"Jefferson, Kentucky, US",206,0,7,4
2020-04-02,us,kentucky,38.18664655,-85.65931031,84021111.0,US,USA,840,21111.0,jefferson,"Jefferson, Kentucky, US",228,22,7,0
2020-04-03,us,kentucky,38.18664655,-85.65931031,84021111.0,US,USA,840,21111.0,jefferson,"Jefferson, Kentucky, US",228,0,11,4
2020-04-04,us,kentucky,38.18664655,-85.65931031,84021111.0,US,USA,840,21111.0,jefferson,"Jefferson, Kentucky, US",299,71,11,0
2020-04-05,us,kentucky,38.18664655,-85.65931031,84021111.0,US,USA,840,21111.0,jefferson,"Jefferson, Kentucky, US",304,5,17,6
2020-04-06,us,kentucky,38.18664655,-85.65931031,84021111.0,US,USA,840,21111.0,jefferson,"Jefferson, Kentucky, US",304,0,17,0
2020-04-07,us,kentucky,38.18664655,-85.65931031,84021111.0,US,USA,840,21111.0,jefferson,"Jefferson, Kentucky, US",319,15,22,5
2020-04-08,us,kentucky,38.18664655,-85.65931031,84021111.0,US,USA,840,21111.0,jefferson,"Jefferson, Kentucky, US",319,0,22,0
2020-04-09,us,kentucky,38.18664655,-85.65931031,84021111.0,US,USA,840,21111.0,jefferson,"Jefferson, Kentucky, US",380,61,26,4
2020-04-10,us,kentucky,38.18664655,-85.65931031,84021111.0,US,USA,840,21111.0,jefferson,"Jefferson, Kentucky, US",380,0,26,0
2020-04-11,us,kentucky,38.18664655,-85.65931031,84021111.0,US,USA,840,21111.0,jefferson,"Jefferson, Kentucky, US",380,0,26,0
2020-04-12,us,kentucky,38.18664655,-85.65931031,84021111.0,US,USA,840,21111.0,jefferson,"Jefferson, Kentucky, US",495,115,26,0
2020-04-13,us,kentucky,38.18664655,-85.65931031,84021111.0,US,USA,840,21111.0,jefferson,"Jefferson, Kentucky, US",550,55,42,16
2020-04-14,us,kentucky,38.18664655,-85.65931031,84021111.0,US,USA,840,21111.0,jefferson,"Jefferson, Kentucky, US",531,-19,46,4
2020-04-15,us,kentucky,38.18664655,-85.65931031,84021111.0,US,USA,840,21111.0,jefferson,"Jefferson, Kentucky, US",573,42,46,0
2020-04-16,us,kentucky,38.18664655,-85.65931031,84021111.0,US,USA,840,21111.0,jefferson,"Jefferson, Kentucky, US",600,27,56,10
2020-04-17,us,kentucky,38.18664655,-85.65931031,84021111.0,US,USA,840,21111.0,jefferson,"Jefferson, Kentucky, US",599,-1,60,4
2020-04-18,us,kentucky,38.18664655,-85.65931031,84021111.0,US,USA,840,21111.0,jefferson,"Jefferson, Kentucky, US",689,90,60,0
2020-04-19,us,kentucky,38.18664655,-85.65931031,84021111.0,US,USA,840,21111.0,jefferson,"Jefferson, Kentucky, US",814,125,60,0
2020-04-20,us,kentucky,38.18664655,-85.65931031,84021111.0,US,USA,840,21111.0,jefferson,"Jefferson, Kentucky, US",867,53,67,7
2020-04-21,us,kentucky,38.18664655,-85.65931031,84021111.0,US,USA,840,21111.0,jefferson,"Jefferson, Kentucky, US",925,58,70,3
2020-04-22,us,kentucky,38.18664655,-85.65931031,84021111.0,US,USA,840,21111.0,jefferson,"Jefferson, Kentucky, US",954,29,76,6
2020-04-23,us,kentucky,38.18664655,-85.65931031,84021111.0,US,USA,840,21111.0,jefferson,"Jefferson, Kentucky, US",1008,54,78,2
2020-04-24,us,kentucky,38.18664655,-85.65931031,84021111.0,US,USA,840,21111.0,jefferson,"Jefferson, Kentucky, US",1121,113,78,0
2020-04-25,us,kentucky,38.18664655,-85.65931031,84021111.0,US,USA,840,21111.0,jefferson,"Jefferson, Kentucky, US",1121,0,81,3
2020-04-26,us,kentucky,38.18664655,-85.65931031,84021111.0,US,USA,840,21111.0,jefferson,"Jefferson, Kentucky, US",1120,-1,81,0
2020-04-27,us,kentucky,38.18664655,-85.65931031,84021111.0,US,USA,840,21111.0,jefferson,"Jefferson, Kentucky, US",1140,20,83,2
2020-04-28,us,kentucky,38.18664655,-85.65931031,84021111.0,US,USA,840,21111.0,jefferson,"Jefferson, Kentucky, US",1224,84,85,2
2020-04-29,us,kentucky,38.18664655,-85.65931031,84021111.0,US,USA,840,21111.0,jefferson,"Jefferson, Kentucky, US",1281,57,90,5
2020-04-30,us,kentucky,38.18664655,-85.65931031,84021111.0,US,USA,840,21111.0,jefferson,"Jefferson, Kentucky, US",1307,26,91,1
