date,country,state,lat,long,UID,iso2,iso3,code3,FIPS,region,Combined_Key,confirmed,confirmed_new,deaths,deaths_new
2020-01-22,US,New Hampshire,42.98499744,-71.12883377,84033015.0,US,USA,840,33015.0,Rockingham,"Rockingham, New Hampshire, US",0,0,0,0
2020-01-23,US,New Hampshire,42.98499744,-71.12883377,84033015.0,US,USA,840,33015.0,Rockingham,"Rockingham, New Hampshire, US",0,0,0,0
2020-01-24,US,New Hampshire,42.98499744,-71.12883377,84033015.0,US,USA,840,33015.0,Rockingham,"Rockingham, New Hampshire, US",0,0,0,0
2020-01-25,US,New Hampshire,42.98499744,-71.12883377,84033015.0,US,USA,840,33015.0,Rockingham,"Rockingham, New Hampshire, US",0,0,0,0
2020-01-26,US,New Hampshire,42.98499744,-71.12883377,84033015.0,US,USA,840,33015.0,Rockingham,"Rockingham, New Hampshire, US",0,0,0,0
2020-01-27,US,New Hampshire,42.98499744,-71.12883377,84033015.0,US,USA,840,33015.0,Rockingham,"Rockingham, New Hampshire, US",0,0,0,0
2020-01-28,US,New Hampshire,42.98499744,-71.12883377,84033015.0,US,USA,840,33015.0,Rockingham,"Rockingham, New Hampshire, US",0,0,0,0
2020-01-29,US,New Hampshire,42.98499744,-71.12883377,84033015.0,US,USA,840,33015.0,Rockingham,"Rockingham, New Hampshire, US",0,0,0,0
2020-01-30,US,New Hampshire,42.98499744,-71.12883377,84033015.0,US,USA,840,33015.0,Rockingham,"Rockingham, New Hampshire, US",0,0,0,0
2020-01-31,US,New Hampshire,42.98499744,-71.12883377,84033015.0,US,USA,840,33015.0,Rockingham,"Rockingham, New Hampshire, US",0,0,0,0
2020-02-01,US,New Hampshire,42.98499744,-71.12883377,84033015.0,US,USA,840,33015.0,Rockingham,"Rockingham, New Hampshire, US",0,0,0,0
2020-02-02,US,New Hampshire,42.98499744,-71.12883377,84033015.0,US,USA,840,33015.0,Rockingham,"Rockingham, New Hampshire, US",0,0,0,0
2020-02-03,US,New Hampshire,42.98499744,-71.12883377,84033015.0,US,USA,840,33015.0,Rockingham,"Rockingham, New Hampshire, US",0,0,0,0
2020-02-04,US,New Hampshire,42.98499744,-71.12883377,84033015.0,US,USA,840,33015.0,Rockingham,"Rockingham, New Hampshire, US",0,0,0,0
2020-02-05,US,New Hampshire,42.98499744,-71.12883377,84033015.0,US,USA,840,33015.0,Rockingham,"Rockingham, New Hampshire, US",0,0,0,0
2020-02-06,US,New Hampshire,42.98499744,-71.12883377,84033015.0,US,USA,840,33015.0,Rockingham,"Rockingham, New Hampshire, US",0,0,0,0
2020-02-07,US,New Hampshire,42.98499744,-71.12883377,84033015.0,US,USA,840,33015.0,Rockingham,"Rockingham, New Hampshire, US",0,0,0,0
2020-02-08,US,New Hampshire,42.98499744,-71.12883377,84033015.0,US,USA,840,33015.0,Rockingham,"Rockingham, New Hampshire, US",0,0,0,0
2020-02-09,US,New Hampshire,42.98499744,-71.12883377,84033015.0,US,USA,840,33015.0,Rockingham,"Rockingham, New Hampshire, US",0,0,0,0
2020-02-10,US,New Hampshire,42.98499744,-71.12883377,84033015.0,US,USA,840,33015.0,Rockingham,"Rockingham, New Hampshire, US",0,0,0,0
2020-02-11,US,New Hampshire,42.98499744,-71.12883377,84033015.0,US,USA,840,33015.0,Rockingham,"Rockingham, New Hampshire, US",0,0,0,0
2020-02-12,US,New Hampshire,42.98499744,-71.12883377,84033015.0,US,USA,840,33015.0,Rockingham,"Rockingham, New Hampshire, US",0,0,0,0
2020-02-13,US,New Hampshire,42.98499744,-71.12883377,84033015.0,US,USA,840,33015.0,Rockingham,"Rockingham, New Hampshire, US",0,0,0,0
2020-02-14,US,New Hampshire,42.98499744,-71.12883377,84033015.0,US,USA,840,33015.0,Rockingham,"Rockingham, New Hampshire, US",0,0,0,0
2020-02-15,US,New Hampshire,42.98499744,-71.12883377,84033015.0,US,USA,840,33015.0,Rockingham,"Rockingham, New Hampshire, US",0,0,0,0
2020-02-16,US,New Hampshire,42.98499744,-71.12883377,84033015.0,US,USA,840,33015.0,Rockingham,"Rockingham, New Hampshire, US",0,0,0,0
2020-02-17,US,New Hampshire,42.98499744,-71.12883377,84033015.0,US,USA,840,33015.0,Rockingham,"Rockingham, New Hampshire, US",0,0,0,0
2020-02-18,US,New Hampshire,42.98499744,-71.12883377,84033015.0,US,USA,840,33015.0,Rockingham,"Rockingham, New Hampshire, US",0,0,0,0
2020-02-19,US,New Hampshire,42.98499744,-71.12883377,84033015.0,US,USA,840,33015.0,Rockingham,"Rockingham, New Hampshire, US",0,0,0,0
2020-02-20,US,New Hampshire,42.98499744,-71.12883377,84033015.0,US,USA,840,33015.0,Rockingham,"Rockingham, New Hampshire, US",0,0,0,0
2020-02-21,US,New Hampshire,42.98499744,-71.12883377,84033015.0,US,USA,840,33015.0,Rockingham,"Rockingham, New Hampshire, US",0,0,0,0
2020-02-22,US,New Hampshire,42.98499744,-71.12883377,84033015.0,US,USA,840,33015.0,Rockingham,"Rockingham, New Hampshire, US",0,0,0,0
2020-02-23,US,New Hampshire,42.98499744,-71.12883377,84033015.0,US,USA,840,33015.0,Rockingham,"Rockingham, New Hampshire, US",0,0,0,0
2020-02-24,US,New Hampshire,42.98499744,-71.12883377,84033015.0,US,USA,840,33015.0,Rockingham,"Rockingham, New Hampshire, US",0,0,0,0
2020-02-25,US,New Hampshire,42.98499744,-71.12883377,84033015.0,US,USA,840,33015.0,Rockingham,"Rockingham, New Hampshire, US",0,0,0,0
2020-02-26,US,New Hampshire,42.98499744,-71.12883377,84033015.0,US,USA,840,33015.0,Rockingham,"Rockingham, New Hampshire, US",0,0,0,0
2020-02-27,US,New Hampshire,42.98499744,-71.12883377,84033015.0,US,USA,840,33015.0,Rockingham,"Rockingham, New Hampshire, US",0,0,0,0
2020-02-28,US,New Hampshire,42.98499744,-71.12883377,84033015.0,US,USA,840,33015.0,Rockingham,"Rockingham, New Hampshire, US",0,0,0,0
2020-02-29,US,New Hampshire,42.98499744,-71.12883377,84033015.0,US,USA,840,33015.0,Rockingham,"Rockingham, New Hampshire, US",0,0,0,0
2020-03-01,US,New Hampshire,42.98499744,-71.12883377,84033015.0,US,USA,840,33015.0,Rockingham,"Rockingham, New Hampshire, US",0,0,0,0
2020-03-02,US,New Hampshire,42.98499744,-71.12883377,84033015.0,US,USA,840,33015.0,Rockingham,"Rockingham, New Hampshire, US",0,0,0,0
2020-03-03,US,New Hampshire,42.98499744,-71.12883377,84033015.0,US,USA,840,33015.0,Rockingham,"Rockingham, New Hampshire, US",0,0,0,0
2020-03-04,US,New Hampshire,42.98499744,-71.12883377,84033015.0,US,USA,840,33015.0,Rockingham,"Rockingham, New Hampshire, US",0,0,0,0
2020-03-05,US,New Hampshire,42.98499744,-71.12883377,84033015.0,US,USA,840,33015.0,Rockingham,"Rockingham, New Hampshire, US",0,0,0,0
2020-03-06,US,New Hampshire,42.98499744,-71.12883377,84033015.0,US,USA,840,33015.0,Rockingham,"Rockingham, New Hampshire, US",0,0,0,0
2020-03-07,US,New Hampshire,42.98499744,-71.12883377,84033015.0,US,USA,840,33015.0,Rockingham,"Rockingham, New Hampshire, US",0,0,0,0
2020-03-08,US,New Hampshire,42.98499744,-71.12883377,84033015.0,US,USA,840,33015.0,Rockingham,"Rockingham, New Hampshire, US",1,1,0,0
2020-03-09,US,New Hampshire,42.98499744,-71.12883377,84033015.0,US,USA,840,33015.0,Rockingham,"Rockingham, New Hampshire, US",1,0,0,0
2020-03-10,US,New Hampshire,42.98499744,-71.12883377,84033015.0,US,USA,840,33015.0,Rockingham,"Rockingham, New Hampshire, US",1,0,0,0
2020-03-11,US,New Hampshire,42.98499744,-71.12883377,84033015.0,US,USA,840,33015.0,Rockingham,"Rockingham, New Hampshire, US",2,1,0,0
2020-03-12,US,New Hampshire,42.98499744,-71.12883377,84033015.0,US,USA,840,33015.0,Rockingham,"Rockingham, New Hampshire, US",3,1,0,0
2020-03-13,US,New Hampshire,42.98499744,-71.12883377,84033015.0,US,USA,840,33015.0,Rockingham,"Rockingham, New Hampshire, US",3,0,0,0
2020-03-14,US,New Hampshire,42.98499744,-71.12883377,84033015.0,US,USA,840,33015.0,Rockingham,"Rockingham, New Hampshire, US",4,1,0,0
2020-03-15,US,New Hampshire,42.98499744,-71.12883377,84033015.0,US,USA,840,33015.0,Rockingham,"Rockingham, New Hampshire, US",4,0,0,0
2020-03-16,US,New Hampshire,42.98499744,-71.12883377,84033015.0,US,USA,840,33015.0,Rockingham,"Rockingham, New Hampshire, US",10,6,0,0
2020-03-17,US,New Hampshire,42.98499744,-71.12883377,84033015.0,US,USA,840,33015.0,Rockingham,"Rockingham, New Hampshire, US",14,4,0,0
2020-03-18,US,New Hampshire,42.98499744,-71.12883377,84033015.0,US,USA,840,33015.0,Rockingham,"Rockingham, New Hampshire, US",17,3,0,0
2020-03-19,US,New Hampshire,42.98499744,-71.12883377,84033015.0,US,USA,840,33015.0,Rockingham,"Rockingham, New Hampshire, US",17,0,0,0
2020-03-20,US,New Hampshire,42.98499744,-71.12883377,84033015.0,US,USA,840,33015.0,Rockingham,"Rockingham, New Hampshire, US",19,2,0,0
2020-03-21,US,New Hampshire,42.98499744,-71.12883377,84033015.0,US,USA,840,33015.0,Rockingham,"Rockingham, New Hampshire, US",25,6,0,0
2020-03-22,US,New Hampshire,42.98499744,-71.12883377,84033015.0,US,USA,840,33015.0,Rockingham,"Rockingham, New Hampshire, US",28,3,0,0
2020-03-23,US,New Hampshire,42.98499744,-71.12883377,84033015.0,US,USA,840,33015.0,Rockingham,"Rockingham, New Hampshire, US",28,0,0,0
2020-03-24,US,New Hampshire,42.98499744,-71.12883377,84033015.0,US,USA,840,33015.0,Rockingham,"Rockingham, New Hampshire, US",38,10,0,0
2020-03-25,US,New Hampshire,42.98499744,-71.12883377,84033015.0,US,USA,840,33015.0,Rockingham,"Rockingham, New Hampshire, US",42,4,0,0
2020-03-26,US,New Hampshire,42.98499744,-71.12883377,84033015.0,US,USA,840,33015.0,Rockingham,"Rockingham, New Hampshire, US",56,14,0,0
2020-03-27,US,New Hampshire,42.98499744,-71.12883377,84033015.0,US,USA,840,33015.0,Rockingham,"Rockingham, New Hampshire, US",67,11,0,0
2020-03-28,US,New Hampshire,42.98499744,-71.12883377,84033015.0,US,USA,840,33015.0,Rockingham,"Rockingham, New Hampshire, US",75,8,0,0
2020-03-29,US,New Hampshire,42.98499744,-71.12883377,84033015.0,US,USA,840,33015.0,Rockingham,"Rockingham, New Hampshire, US",86,11,0,0
2020-03-30,US,New Hampshire,42.98499744,-71.12883377,84033015.0,US,USA,840,33015.0,Rockingham,"Rockingham, New Hampshire, US",100,14,1,1
2020-03-31,US,New Hampshire,42.98499744,-71.12883377,84033015.0,US,USA,840,33015.0,Rockingham,"Rockingham, New Hampshire, US",137,37,1,0
2020-04-01,US,New Hampshire,42.98499744,-71.12883377,84033015.0,US,USA,840,33015.0,Rockingham,"Rockingham, New Hampshire, US",137,0,1,0
2020-04-02,US,New Hampshire,42.98499744,-71.12883377,84033015.0,US,USA,840,33015.0,Rockingham,"Rockingham, New Hampshire, US",170,33,1,0
2020-04-03,US,New Hampshire,42.98499744,-71.12883377,84033015.0,US,USA,840,33015.0,Rockingham,"Rockingham, New Hampshire, US",170,0,1,0
2020-04-04,US,New Hampshire,42.98499744,-71.12883377,84033015.0,US,USA,840,33015.0,Rockingham,"Rockingham, New Hampshire, US",190,20,1,0
2020-04-05,US,New Hampshire,42.98499744,-71.12883377,84033015.0,US,USA,840,33015.0,Rockingham,"Rockingham, New Hampshire, US",213,23,1,0
2020-04-06,US,New Hampshire,42.98499744,-71.12883377,84033015.0,US,USA,840,33015.0,Rockingham,"Rockingham, New Hampshire, US",246,33,1,0
2020-04-07,US,New Hampshire,42.98499744,-71.12883377,84033015.0,US,USA,840,33015.0,Rockingham,"Rockingham, New Hampshire, US",246,0,1,0
2020-04-08,US,New Hampshire,42.98499744,-71.12883377,84033015.0,US,USA,840,33015.0,Rockingham,"Rockingham, New Hampshire, US",255,9,1,0
2020-04-09,US,New Hampshire,42.98499744,-71.12883377,84033015.0,US,USA,840,33015.0,Rockingham,"Rockingham, New Hampshire, US",268,13,1,0
2020-04-10,US,New Hampshire,42.98499744,-71.12883377,84033015.0,US,USA,840,33015.0,Rockingham,"Rockingham, New Hampshire, US",268,0,1,0
2020-04-11,US,New Hampshire,42.98499744,-71.12883377,84033015.0,US,USA,840,33015.0,Rockingham,"Rockingham, New Hampshire, US",305,37,1,0
2020-04-12,US,New Hampshire,42.98499744,-71.12883377,84033015.0,US,USA,840,33015.0,Rockingham,"Rockingham, New Hampshire, US",314,9,1,0
2020-04-13,US,New Hampshire,42.98499744,-71.12883377,84033015.0,US,USA,840,33015.0,Rockingham,"Rockingham, New Hampshire, US",345,31,1,0
2020-04-14,US,New Hampshire,42.98499744,-71.12883377,84033015.0,US,USA,840,33015.0,Rockingham,"Rockingham, New Hampshire, US",378,33,1,0
2020-04-15,US,New Hampshire,42.98499744,-71.12883377,84033015.0,US,USA,840,33015.0,Rockingham,"Rockingham, New Hampshire, US",399,21,1,0
2020-04-16,US,New Hampshire,42.98499744,-71.12883377,84033015.0,US,USA,840,33015.0,Rockingham,"Rockingham, New Hampshire, US",399,0,1,0
2020-04-17,US,New Hampshire,42.98499744,-71.12883377,84033015.0,US,USA,840,33015.0,Rockingham,"Rockingham, New Hampshire, US",449,50,1,0
2020-04-18,US,New Hampshire,42.98499744,-71.12883377,84033015.0,US,USA,840,33015.0,Rockingham,"Rockingham, New Hampshire, US",466,17,1,0
2020-04-19,US,New Hampshire,42.98499744,-71.12883377,84033015.0,US,USA,840,33015.0,Rockingham,"Rockingham, New Hampshire, US",479,13,1,0
2020-04-20,US,New Hampshire,42.98499744,-71.12883377,84033015.0,US,USA,840,33015.0,Rockingham,"Rockingham, New Hampshire, US",489,10,1,0
2020-04-21,US,New Hampshire,42.98499744,-71.12883377,84033015.0,US,USA,840,33015.0,Rockingham,"Rockingham, New Hampshire, US",493,4,1,0
2020-04-22,US,New Hampshire,42.98499744,-71.12883377,84033015.0,US,USA,840,33015.0,Rockingham,"Rockingham, New Hampshire, US",519,26,1,0
2020-04-23,US,New Hampshire,42.98499744,-71.12883377,84033015.0,US,USA,840,33015.0,Rockingham,"Rockingham, New Hampshire, US",551,32,1,0
2020-04-24,US,New Hampshire,42.98499744,-71.12883377,84033015.0,US,USA,840,33015.0,Rockingham,"Rockingham, New Hampshire, US",568,17,1,0
2020-04-25,US,New Hampshire,42.98499744,-71.12883377,84033015.0,US,USA,840,33015.0,Rockingham,"Rockingham, New Hampshire, US",593,25,1,0
2020-04-26,US,New Hampshire,42.98499744,-71.12883377,84033015.0,US,USA,840,33015.0,Rockingham,"Rockingham, New Hampshire, US",619,26,1,0
2020-04-27,US,New Hampshire,42.98499744,-71.12883377,84033015.0,US,USA,840,33015.0,Rockingham,"Rockingham, New Hampshire, US",643,24,1,0
