date,country,state,lat,long,UID,iso2,iso3,code3,FIPS,region,Combined_Key,confirmed,confirmed_new,deaths,deaths_new
2020-01-22,US,Pennsylvania,40.1625372,-77.26130755,84042041.0,US,USA,840,42041.0,Cumberland,"Cumberland, Pennsylvania, US",0,0,0,0
2020-01-23,US,Pennsylvania,40.1625372,-77.26130755,84042041.0,US,USA,840,42041.0,Cumberland,"Cumberland, Pennsylvania, US",0,0,0,0
2020-01-24,US,Pennsylvania,40.1625372,-77.26130755,84042041.0,US,USA,840,42041.0,Cumberland,"Cumberland, Pennsylvania, US",0,0,0,0
2020-01-25,US,Pennsylvania,40.1625372,-77.26130755,84042041.0,US,USA,840,42041.0,Cumberland,"Cumberland, Pennsylvania, US",0,0,0,0
2020-01-26,US,Pennsylvania,40.1625372,-77.26130755,84042041.0,US,USA,840,42041.0,Cumberland,"Cumberland, Pennsylvania, US",0,0,0,0
2020-01-27,US,Pennsylvania,40.1625372,-77.26130755,84042041.0,US,USA,840,42041.0,Cumberland,"Cumberland, Pennsylvania, US",0,0,0,0
2020-01-28,US,Pennsylvania,40.1625372,-77.26130755,84042041.0,US,USA,840,42041.0,Cumberland,"Cumberland, Pennsylvania, US",0,0,0,0
2020-01-29,US,Pennsylvania,40.1625372,-77.26130755,84042041.0,US,USA,840,42041.0,Cumberland,"Cumberland, Pennsylvania, US",0,0,0,0
2020-01-30,US,Pennsylvania,40.1625372,-77.26130755,84042041.0,US,USA,840,42041.0,Cumberland,"Cumberland, Pennsylvania, US",0,0,0,0
2020-01-31,US,Pennsylvania,40.1625372,-77.26130755,84042041.0,US,USA,840,42041.0,Cumberland,"Cumberland, Pennsylvania, US",0,0,0,0
2020-02-01,US,Pennsylvania,40.1625372,-77.26130755,84042041.0,US,USA,840,42041.0,Cumberland,"Cumberland, Pennsylvania, US",0,0,0,0
2020-02-02,US,Pennsylvania,40.1625372,-77.26130755,84042041.0,US,USA,840,42041.0,Cumberland,"Cumberland, Pennsylvania, US",0,0,0,0
2020-02-03,US,Pennsylvania,40.1625372,-77.26130755,84042041.0,US,USA,840,42041.0,Cumberland,"Cumberland, Pennsylvania, US",0,0,0,0
2020-02-04,US,Pennsylvania,40.1625372,-77.26130755,84042041.0,US,USA,840,42041.0,Cumberland,"Cumberland, Pennsylvania, US",0,0,0,0
2020-02-05,US,Pennsylvania,40.1625372,-77.26130755,84042041.0,US,USA,840,42041.0,Cumberland,"Cumberland, Pennsylvania, US",0,0,0,0
2020-02-06,US,Pennsylvania,40.1625372,-77.26130755,84042041.0,US,USA,840,42041.0,Cumberland,"Cumberland, Pennsylvania, US",0,0,0,0
2020-02-07,US,Pennsylvania,40.1625372,-77.26130755,84042041.0,US,USA,840,42041.0,Cumberland,"Cumberland, Pennsylvania, US",0,0,0,0
2020-02-08,US,Pennsylvania,40.1625372,-77.26130755,84042041.0,US,USA,840,42041.0,Cumberland,"Cumberland, Pennsylvania, US",0,0,0,0
2020-02-09,US,Pennsylvania,40.1625372,-77.26130755,84042041.0,US,USA,840,42041.0,Cumberland,"Cumberland, Pennsylvania, US",0,0,0,0
2020-02-10,US,Pennsylvania,40.1625372,-77.26130755,84042041.0,US,USA,840,42041.0,Cumberland,"Cumberland, Pennsylvania, US",0,0,0,0
2020-02-11,US,Pennsylvania,40.1625372,-77.26130755,84042041.0,US,USA,840,42041.0,Cumberland,"Cumberland, Pennsylvania, US",0,0,0,0
2020-02-12,US,Pennsylvania,40.1625372,-77.26130755,84042041.0,US,USA,840,42041.0,Cumberland,"Cumberland, Pennsylvania, US",0,0,0,0
2020-02-13,US,Pennsylvania,40.1625372,-77.26130755,84042041.0,US,USA,840,42041.0,Cumberland,"Cumberland, Pennsylvania, US",0,0,0,0
2020-02-14,US,Pennsylvania,40.1625372,-77.26130755,84042041.0,US,USA,840,42041.0,Cumberland,"Cumberland, Pennsylvania, US",0,0,0,0
2020-02-15,US,Pennsylvania,40.1625372,-77.26130755,84042041.0,US,USA,840,42041.0,Cumberland,"Cumberland, Pennsylvania, US",0,0,0,0
2020-02-16,US,Pennsylvania,40.1625372,-77.26130755,84042041.0,US,USA,840,42041.0,Cumberland,"Cumberland, Pennsylvania, US",0,0,0,0
2020-02-17,US,Pennsylvania,40.1625372,-77.26130755,84042041.0,US,USA,840,42041.0,Cumberland,"Cumberland, Pennsylvania, US",0,0,0,0
2020-02-18,US,Pennsylvania,40.1625372,-77.26130755,84042041.0,US,USA,840,42041.0,Cumberland,"Cumberland, Pennsylvania, US",0,0,0,0
2020-02-19,US,Pennsylvania,40.1625372,-77.26130755,84042041.0,US,USA,840,42041.0,Cumberland,"Cumberland, Pennsylvania, US",0,0,0,0
2020-02-20,US,Pennsylvania,40.1625372,-77.26130755,84042041.0,US,USA,840,42041.0,Cumberland,"Cumberland, Pennsylvania, US",0,0,0,0
2020-02-21,US,Pennsylvania,40.1625372,-77.26130755,84042041.0,US,USA,840,42041.0,Cumberland,"Cumberland, Pennsylvania, US",0,0,0,0
2020-02-22,US,Pennsylvania,40.1625372,-77.26130755,84042041.0,US,USA,840,42041.0,Cumberland,"Cumberland, Pennsylvania, US",0,0,0,0
2020-02-23,US,Pennsylvania,40.1625372,-77.26130755,84042041.0,US,USA,840,42041.0,Cumberland,"Cumberland, Pennsylvania, US",0,0,0,0
2020-02-24,US,Pennsylvania,40.1625372,-77.26130755,84042041.0,US,USA,840,42041.0,Cumberland,"Cumberland, Pennsylvania, US",0,0,0,0
2020-02-25,US,Pennsylvania,40.1625372,-77.26130755,84042041.0,US,USA,840,42041.0,Cumberland,"Cumberland, Pennsylvania, US",0,0,0,0
2020-02-26,US,Pennsylvania,40.1625372,-77.26130755,84042041.0,US,USA,840,42041.0,Cumberland,"Cumberland, Pennsylvania, US",0,0,0,0
2020-02-27,US,Pennsylvania,40.1625372,-77.26130755,84042041.0,US,USA,840,42041.0,Cumberland,"Cumberland, Pennsylvania, US",0,0,0,0
2020-02-28,US,Pennsylvania,40.1625372,-77.26130755,84042041.0,US,USA,840,42041.0,Cumberland,"Cumberland, Pennsylvania, US",0,0,0,0
2020-02-29,US,Pennsylvania,40.1625372,-77.26130755,84042041.0,US,USA,840,42041.0,Cumberland,"Cumberland, Pennsylvania, US",0,0,0,0
2020-03-01,US,Pennsylvania,40.1625372,-77.26130755,84042041.0,US,USA,840,42041.0,Cumberland,"Cumberland, Pennsylvania, US",0,0,0,0
2020-03-02,US,Pennsylvania,40.1625372,-77.26130755,84042041.0,US,USA,840,42041.0,Cumberland,"Cumberland, Pennsylvania, US",0,0,0,0
2020-03-03,US,Pennsylvania,40.1625372,-77.26130755,84042041.0,US,USA,840,42041.0,Cumberland,"Cumberland, Pennsylvania, US",0,0,0,0
2020-03-04,US,Pennsylvania,40.1625372,-77.26130755,84042041.0,US,USA,840,42041.0,Cumberland,"Cumberland, Pennsylvania, US",0,0,0,0
2020-03-05,US,Pennsylvania,40.1625372,-77.26130755,84042041.0,US,USA,840,42041.0,Cumberland,"Cumberland, Pennsylvania, US",0,0,0,0
2020-03-06,US,Pennsylvania,40.1625372,-77.26130755,84042041.0,US,USA,840,42041.0,Cumberland,"Cumberland, Pennsylvania, US",0,0,0,0
2020-03-07,US,Pennsylvania,40.1625372,-77.26130755,84042041.0,US,USA,840,42041.0,Cumberland,"Cumberland, Pennsylvania, US",0,0,0,0
2020-03-08,US,Pennsylvania,40.1625372,-77.26130755,84042041.0,US,USA,840,42041.0,Cumberland,"Cumberland, Pennsylvania, US",0,0,0,0
2020-03-09,US,Pennsylvania,40.1625372,-77.26130755,84042041.0,US,USA,840,42041.0,Cumberland,"Cumberland, Pennsylvania, US",0,0,0,0
2020-03-10,US,Pennsylvania,40.1625372,-77.26130755,84042041.0,US,USA,840,42041.0,Cumberland,"Cumberland, Pennsylvania, US",0,0,0,0
2020-03-11,US,Pennsylvania,40.1625372,-77.26130755,84042041.0,US,USA,840,42041.0,Cumberland,"Cumberland, Pennsylvania, US",0,0,0,0
2020-03-12,US,Pennsylvania,40.1625372,-77.26130755,84042041.0,US,USA,840,42041.0,Cumberland,"Cumberland, Pennsylvania, US",0,0,0,0
2020-03-13,US,Pennsylvania,40.1625372,-77.26130755,84042041.0,US,USA,840,42041.0,Cumberland,"Cumberland, Pennsylvania, US",3,3,0,0
2020-03-14,US,Pennsylvania,40.1625372,-77.26130755,84042041.0,US,USA,840,42041.0,Cumberland,"Cumberland, Pennsylvania, US",3,0,0,0
2020-03-15,US,Pennsylvania,40.1625372,-77.26130755,84042041.0,US,USA,840,42041.0,Cumberland,"Cumberland, Pennsylvania, US",3,0,0,0
2020-03-16,US,Pennsylvania,40.1625372,-77.26130755,84042041.0,US,USA,840,42041.0,Cumberland,"Cumberland, Pennsylvania, US",5,2,0,0
2020-03-17,US,Pennsylvania,40.1625372,-77.26130755,84042041.0,US,USA,840,42041.0,Cumberland,"Cumberland, Pennsylvania, US",10,5,0,0
2020-03-18,US,Pennsylvania,40.1625372,-77.26130755,84042041.0,US,USA,840,42041.0,Cumberland,"Cumberland, Pennsylvania, US",10,0,0,0
2020-03-19,US,Pennsylvania,40.1625372,-77.26130755,84042041.0,US,USA,840,42041.0,Cumberland,"Cumberland, Pennsylvania, US",11,1,0,0
2020-03-20,US,Pennsylvania,40.1625372,-77.26130755,84042041.0,US,USA,840,42041.0,Cumberland,"Cumberland, Pennsylvania, US",11,0,0,0
2020-03-21,US,Pennsylvania,40.1625372,-77.26130755,84042041.0,US,USA,840,42041.0,Cumberland,"Cumberland, Pennsylvania, US",11,0,0,0
2020-03-22,US,Pennsylvania,40.1625372,-77.26130755,84042041.0,US,USA,840,42041.0,Cumberland,"Cumberland, Pennsylvania, US",11,0,0,0
2020-03-23,US,Pennsylvania,40.1625372,-77.26130755,84042041.0,US,USA,840,42041.0,Cumberland,"Cumberland, Pennsylvania, US",12,1,0,0
2020-03-24,US,Pennsylvania,40.1625372,-77.26130755,84042041.0,US,USA,840,42041.0,Cumberland,"Cumberland, Pennsylvania, US",13,1,0,0
2020-03-25,US,Pennsylvania,40.1625372,-77.26130755,84042041.0,US,USA,840,42041.0,Cumberland,"Cumberland, Pennsylvania, US",13,0,0,0
2020-03-26,US,Pennsylvania,40.1625372,-77.26130755,84042041.0,US,USA,840,42041.0,Cumberland,"Cumberland, Pennsylvania, US",15,2,0,0
2020-03-27,US,Pennsylvania,40.1625372,-77.26130755,84042041.0,US,USA,840,42041.0,Cumberland,"Cumberland, Pennsylvania, US",16,1,0,0
2020-03-28,US,Pennsylvania,40.1625372,-77.26130755,84042041.0,US,USA,840,42041.0,Cumberland,"Cumberland, Pennsylvania, US",22,6,1,1
2020-03-29,US,Pennsylvania,40.1625372,-77.26130755,84042041.0,US,USA,840,42041.0,Cumberland,"Cumberland, Pennsylvania, US",22,0,1,0
2020-03-30,US,Pennsylvania,40.1625372,-77.26130755,84042041.0,US,USA,840,42041.0,Cumberland,"Cumberland, Pennsylvania, US",24,2,1,0
2020-03-31,US,Pennsylvania,40.1625372,-77.26130755,84042041.0,US,USA,840,42041.0,Cumberland,"Cumberland, Pennsylvania, US",36,12,1,0
2020-04-01,US,Pennsylvania,40.1625372,-77.26130755,84042041.0,US,USA,840,42041.0,Cumberland,"Cumberland, Pennsylvania, US",38,2,1,0
2020-04-02,US,Pennsylvania,40.1625372,-77.26130755,84042041.0,US,USA,840,42041.0,Cumberland,"Cumberland, Pennsylvania, US",41,3,1,0
2020-04-03,US,Pennsylvania,40.1625372,-77.26130755,84042041.0,US,USA,840,42041.0,Cumberland,"Cumberland, Pennsylvania, US",45,4,2,1
2020-04-04,US,Pennsylvania,40.1625372,-77.26130755,84042041.0,US,USA,840,42041.0,Cumberland,"Cumberland, Pennsylvania, US",54,9,2,0
2020-04-05,US,Pennsylvania,40.1625372,-77.26130755,84042041.0,US,USA,840,42041.0,Cumberland,"Cumberland, Pennsylvania, US",58,4,2,0
2020-04-06,US,Pennsylvania,40.1625372,-77.26130755,84042041.0,US,USA,840,42041.0,Cumberland,"Cumberland, Pennsylvania, US",68,10,2,0
2020-04-07,US,Pennsylvania,40.1625372,-77.26130755,84042041.0,US,USA,840,42041.0,Cumberland,"Cumberland, Pennsylvania, US",77,9,2,0
2020-04-08,US,Pennsylvania,40.1625372,-77.26130755,84042041.0,US,USA,840,42041.0,Cumberland,"Cumberland, Pennsylvania, US",84,7,2,0
2020-04-09,US,Pennsylvania,40.1625372,-77.26130755,84042041.0,US,USA,840,42041.0,Cumberland,"Cumberland, Pennsylvania, US",88,4,2,0
2020-04-10,US,Pennsylvania,40.1625372,-77.26130755,84042041.0,US,USA,840,42041.0,Cumberland,"Cumberland, Pennsylvania, US",96,8,2,0
2020-04-11,US,Pennsylvania,40.1625372,-77.26130755,84042041.0,US,USA,840,42041.0,Cumberland,"Cumberland, Pennsylvania, US",105,9,3,1
2020-04-12,US,Pennsylvania,40.1625372,-77.26130755,84042041.0,US,USA,840,42041.0,Cumberland,"Cumberland, Pennsylvania, US",110,5,3,0
2020-04-13,US,Pennsylvania,40.1625372,-77.26130755,84042041.0,US,USA,840,42041.0,Cumberland,"Cumberland, Pennsylvania, US",122,12,3,0
2020-04-14,US,Pennsylvania,40.1625372,-77.26130755,84042041.0,US,USA,840,42041.0,Cumberland,"Cumberland, Pennsylvania, US",124,2,4,1
2020-04-15,US,Pennsylvania,40.1625372,-77.26130755,84042041.0,US,USA,840,42041.0,Cumberland,"Cumberland, Pennsylvania, US",131,7,4,0
2020-04-16,US,Pennsylvania,40.1625372,-77.26130755,84042041.0,US,USA,840,42041.0,Cumberland,"Cumberland, Pennsylvania, US",137,6,4,0
2020-04-17,US,Pennsylvania,40.1625372,-77.26130755,84042041.0,US,USA,840,42041.0,Cumberland,"Cumberland, Pennsylvania, US",154,17,4,0
2020-04-18,US,Pennsylvania,40.1625372,-77.26130755,84042041.0,US,USA,840,42041.0,Cumberland,"Cumberland, Pennsylvania, US",176,22,4,0
2020-04-19,US,Pennsylvania,40.1625372,-77.26130755,84042041.0,US,USA,840,42041.0,Cumberland,"Cumberland, Pennsylvania, US",182,6,4,0
2020-04-20,US,Pennsylvania,40.1625372,-77.26130755,84042041.0,US,USA,840,42041.0,Cumberland,"Cumberland, Pennsylvania, US",186,4,4,0
2020-04-21,US,Pennsylvania,40.1625372,-77.26130755,84042041.0,US,USA,840,42041.0,Cumberland,"Cumberland, Pennsylvania, US",194,8,6,2
2020-04-22,US,Pennsylvania,40.1625372,-77.26130755,84042041.0,US,USA,840,42041.0,Cumberland,"Cumberland, Pennsylvania, US",207,13,6,0
2020-04-23,US,Pennsylvania,40.1625372,-77.26130755,84042041.0,US,USA,840,42041.0,Cumberland,"Cumberland, Pennsylvania, US",229,22,7,1
2020-04-24,US,Pennsylvania,40.1625372,-77.26130755,84042041.0,US,USA,840,42041.0,Cumberland,"Cumberland, Pennsylvania, US",240,11,8,1
2020-04-25,US,Pennsylvania,40.1625372,-77.26130755,84042041.0,US,USA,840,42041.0,Cumberland,"Cumberland, Pennsylvania, US",250,10,8,0
2020-04-26,US,Pennsylvania,40.1625372,-77.26130755,84042041.0,US,USA,840,42041.0,Cumberland,"Cumberland, Pennsylvania, US",267,17,8,0
2020-04-27,US,Pennsylvania,40.1625372,-77.26130755,84042041.0,US,USA,840,42041.0,Cumberland,"Cumberland, Pennsylvania, US",282,15,9,1
2020-04-28,US,Pennsylvania,40.1625372,-77.26130755,84042041.0,US,USA,840,42041.0,Cumberland,"Cumberland, Pennsylvania, US",296,14,10,1
2020-04-29,US,Pennsylvania,40.1625372,-77.26130755,84042041.0,US,USA,840,42041.0,Cumberland,"Cumberland, Pennsylvania, US",324,28,15,5
2020-04-30,US,Pennsylvania,40.1625372,-77.26130755,84042041.0,US,USA,840,42041.0,Cumberland,"Cumberland, Pennsylvania, US",343,19,16,1
2020-05-01,US,Pennsylvania,40.1625372,-77.26130755,84042041.0,US,USA,840,42041.0,Cumberland,"Cumberland, Pennsylvania, US",349,6,17,1
2020-05-02,US,Pennsylvania,40.1625372,-77.26130755,84042041.0,US,USA,840,42041.0,Cumberland,"Cumberland, Pennsylvania, US",365,16,17,0
2020-05-03,US,Pennsylvania,40.1625372,-77.26130755,84042041.0,US,USA,840,42041.0,Cumberland,"Cumberland, Pennsylvania, US",373,8,18,1
2020-05-04,US,Pennsylvania,40.1625372,-77.26130755,84042041.0,US,USA,840,42041.0,Cumberland,"Cumberland, Pennsylvania, US",375,2,18,0
