index_x,state,country,lat,long,date,confirmed,confirmed_new,index_y,deaths,deaths_new,index,recovered,recovered_new
49,anhui,china,31.8257,117.2264,2020-01-22,1,1,49,0,0,40.0,0.0,0.0
307,anhui,china,31.8257,117.2264,2020-01-23,9,8,307,0,0,284.0,0.0,0.0
565,anhui,china,31.8257,117.2264,2020-01-24,15,6,565,0,0,528.0,0.0,0.0
823,anhui,china,31.8257,117.2264,2020-01-25,39,24,823,0,0,772.0,0.0,0.0
1081,anhui,china,31.8257,117.2264,2020-01-26,60,21,1081,0,0,1016.0,0.0,0.0
1339,anhui,china,31.8257,117.2264,2020-01-27,70,10,1339,0,0,1260.0,0.0,0.0
1597,anhui,china,31.8257,117.2264,2020-01-28,106,36,1597,0,0,1504.0,0.0,0.0
1855,anhui,china,31.8257,117.2264,2020-01-29,152,46,1855,0,0,1748.0,2.0,2.0
2113,anhui,china,31.8257,117.2264,2020-01-30,200,48,2113,0,0,1992.0,2.0,0.0
2371,anhui,china,31.8257,117.2264,2020-01-31,237,37,2371,0,0,2236.0,3.0,1.0
2629,anhui,china,31.8257,117.2264,2020-02-01,297,60,2629,0,0,2480.0,5.0,2.0
2887,anhui,china,31.8257,117.2264,2020-02-02,340,43,2887,0,0,2724.0,7.0,2.0
3145,anhui,china,31.8257,117.2264,2020-02-03,408,68,3145,0,0,2968.0,14.0,7.0
3403,anhui,china,31.8257,117.2264,2020-02-04,480,72,3403,0,0,3212.0,20.0,6.0
3661,anhui,china,31.8257,117.2264,2020-02-05,530,50,3661,0,0,3456.0,23.0,3.0
3919,anhui,china,31.8257,117.2264,2020-02-06,591,61,3919,0,0,3700.0,34.0,11.0
4177,anhui,china,31.8257,117.2264,2020-02-07,665,74,4177,0,0,3944.0,47.0,13.0
4435,anhui,china,31.8257,117.2264,2020-02-08,733,68,4435,0,0,4188.0,59.0,12.0
4693,anhui,china,31.8257,117.2264,2020-02-09,779,46,4693,1,1,4432.0,72.0,13.0
4951,anhui,china,31.8257,117.2264,2020-02-10,830,51,4951,3,2,4676.0,88.0,16.0
5209,anhui,china,31.8257,117.2264,2020-02-11,860,30,5209,4,1,4920.0,105.0,17.0
5467,anhui,china,31.8257,117.2264,2020-02-12,889,29,5467,4,0,5164.0,127.0,22.0
5725,anhui,china,31.8257,117.2264,2020-02-13,910,21,5725,5,1,5408.0,157.0,30.0
5983,anhui,china,31.8257,117.2264,2020-02-14,934,24,5983,6,1,5652.0,193.0,36.0
6241,anhui,china,31.8257,117.2264,2020-02-15,950,16,6241,6,0,5896.0,221.0,28.0
6499,anhui,china,31.8257,117.2264,2020-02-16,962,12,6499,6,0,6140.0,255.0,34.0
6757,anhui,china,31.8257,117.2264,2020-02-17,973,11,6757,6,0,6384.0,280.0,25.0
7015,anhui,china,31.8257,117.2264,2020-02-18,982,9,7015,6,0,6628.0,361.0,81.0
7273,anhui,china,31.8257,117.2264,2020-02-19,986,4,7273,6,0,6872.0,413.0,52.0
7531,anhui,china,31.8257,117.2264,2020-02-20,987,1,7531,6,0,7116.0,474.0,61.0
7789,anhui,china,31.8257,117.2264,2020-02-21,988,1,7789,6,0,7360.0,539.0,65.0
8047,anhui,china,31.8257,117.2264,2020-02-22,989,1,8047,6,0,7604.0,597.0,58.0
8305,anhui,china,31.8257,117.2264,2020-02-23,989,0,8305,6,0,7848.0,637.0,40.0
8563,anhui,china,31.8257,117.2264,2020-02-24,989,0,8563,6,0,8092.0,663.0,26.0
8821,anhui,china,31.8257,117.2264,2020-02-25,989,0,8821,6,0,8336.0,712.0,49.0
9079,anhui,china,31.8257,117.2264,2020-02-26,989,0,9079,6,0,8580.0,744.0,32.0
9337,anhui,china,31.8257,117.2264,2020-02-27,989,0,9337,6,0,8824.0,792.0,48.0
9595,anhui,china,31.8257,117.2264,2020-02-28,990,1,9595,6,0,9068.0,821.0,29.0
9853,anhui,china,31.8257,117.2264,2020-02-29,990,0,9853,6,0,9312.0,868.0,47.0
10111,anhui,china,31.8257,117.2264,2020-03-01,990,0,10111,6,0,9556.0,873.0,5.0
10369,anhui,china,31.8257,117.2264,2020-03-02,990,0,10369,6,0,9800.0,917.0,44.0
10627,anhui,china,31.8257,117.2264,2020-03-03,990,0,10627,6,0,10044.0,936.0,19.0
10885,anhui,china,31.8257,117.2264,2020-03-04,990,0,10885,6,0,10288.0,956.0,20.0
11143,anhui,china,31.8257,117.2264,2020-03-05,990,0,11143,6,0,10532.0,970.0,14.0
11401,anhui,china,31.8257,117.2264,2020-03-06,990,0,11401,6,0,10776.0,979.0,9.0
11659,anhui,china,31.8257,117.2264,2020-03-07,990,0,11659,6,0,11020.0,979.0,0.0
11917,anhui,china,31.8257,117.2264,2020-03-08,990,0,11917,6,0,11264.0,984.0,5.0
12175,anhui,china,31.8257,117.2264,2020-03-09,990,0,12175,6,0,11508.0,984.0,0.0
12433,anhui,china,31.8257,117.2264,2020-03-10,990,0,12433,6,0,11752.0,984.0,0.0
12691,anhui,china,31.8257,117.2264,2020-03-11,990,0,12691,6,0,11996.0,984.0,0.0
12949,anhui,china,31.8257,117.2264,2020-03-12,990,0,12949,6,0,12240.0,984.0,0.0
13207,anhui,china,31.8257,117.2264,2020-03-13,990,0,13207,6,0,12484.0,984.0,0.0
13465,anhui,china,31.8257,117.2264,2020-03-14,990,0,13465,6,0,12728.0,984.0,0.0
13723,anhui,china,31.8257,117.2264,2020-03-15,990,0,13723,6,0,12972.0,984.0,0.0
13981,anhui,china,31.8257,117.2264,2020-03-16,990,0,13981,6,0,13216.0,984.0,0.0
14239,anhui,china,31.8257,117.2264,2020-03-17,990,0,14239,6,0,13460.0,984.0,0.0
14497,anhui,china,31.8257,117.2264,2020-03-18,990,0,14497,6,0,13704.0,984.0,0.0
14755,anhui,china,31.8257,117.2264,2020-03-19,990,0,14755,6,0,13948.0,984.0,0.0
15013,anhui,china,31.8257,117.2264,2020-03-20,990,0,15013,6,0,14192.0,984.0,0.0
15271,anhui,china,31.8257,117.2264,2020-03-21,990,0,15271,6,0,14436.0,984.0,0.0
15529,anhui,china,31.8257,117.2264,2020-03-22,990,0,15529,6,0,14680.0,984.0,0.0
15787,anhui,china,31.8257,117.2264,2020-03-23,990,0,15787,6,0,14924.0,984.0,0.0
16045,anhui,china,31.8257,117.2264,2020-03-24,990,0,16045,6,0,15168.0,984.0,0.0
16303,anhui,china,31.8257,117.2264,2020-03-25,990,0,16303,6,0,15412.0,984.0,0.0
16561,anhui,china,31.8257,117.2264,2020-03-26,990,0,16561,6,0,15656.0,984.0,0.0
16819,anhui,china,31.8257,117.2264,2020-03-27,990,0,16819,6,0,15900.0,984.0,0.0
17077,anhui,china,31.8257,117.2264,2020-03-28,990,0,17077,6,0,16144.0,984.0,0.0
17335,anhui,china,31.8257,117.2264,2020-03-29,990,0,17335,6,0,16388.0,984.0,0.0
17593,anhui,china,31.8257,117.2264,2020-03-30,990,0,17593,6,0,16632.0,984.0,0.0
17851,anhui,china,31.8257,117.2264,2020-03-31,990,0,17851,6,0,16876.0,984.0,0.0
18109,anhui,china,31.8257,117.2264,2020-04-01,990,0,18109,6,0,17120.0,984.0,0.0
18367,anhui,china,31.8257,117.2264,2020-04-02,990,0,18367,6,0,17364.0,984.0,0.0
