index_x,state,country,lat,long,date,confirmed,confirmed_new,index_y,deaths,deaths_new,index,recovered,recovered_new
51,chongqing,china,30.0572,107.874,2020-01-22,6,6,51,0,0,42.0,0.0,0.0
309,chongqing,china,30.0572,107.874,2020-01-23,9,3,309,0,0,286.0,0.0,0.0
567,chongqing,china,30.0572,107.874,2020-01-24,27,18,567,0,0,530.0,0.0,0.0
825,chongqing,china,30.0572,107.874,2020-01-25,57,30,825,0,0,774.0,0.0,0.0
1083,chongqing,china,30.0572,107.874,2020-01-26,75,18,1083,0,0,1018.0,0.0,0.0
1341,chongqing,china,30.0572,107.874,2020-01-27,110,35,1341,0,0,1262.0,0.0,0.0
1599,chongqing,china,30.0572,107.874,2020-01-28,132,22,1599,0,0,1506.0,0.0,0.0
1857,chongqing,china,30.0572,107.874,2020-01-29,147,15,1857,0,0,1750.0,1.0,1.0
2115,chongqing,china,30.0572,107.874,2020-01-30,182,35,2115,0,0,1994.0,1.0,0.0
2373,chongqing,china,30.0572,107.874,2020-01-31,211,29,2373,0,0,2238.0,1.0,0.0
2631,chongqing,china,30.0572,107.874,2020-02-01,247,36,2631,1,1,2482.0,3.0,2.0
2889,chongqing,china,30.0572,107.874,2020-02-02,300,53,2889,2,1,2726.0,7.0,4.0
3147,chongqing,china,30.0572,107.874,2020-02-03,337,37,3147,2,0,2970.0,9.0,2.0
3405,chongqing,china,30.0572,107.874,2020-02-04,366,29,3405,2,0,3214.0,9.0,0.0
3663,chongqing,china,30.0572,107.874,2020-02-05,389,23,3663,2,0,3458.0,15.0,6.0
3921,chongqing,china,30.0572,107.874,2020-02-06,411,22,3921,2,0,3702.0,24.0,9.0
4179,chongqing,china,30.0572,107.874,2020-02-07,426,15,4179,2,0,3946.0,31.0,7.0
4437,chongqing,china,30.0572,107.874,2020-02-08,428,2,4437,2,0,4190.0,39.0,8.0
4695,chongqing,china,30.0572,107.874,2020-02-09,468,40,4695,2,0,4434.0,51.0,12.0
4953,chongqing,china,30.0572,107.874,2020-02-10,486,18,4953,2,0,4678.0,66.0,15.0
5211,chongqing,china,30.0572,107.874,2020-02-11,505,19,5211,3,1,4922.0,79.0,13.0
5469,chongqing,china,30.0572,107.874,2020-02-12,518,13,5469,3,0,5166.0,102.0,23.0
5727,chongqing,china,30.0572,107.874,2020-02-13,529,11,5727,4,1,5410.0,128.0,26.0
5985,chongqing,china,30.0572,107.874,2020-02-14,537,8,5985,5,1,5654.0,152.0,24.0
6243,chongqing,china,30.0572,107.874,2020-02-15,544,7,6243,5,0,5898.0,184.0,32.0
6501,chongqing,china,30.0572,107.874,2020-02-16,551,7,6501,5,0,6142.0,207.0,23.0
6759,chongqing,china,30.0572,107.874,2020-02-17,553,2,6759,5,0,6386.0,225.0,18.0
7017,chongqing,china,30.0572,107.874,2020-02-18,555,2,7017,5,0,6630.0,254.0,29.0
7275,chongqing,china,30.0572,107.874,2020-02-19,560,5,7275,5,0,6874.0,274.0,20.0
7533,chongqing,china,30.0572,107.874,2020-02-20,567,7,7533,6,1,7118.0,299.0,25.0
7791,chongqing,china,30.0572,107.874,2020-02-21,572,5,7791,6,0,7362.0,316.0,17.0
8049,chongqing,china,30.0572,107.874,2020-02-22,573,1,8049,6,0,7606.0,328.0,12.0
8307,chongqing,china,30.0572,107.874,2020-02-23,575,2,8307,6,0,7850.0,335.0,7.0
8565,chongqing,china,30.0572,107.874,2020-02-24,576,1,8565,6,0,8094.0,349.0,14.0
8823,chongqing,china,30.0572,107.874,2020-02-25,576,0,8823,6,0,8338.0,372.0,23.0
9081,chongqing,china,30.0572,107.874,2020-02-26,576,0,9081,6,0,8582.0,384.0,12.0
9339,chongqing,china,30.0572,107.874,2020-02-27,576,0,9339,6,0,8826.0,401.0,17.0
9597,chongqing,china,30.0572,107.874,2020-02-28,576,0,9597,6,0,9070.0,422.0,21.0
9855,chongqing,china,30.0572,107.874,2020-02-29,576,0,9855,6,0,9314.0,438.0,16.0
10113,chongqing,china,30.0572,107.874,2020-03-01,576,0,10113,6,0,9558.0,450.0,12.0
10371,chongqing,china,30.0572,107.874,2020-03-02,576,0,10371,6,0,9802.0,469.0,19.0
10629,chongqing,china,30.0572,107.874,2020-03-03,576,0,10629,6,0,10046.0,490.0,21.0
10887,chongqing,china,30.0572,107.874,2020-03-04,576,0,10887,6,0,10290.0,502.0,12.0
11145,chongqing,china,30.0572,107.874,2020-03-05,576,0,11145,6,0,10534.0,512.0,10.0
11403,chongqing,china,30.0572,107.874,2020-03-06,576,0,11403,6,0,10778.0,513.0,1.0
11661,chongqing,china,30.0572,107.874,2020-03-07,576,0,11661,6,0,11022.0,526.0,13.0
11919,chongqing,china,30.0572,107.874,2020-03-08,576,0,11919,6,0,11266.0,527.0,1.0
12177,chongqing,china,30.0572,107.874,2020-03-09,576,0,12177,6,0,11510.0,542.0,15.0
12435,chongqing,china,30.0572,107.874,2020-03-10,576,0,12435,6,0,11754.0,547.0,5.0
12693,chongqing,china,30.0572,107.874,2020-03-11,576,0,12693,6,0,11998.0,554.0,7.0
12951,chongqing,china,30.0572,107.874,2020-03-12,576,0,12951,6,0,12242.0,564.0,10.0
13209,chongqing,china,30.0572,107.874,2020-03-13,576,0,13209,6,0,12486.0,566.0,2.0
13467,chongqing,china,30.0572,107.874,2020-03-14,576,0,13467,6,0,12730.0,569.0,3.0
13725,chongqing,china,30.0572,107.874,2020-03-15,576,0,13725,6,0,12974.0,570.0,1.0
13983,chongqing,china,30.0572,107.874,2020-03-16,576,0,13983,6,0,13218.0,570.0,0.0
14241,chongqing,china,30.0572,107.874,2020-03-17,576,0,14241,6,0,13462.0,570.0,0.0
14499,chongqing,china,30.0572,107.874,2020-03-18,576,0,14499,6,0,13706.0,570.0,0.0
14757,chongqing,china,30.0572,107.874,2020-03-19,576,0,14757,6,0,13950.0,570.0,0.0
15015,chongqing,china,30.0572,107.874,2020-03-20,576,0,15015,6,0,14194.0,570.0,0.0
15273,chongqing,china,30.0572,107.874,2020-03-21,576,0,15273,6,0,14438.0,570.0,0.0
15531,chongqing,china,30.0572,107.874,2020-03-22,577,1,15531,6,0,14682.0,570.0,0.0
15789,chongqing,china,30.0572,107.874,2020-03-23,578,1,15789,6,0,14926.0,570.0,0.0
16047,chongqing,china,30.0572,107.874,2020-03-24,578,0,16047,6,0,15170.0,570.0,0.0
16305,chongqing,china,30.0572,107.874,2020-03-25,578,0,16305,6,0,15414.0,570.0,0.0
16563,chongqing,china,30.0572,107.874,2020-03-26,578,0,16563,6,0,15658.0,570.0,0.0
16821,chongqing,china,30.0572,107.874,2020-03-27,578,0,16821,6,0,15902.0,570.0,0.0
17079,chongqing,china,30.0572,107.874,2020-03-28,578,0,17079,6,0,16146.0,570.0,0.0
17337,chongqing,china,30.0572,107.874,2020-03-29,579,1,17337,6,0,16390.0,570.0,0.0
17595,chongqing,china,30.0572,107.874,2020-03-30,579,0,17595,6,0,16634.0,570.0,0.0
17853,chongqing,china,30.0572,107.874,2020-03-31,579,0,17853,6,0,16878.0,570.0,0.0
18111,chongqing,china,30.0572,107.874,2020-04-01,579,0,18111,6,0,17122.0,570.0,0.0
18369,chongqing,china,30.0572,107.874,2020-04-02,579,0,18369,6,0,17366.0,570.0,0.0
