date,country,state,lat,long,confirmed,confirmed_new,deaths,deaths_new,recovered,recovered_new
2020-01-22,china,guangdong,23.3417,113.4244,26,26,0,0,0.0,0.0
2020-01-23,china,guangdong,23.3417,113.4244,32,6,0,0,2.0,2.0
2020-01-24,china,guangdong,23.3417,113.4244,53,21,0,0,2.0,0.0
2020-01-25,china,guangdong,23.3417,113.4244,78,25,0,0,2.0,0.0
2020-01-26,china,guangdong,23.3417,113.4244,111,33,0,0,2.0,0.0
2020-01-27,china,guangdong,23.3417,113.4244,151,40,0,0,4.0,2.0
2020-01-28,china,guangdong,23.3417,113.4244,207,56,0,0,4.0,0.0
2020-01-29,china,guangdong,23.3417,113.4244,277,70,0,0,5.0,1.0
2020-01-30,china,guangdong,23.3417,113.4244,354,77,0,0,10.0,5.0
2020-01-31,china,guangdong,23.3417,113.4244,436,82,0,0,11.0,1.0
2020-02-01,china,guangdong,23.3417,113.4244,535,99,0,0,14.0,3.0
2020-02-02,china,guangdong,23.3417,113.4244,632,97,0,0,15.0,1.0
2020-02-03,china,guangdong,23.3417,113.4244,725,93,0,0,21.0,6.0
2020-02-04,china,guangdong,23.3417,113.4244,813,88,0,0,30.0,9.0
2020-02-05,china,guangdong,23.3417,113.4244,895,82,0,0,49.0,19.0
2020-02-06,china,guangdong,23.3417,113.4244,970,75,0,0,69.0,20.0
2020-02-07,china,guangdong,23.3417,113.4244,1034,64,1,1,88.0,19.0
2020-02-08,china,guangdong,23.3417,113.4244,1095,61,1,0,112.0,24.0
2020-02-09,china,guangdong,23.3417,113.4244,1131,36,1,0,141.0,29.0
2020-02-10,china,guangdong,23.3417,113.4244,1159,28,1,0,167.0,26.0
2020-02-11,china,guangdong,23.3417,113.4244,1177,18,1,0,212.0,45.0
2020-02-12,china,guangdong,23.3417,113.4244,1219,42,1,0,275.0,63.0
2020-02-13,china,guangdong,23.3417,113.4244,1241,22,2,1,314.0,39.0
2020-02-14,china,guangdong,23.3417,113.4244,1261,20,2,0,362.0,48.0
2020-02-15,china,guangdong,23.3417,113.4244,1294,33,2,0,410.0,48.0
2020-02-16,china,guangdong,23.3417,113.4244,1316,22,2,0,465.0,55.0
2020-02-17,china,guangdong,23.3417,113.4244,1322,6,4,2,524.0,59.0
2020-02-18,china,guangdong,23.3417,113.4244,1328,6,4,0,565.0,41.0
2020-02-19,china,guangdong,23.3417,113.4244,1331,3,5,1,606.0,41.0
2020-02-20,china,guangdong,23.3417,113.4244,1332,1,5,0,642.0,36.0
2020-02-21,china,guangdong,23.3417,113.4244,1333,1,5,0,690.0,48.0
2020-02-22,china,guangdong,23.3417,113.4244,1339,6,5,0,728.0,38.0
2020-02-23,china,guangdong,23.3417,113.4244,1342,3,6,1,755.0,27.0
2020-02-24,china,guangdong,23.3417,113.4244,1345,3,6,0,786.0,31.0
2020-02-25,china,guangdong,23.3417,113.4244,1347,2,7,1,822.0,36.0
2020-02-26,china,guangdong,23.3417,113.4244,1347,0,7,0,851.0,29.0
2020-02-27,china,guangdong,23.3417,113.4244,1347,0,7,0,890.0,39.0
2020-02-28,china,guangdong,23.3417,113.4244,1348,1,7,0,935.0,45.0
2020-02-29,china,guangdong,23.3417,113.4244,1349,1,7,0,983.0,48.0
2020-03-01,china,guangdong,23.3417,113.4244,1349,0,7,0,1016.0,33.0
2020-03-02,china,guangdong,23.3417,113.4244,1350,1,7,0,1059.0,43.0
2020-03-03,china,guangdong,23.3417,113.4244,1350,0,7,0,1101.0,42.0
2020-03-04,china,guangdong,23.3417,113.4244,1350,0,7,0,1133.0,32.0
2020-03-05,china,guangdong,23.3417,113.4244,1351,1,7,0,1181.0,48.0
2020-03-06,china,guangdong,23.3417,113.4244,1352,1,7,0,1216.0,35.0
2020-03-07,china,guangdong,23.3417,113.4244,1352,0,7,0,1237.0,21.0
2020-03-08,china,guangdong,23.3417,113.4244,1352,0,7,0,1256.0,19.0
2020-03-09,china,guangdong,23.3417,113.4244,1352,0,8,1,1260.0,4.0
2020-03-10,china,guangdong,23.3417,113.4244,1353,1,8,0,1274.0,14.0
2020-03-11,china,guangdong,23.3417,113.4244,1356,3,8,0,1282.0,8.0
2020-03-12,china,guangdong,23.3417,113.4244,1356,0,8,0,1289.0,7.0
2020-03-13,china,guangdong,23.3417,113.4244,1356,0,8,0,1296.0,7.0
2020-03-14,china,guangdong,23.3417,113.4244,1356,0,8,0,1299.0,3.0
2020-03-15,china,guangdong,23.3417,113.4244,1360,4,8,0,1304.0,5.0
2020-03-16,china,guangdong,23.3417,113.4244,1361,1,8,0,1306.0,2.0
2020-03-17,china,guangdong,23.3417,113.4244,1364,3,8,0,1307.0,1.0
2020-03-18,china,guangdong,23.3417,113.4244,1370,6,8,0,1313.0,6.0
2020-03-19,china,guangdong,23.3417,113.4244,1378,8,8,0,1318.0,5.0
2020-03-20,china,guangdong,23.3417,113.4244,1395,17,8,0,1323.0,5.0
2020-03-21,china,guangdong,23.3417,113.4244,1400,5,8,0,1325.0,2.0
2020-03-22,china,guangdong,23.3417,113.4244,1413,13,8,0,1329.0,4.0
2020-03-23,china,guangdong,23.3417,113.4244,1415,2,8,0,1332.0,3.0
2020-03-24,china,guangdong,23.3417,113.4244,1428,13,8,0,1333.0,1.0
2020-03-25,china,guangdong,23.3417,113.4244,1433,5,8,0,1336.0,3.0
2020-03-26,china,guangdong,23.3417,113.4244,1448,15,8,0,1336.0,0.0
2020-03-27,china,guangdong,23.3417,113.4244,1456,8,8,0,1337.0,1.0
2020-03-28,china,guangdong,23.3417,113.4244,1467,11,8,0,1341.0,4.0
2020-03-29,china,guangdong,23.3417,113.4244,1475,8,8,0,1349.0,8.0
2020-03-30,china,guangdong,23.3417,113.4244,1484,9,8,0,1351.0,2.0
2020-03-31,china,guangdong,23.3417,113.4244,1494,10,8,0,1356.0,5.0
2020-04-01,china,guangdong,23.3417,113.4244,1501,7,8,0,1357.0,1.0
2020-04-02,china,guangdong,23.3417,113.4244,1507,6,8,0,1365.0,8.0
2020-04-03,china,guangdong,23.3417,113.4244,1514,7,8,0,1368.0,3.0
2020-04-04,china,guangdong,23.3417,113.4244,1516,2,8,0,1378.0,10.0
2020-04-05,china,guangdong,23.3417,113.4244,1524,8,8,0,1387.0,9.0
2020-04-06,china,guangdong,23.3417,113.4244,1532,8,8,0,1395.0,8.0
2020-04-07,china,guangdong,23.3417,113.4244,1533,1,8,0,1401.0,6.0
2020-04-08,china,guangdong,23.3417,113.4244,1536,3,8,0,1411.0,10.0
2020-04-09,china,guangdong,23.3417,113.4244,1539,3,8,0,1423.0,12.0
2020-04-10,china,guangdong,23.3417,113.4244,1544,5,8,0,1434.0,11.0
2020-04-11,china,guangdong,23.3417,113.4244,1548,4,8,0,1437.0,3.0
2020-04-12,china,guangdong,23.3417,113.4244,1552,4,8,0,1443.0,6.0
2020-04-13,china,guangdong,23.3417,113.4244,1555,3,8,0,1454.0,11.0
2020-04-14,china,guangdong,23.3417,113.4244,1564,9,8,0,1458.0,4.0
2020-04-15,china,guangdong,23.3417,113.4244,1566,2,8,0,1462.0,4.0
2020-04-16,china,guangdong,23.3417,113.4244,1571,5,8,0,1471.0,9.0
2020-04-17,china,guangdong,23.3417,113.4244,1577,6,8,0,1475.0,4.0
2020-04-18,china,guangdong,23.3417,113.4244,1579,2,8,0,1482.0,7.0
2020-04-19,china,guangdong,23.3417,113.4244,1580,1,8,0,1490.0,8.0
2020-04-20,china,guangdong,23.3417,113.4244,1581,1,8,0,1494.0,4.0
2020-04-21,china,guangdong,23.3417,113.4244,1582,1,8,0,1501.0,7.0
2020-04-22,china,guangdong,23.3417,113.4244,1582,0,8,0,1511.0,10.0
2020-04-23,china,guangdong,23.3417,113.4244,1585,3,8,0,1528.0,17.0
2020-04-24,china,guangdong,23.3417,113.4244,1585,0,8,0,1534.0,6.0
2020-04-25,china,guangdong,23.3417,113.4244,1586,1,8,0,1542.0,8.0
2020-04-26,china,guangdong,23.3417,113.4244,1587,1,8,0,1542.0,0.0
2020-04-27,china,guangdong,23.3417,113.4244,1587,0,8,0,1547.0,5.0
2020-04-28,china,guangdong,23.3417,113.4244,1588,1,8,0,1554.0,7.0
2020-04-29,china,guangdong,23.3417,113.4244,1588,0,8,0,1557.0,3.0
2020-04-30,china,guangdong,23.3417,113.4244,1588,0,8,0,1565.0,8.0
2020-05-01,china,guangdong,23.3417,113.4244,1588,0,8,0,1565.0,0.0
2020-05-02,china,guangdong,23.3417,113.4244,1588,0,8,0,1567.0,2.0
2020-05-03,china,guangdong,23.3417,113.4244,1588,0,8,0,1569.0,2.0
2020-05-04,china,guangdong,23.3417,113.4244,1588,0,8,0,1571.0,2.0
2020-05-05,china,guangdong,23.3417,113.4244,1588,0,8,0,1575.0,4.0
2020-05-06,china,guangdong,23.3417,113.4244,1589,1,8,0,1575.0,0.0
2020-05-07,china,guangdong,23.3417,113.4244,1589,0,8,0,1575.0,0.0
2020-05-08,china,guangdong,23.3417,113.4244,1589,0,8,0,1575.0,0.0
2020-05-09,china,guangdong,23.3417,113.4244,1589,0,8,0,1576.0,1.0
2020-05-10,china,guangdong,23.3417,113.4244,1589,0,8,0,1577.0,1.0
2020-05-11,china,guangdong,23.3417,113.4244,1589,0,8,0,1578.0,1.0
2020-05-12,china,guangdong,23.3417,113.4244,1589,0,8,0,1578.0,0.0
2020-05-13,china,guangdong,23.3417,113.4244,1589,0,8,0,1579.0,1.0
2020-05-14,china,guangdong,23.3417,113.4244,1589,0,8,0,1579.0,0.0
2020-05-15,china,guangdong,23.3417,113.4244,1589,0,8,0,1579.0,0.0
2020-05-16,china,guangdong,23.3417,113.4244,1590,1,8,0,1579.0,0.0
2020-05-17,china,guangdong,23.3417,113.4244,1590,0,8,0,1579.0,0.0
2020-05-18,china,guangdong,23.3417,113.4244,1590,0,8,0,1579.0,0.0
2020-05-19,china,guangdong,23.3417,113.4244,1590,0,8,0,1579.0,0.0
2020-05-20,china,guangdong,23.3417,113.4244,1590,0,8,0,1579.0,0.0
2020-05-21,china,guangdong,23.3417,113.4244,1590,0,8,0,1579.0,0.0
2020-05-22,china,guangdong,23.3417,113.4244,1591,1,8,0,1580.0,1.0
2020-05-23,china,guangdong,23.3417,113.4244,1592,1,8,0,1580.0,0.0
2020-05-24,china,guangdong,23.3417,113.4244,1592,0,8,0,1581.0,1.0
2020-05-25,china,guangdong,23.3417,113.4244,1592,0,8,0,1581.0,0.0
2020-05-26,china,guangdong,23.3417,113.4244,1592,0,8,0,1581.0,0.0
2020-05-27,china,guangdong,23.3417,113.4244,1592,0,8,0,1582.0,1.0
2020-05-28,china,guangdong,23.3417,113.4244,1592,0,8,0,1582.0,0.0
2020-05-29,china,guangdong,23.3417,113.4244,1593,1,8,0,1583.0,1.0
2020-05-30,china,guangdong,23.3417,113.4244,1593,0,8,0,1583.0,0.0
2020-05-31,china,guangdong,23.3417,113.4244,1595,2,8,0,1583.0,0.0
2020-06-01,china,guangdong,23.3417,113.4244,1596,1,8,0,1583.0,0.0
2020-06-02,china,guangdong,23.3417,113.4244,1597,1,8,0,1583.0,0.0
2020-06-03,china,guangdong,23.3417,113.4244,1598,1,8,0,1583.0,0.0
2020-06-04,china,guangdong,23.3417,113.4244,1598,0,8,0,1584.0,1.0
2020-06-05,china,guangdong,23.3417,113.4244,1601,3,8,0,1584.0,0.0
2020-06-06,china,guangdong,23.3417,113.4244,1602,1,8,0,1584.0,0.0
2020-06-07,china,guangdong,23.3417,113.4244,1602,0,8,0,1585.0,1.0
2020-06-08,china,guangdong,23.3417,113.4244,1604,2,8,0,1586.0,1.0
2020-06-09,china,guangdong,23.3417,113.4244,1604,0,8,0,1587.0,1.0
2020-06-10,china,guangdong,23.3417,113.4244,1607,3,8,0,1588.0,1.0
2020-06-11,china,guangdong,23.3417,113.4244,1607,0,8,0,1589.0,1.0
2020-06-12,china,guangdong,23.3417,113.4244,1608,1,8,0,1590.0,1.0
2020-06-13,china,guangdong,23.3417,113.4244,1625,17,8,0,1590.0,0.0
2020-06-14,china,guangdong,23.3417,113.4244,1625,0,8,0,1590.0,0.0
2020-06-15,china,guangdong,23.3417,113.4244,1628,3,8,0,1592.0,2.0
2020-06-16,china,guangdong,23.3417,113.4244,1628,0,8,0,1593.0,1.0
2020-06-17,china,guangdong,23.3417,113.4244,1628,0,8,0,1603.0,10.0
2020-06-18,china,guangdong,23.3417,113.4244,1631,3,8,0,1604.0,1.0
2020-06-19,china,guangdong,23.3417,113.4244,1631,0,8,0,1604.0,0.0
2020-06-20,china,guangdong,23.3417,113.4244,1634,3,8,0,1614.0,10.0
2020-06-21,china,guangdong,23.3417,113.4244,1634,0,8,0,1614.0,0.0
2020-06-22,china,guangdong,23.3417,113.4244,1634,0,8,0,1619.0,5.0
2020-06-23,china,guangdong,23.3417,113.4244,1634,0,8,0,1620.0,1.0
2020-06-24,china,guangdong,23.3417,113.4244,1635,1,8,0,1621.0,1.0
2020-06-25,china,guangdong,23.3417,113.4244,1635,0,8,0,1621.0,0.0
2020-06-26,china,guangdong,23.3417,113.4244,1637,2,8,0,1622.0,1.0
2020-06-27,china,guangdong,23.3417,113.4244,1637,0,8,0,1622.0,0.0
2020-06-28,china,guangdong,23.3417,113.4244,1637,0,8,0,1625.0,3.0
2020-06-29,china,guangdong,23.3417,113.4244,1641,4,8,0,1627.0,2.0
2020-06-30,china,guangdong,23.3417,113.4244,1641,0,8,0,1627.0,0.0
2020-07-01,china,guangdong,23.3417,113.4244,1642,1,8,0,1627.0,0.0
2020-07-02,china,guangdong,23.3417,113.4244,1642,0,8,0,1629.0,2.0
2020-07-03,china,guangdong,23.3417,113.4244,1643,1,8,0,1629.0,0.0
2020-07-04,china,guangdong,23.3417,113.4244,1643,0,8,0,1631.0,2.0
2020-07-05,china,guangdong,23.3417,113.4244,1643,0,8,0,1631.0,0.0
2020-07-06,china,guangdong,23.3417,113.4244,1643,0,8,0,1631.0,0.0
2020-07-07,china,guangdong,23.3417,113.4244,1645,2,8,0,1631.0,0.0
2020-07-08,china,guangdong,23.3417,113.4244,1647,2,8,0,1631.0,0.0
2020-07-09,china,guangdong,23.3417,113.4244,1647,0,8,0,1631.0,0.0
2020-07-10,china,guangdong,23.3417,113.4244,1647,0,8,0,1631.0,0.0
2020-07-11,china,guangdong,23.3417,113.4244,1648,1,8,0,1634.0,3.0
2020-07-12,china,guangdong,23.3417,113.4244,1650,2,8,0,1634.0,0.0
2020-07-13,china,guangdong,23.3417,113.4244,1650,0,8,0,1634.0,0.0
2020-07-14,china,guangdong,23.3417,113.4244,1650,0,8,0,1636.0,2.0
2020-07-15,china,guangdong,23.3417,113.4244,1650,0,8,0,1636.0,0.0
2020-07-16,china,guangdong,23.3417,113.4244,1654,4,8,0,1636.0,0.0
2020-07-17,china,guangdong,23.3417,113.4244,1657,3,8,0,1636.0,0.0
2020-07-18,china,guangdong,23.3417,113.4244,1659,2,8,0,1636.0,0.0
2020-07-19,china,guangdong,23.3417,113.4244,1659,0,8,0,1637.0,1.0
2020-07-20,china,guangdong,23.3417,113.4244,1659,0,8,0,1637.0,0.0
2020-07-21,china,guangdong,23.3417,113.4244,1661,2,8,0,1637.0,0.0
2020-07-22,china,guangdong,23.3417,113.4244,1662,1,8,0,1637.0,0.0
2020-07-23,china,guangdong,23.3417,113.4244,1667,5,8,0,1639.0,2.0
2020-07-24,china,guangdong,23.3417,113.4244,1669,2,8,0,1641.0,2.0
2020-07-25,china,guangdong,23.3417,113.4244,1672,3,8,0,1642.0,1.0
2020-07-26,china,guangdong,23.3417,113.4244,1672,0,8,0,1645.0,3.0
2020-07-27,china,guangdong,23.3417,113.4244,1672,0,8,0,1645.0,0.0
2020-07-28,china,guangdong,23.3417,113.4244,1674,2,8,0,1648.0,3.0
2020-07-29,china,guangdong,23.3417,113.4244,1675,1,8,0,1651.0,3.0
2020-07-30,china,guangdong,23.3417,113.4244,1678,3,8,0,1653.0,2.0
2020-07-31,china,guangdong,23.3417,113.4244,1680,2,8,0,1653.0,0.0
