date,country,state,lat,long,confirmed,confirmed_new,deaths,deaths_new,recovered,recovered_new
2020-01-22,china,hebei,39.549,116.1306,1,1,0,0,0.0,0.0
2020-01-23,china,hebei,39.549,116.1306,1,0,1,1,0.0,0.0
2020-01-24,china,hebei,39.549,116.1306,2,1,1,0,0.0,0.0
2020-01-25,china,hebei,39.549,116.1306,8,6,1,0,0.0,0.0
2020-01-26,china,hebei,39.549,116.1306,13,5,1,0,0.0,0.0
2020-01-27,china,hebei,39.549,116.1306,18,5,1,0,0.0,0.0
2020-01-28,china,hebei,39.549,116.1306,33,15,1,0,0.0,0.0
2020-01-29,china,hebei,39.549,116.1306,48,15,1,0,0.0,0.0
2020-01-30,china,hebei,39.549,116.1306,65,17,1,0,0.0,0.0
2020-01-31,china,hebei,39.549,116.1306,82,17,1,0,0.0,0.0
2020-02-01,china,hebei,39.549,116.1306,96,14,1,0,0.0,0.0
2020-02-02,china,hebei,39.549,116.1306,104,8,1,0,0.0,0.0
2020-02-03,china,hebei,39.549,116.1306,113,9,1,0,0.0,0.0
2020-02-04,china,hebei,39.549,116.1306,126,13,1,0,0.0,0.0
2020-02-05,china,hebei,39.549,116.1306,135,9,1,0,0.0,0.0
2020-02-06,china,hebei,39.549,116.1306,157,22,1,0,0.0,0.0
2020-02-07,china,hebei,39.549,116.1306,172,15,1,0,0.0,0.0
2020-02-08,china,hebei,39.549,116.1306,195,23,1,0,0.0,0.0
2020-02-09,china,hebei,39.549,116.1306,206,11,2,1,0.0,0.0
2020-02-10,china,hebei,39.549,116.1306,218,12,2,0,0.0,0.0
2020-02-11,china,hebei,39.549,116.1306,239,21,2,0,0.0,0.0
2020-02-12,china,hebei,39.549,116.1306,251,12,2,0,0.0,0.0
2020-02-13,china,hebei,39.549,116.1306,265,14,3,1,0.0,0.0
2020-02-14,china,hebei,39.549,116.1306,283,18,3,0,0.0,0.0
2020-02-15,china,hebei,39.549,116.1306,291,8,3,0,0.0,0.0
2020-02-16,china,hebei,39.549,116.1306,300,9,3,0,0.0,0.0
2020-02-17,china,hebei,39.549,116.1306,301,1,3,0,0.0,0.0
2020-02-18,china,hebei,39.549,116.1306,306,5,4,1,0.0,0.0
2020-02-19,china,hebei,39.549,116.1306,306,0,4,0,0.0,0.0
2020-02-20,china,hebei,39.549,116.1306,307,1,5,1,0.0,0.0
2020-02-21,china,hebei,39.549,116.1306,308,1,5,0,0.0,0.0
2020-02-22,china,hebei,39.549,116.1306,309,1,6,1,0.0,0.0
2020-02-23,china,hebei,39.549,116.1306,311,2,6,0,0.0,0.0
2020-02-24,china,hebei,39.549,116.1306,311,0,6,0,0.0,0.0
2020-02-25,china,hebei,39.549,116.1306,311,0,6,0,0.0,0.0
2020-02-26,china,hebei,39.549,116.1306,312,1,6,0,0.0,0.0
2020-02-27,china,hebei,39.549,116.1306,317,5,6,0,0.0,0.0
2020-02-28,china,hebei,39.549,116.1306,318,1,6,0,0.0,0.0
2020-02-29,china,hebei,39.549,116.1306,318,0,6,0,0.0,0.0
2020-03-01,china,hebei,39.549,116.1306,318,0,6,0,0.0,0.0
2020-03-02,china,hebei,39.549,116.1306,318,0,6,0,0.0,0.0
2020-03-03,china,hebei,39.549,116.1306,318,0,6,0,0.0,0.0
2020-03-04,china,hebei,39.549,116.1306,318,0,6,0,0.0,0.0
2020-03-05,china,hebei,39.549,116.1306,318,0,6,0,0.0,0.0
2020-03-06,china,hebei,39.549,116.1306,318,0,6,0,0.0,0.0
2020-03-07,china,hebei,39.549,116.1306,318,0,6,0,0.0,0.0
2020-03-08,china,hebei,39.549,116.1306,318,0,6,0,0.0,0.0
2020-03-09,china,hebei,39.549,116.1306,318,0,6,0,0.0,0.0
2020-03-10,china,hebei,39.549,116.1306,318,0,6,0,0.0,0.0
2020-03-11,china,hebei,39.549,116.1306,318,0,6,0,0.0,0.0
2020-03-12,china,hebei,39.549,116.1306,318,0,6,0,0.0,0.0
2020-03-13,china,hebei,39.549,116.1306,318,0,6,0,0.0,0.0
2020-03-14,china,hebei,39.549,116.1306,318,0,6,0,0.0,0.0
2020-03-15,china,hebei,39.549,116.1306,318,0,6,0,0.0,0.0
2020-03-16,china,hebei,39.549,116.1306,318,0,6,0,0.0,0.0
2020-03-17,china,hebei,39.549,116.1306,318,0,6,0,0.0,0.0
2020-03-18,china,hebei,39.549,116.1306,318,0,6,0,0.0,0.0
2020-03-19,china,hebei,39.549,116.1306,318,0,6,0,0.0,0.0
2020-03-20,china,hebei,39.549,116.1306,318,0,6,0,0.0,0.0
2020-03-21,china,hebei,39.549,116.1306,318,0,6,0,0.0,0.0
2020-03-22,china,hebei,39.549,116.1306,319,1,6,0,0.0,0.0
2020-03-23,china,hebei,39.549,116.1306,319,0,6,0,0.0,0.0
2020-03-24,china,hebei,39.549,116.1306,319,0,6,0,0.0,0.0
2020-03-25,china,hebei,39.549,116.1306,319,0,6,0,0.0,0.0
2020-03-26,china,hebei,39.549,116.1306,319,0,6,0,0.0,0.0
2020-03-27,china,hebei,39.549,116.1306,319,0,6,0,0.0,0.0
2020-03-28,china,hebei,39.549,116.1306,319,0,6,0,0.0,0.0
2020-03-29,china,hebei,39.549,116.1306,319,0,6,0,0.0,0.0
2020-03-30,china,hebei,39.549,116.1306,321,2,6,0,0.0,0.0
2020-03-31,china,hebei,39.549,116.1306,321,0,6,0,0.0,0.0
2020-04-01,china,hebei,39.549,116.1306,323,2,6,0,0.0,0.0
2020-04-02,china,hebei,39.549,116.1306,325,2,6,0,0.0,0.0
2020-04-03,china,hebei,39.549,116.1306,326,1,6,0,0.0,0.0
2020-04-04,china,hebei,39.549,116.1306,326,0,6,0,0.0,0.0
2020-04-05,china,hebei,39.549,116.1306,327,1,6,0,0.0,0.0
2020-04-06,china,hebei,39.549,116.1306,327,0,6,0,0.0,0.0
2020-04-07,china,hebei,39.549,116.1306,327,0,6,0,0.0,0.0
2020-04-08,china,hebei,39.549,116.1306,327,0,6,0,0.0,0.0
2020-04-09,china,hebei,39.549,116.1306,327,0,6,0,0.0,0.0
2020-04-10,china,hebei,39.549,116.1306,327,0,6,0,0.0,0.0
2020-04-11,china,hebei,39.549,116.1306,327,0,6,0,0.0,0.0
2020-04-12,china,hebei,39.549,116.1306,327,0,6,0,0.0,0.0
2020-04-13,china,hebei,39.549,116.1306,327,0,6,0,0.0,0.0
2020-04-14,china,hebei,39.549,116.1306,327,0,6,0,0.0,0.0
2020-04-15,china,hebei,39.549,116.1306,327,0,6,0,0.0,0.0
2020-04-16,china,hebei,39.549,116.1306,328,1,6,0,0.0,0.0
2020-04-17,china,hebei,39.549,116.1306,328,0,6,0,0.0,0.0
2020-04-18,china,hebei,39.549,116.1306,328,0,6,0,0.0,0.0
2020-04-19,china,hebei,39.549,116.1306,328,0,6,0,0.0,0.0
2020-04-20,china,hebei,39.549,116.1306,328,0,6,0,0.0,0.0
2020-04-21,china,hebei,39.549,116.1306,328,0,6,0,0.0,0.0
2020-04-22,china,hebei,39.549,116.1306,328,0,6,0,0.0,0.0
2020-04-23,china,hebei,39.549,116.1306,328,0,6,0,0.0,0.0
2020-04-24,china,hebei,39.549,116.1306,328,0,6,0,0.0,0.0
2020-04-25,china,hebei,39.549,116.1306,328,0,6,0,0.0,0.0
2020-04-26,china,hebei,39.549,116.1306,328,0,6,0,0.0,0.0
2020-04-27,china,hebei,39.549,116.1306,328,0,6,0,0.0,0.0
2020-04-28,china,hebei,39.549,116.1306,328,0,6,0,0.0,0.0
2020-04-29,china,hebei,39.549,116.1306,328,0,6,0,0.0,0.0
2020-04-30,china,hebei,39.549,116.1306,328,0,6,0,0.0,0.0
2020-05-01,china,hebei,39.549,116.1306,328,0,6,0,0.0,0.0
2020-05-02,china,hebei,39.549,116.1306,328,0,6,0,0.0,0.0
2020-05-03,china,hebei,39.549,116.1306,328,0,6,0,0.0,0.0
2020-05-04,china,hebei,39.549,116.1306,328,0,6,0,0.0,0.0
2020-05-05,china,hebei,39.549,116.1306,328,0,6,0,0.0,0.0
2020-05-06,china,hebei,39.549,116.1306,328,0,6,0,0.0,0.0
2020-05-07,china,hebei,39.549,116.1306,328,0,6,0,0.0,0.0
2020-05-08,china,hebei,39.549,116.1306,328,0,6,0,0.0,0.0
2020-05-09,china,hebei,39.549,116.1306,328,0,6,0,0.0,0.0
2020-05-10,china,hebei,39.549,116.1306,328,0,6,0,0.0,0.0
2020-05-11,china,hebei,39.549,116.1306,328,0,6,0,0.0,0.0
2020-05-12,china,hebei,39.549,116.1306,328,0,6,0,0.0,0.0
2020-05-13,china,hebei,39.549,116.1306,328,0,6,0,0.0,0.0
2020-05-14,china,hebei,39.549,116.1306,328,0,6,0,0.0,0.0
2020-05-15,china,hebei,39.549,116.1306,328,0,6,0,0.0,0.0
2020-05-16,china,hebei,39.549,116.1306,328,0,6,0,0.0,0.0
2020-05-17,china,hebei,39.549,116.1306,328,0,6,0,0.0,0.0
2020-05-18,china,hebei,39.549,116.1306,328,0,6,0,0.0,0.0
2020-05-19,china,hebei,39.549,116.1306,328,0,6,0,0.0,0.0
2020-05-20,china,hebei,39.549,116.1306,328,0,6,0,0.0,0.0
2020-05-21,china,hebei,39.549,116.1306,328,0,6,0,0.0,0.0
2020-05-22,china,hebei,39.549,116.1306,328,0,6,0,0.0,0.0
2020-05-23,china,hebei,39.549,116.1306,328,0,6,0,0.0,0.0
2020-05-24,china,hebei,39.549,116.1306,328,0,6,0,0.0,0.0
2020-05-25,china,hebei,39.549,116.1306,328,0,6,0,0.0,0.0
2020-05-26,china,hebei,39.549,116.1306,328,0,6,0,0.0,0.0
2020-05-27,china,hebei,39.549,116.1306,328,0,6,0,0.0,0.0
2020-05-28,china,hebei,39.549,116.1306,328,0,6,0,0.0,0.0
2020-05-29,china,hebei,39.549,116.1306,328,0,6,0,0.0,0.0
2020-05-30,china,hebei,39.549,116.1306,328,0,6,0,0.0,0.0
2020-05-31,china,hebei,39.549,116.1306,328,0,6,0,0.0,0.0
2020-06-01,china,hebei,39.549,116.1306,328,0,6,0,0.0,0.0
2020-06-02,china,hebei,39.549,116.1306,328,0,6,0,0.0,0.0
2020-06-03,china,hebei,39.549,116.1306,328,0,6,0,0.0,0.0
2020-06-04,china,hebei,39.549,116.1306,328,0,6,0,0.0,0.0
2020-06-05,china,hebei,39.549,116.1306,328,0,6,0,0.0,0.0
2020-06-06,china,hebei,39.549,116.1306,328,0,6,0,0.0,0.0
2020-06-07,china,hebei,39.549,116.1306,328,0,6,0,0.0,0.0
2020-06-08,china,hebei,39.549,116.1306,328,0,6,0,0.0,0.0
2020-06-09,china,hebei,39.549,116.1306,328,0,6,0,0.0,0.0
2020-06-10,china,hebei,39.549,116.1306,328,0,6,0,0.0,0.0
2020-06-11,china,hebei,39.549,116.1306,328,0,6,0,0.0,0.0
2020-06-12,china,hebei,39.549,116.1306,328,0,6,0,0.0,0.0
2020-06-13,china,hebei,39.549,116.1306,328,0,6,0,0.0,0.0
2020-06-14,china,hebei,39.549,116.1306,331,3,6,0,0.0,0.0
2020-06-15,china,hebei,39.549,116.1306,335,4,6,0,0.0,0.0
2020-06-16,china,hebei,39.549,116.1306,336,1,6,0,0.0,0.0
2020-06-17,china,hebei,39.549,116.1306,338,2,6,0,0.0,0.0
2020-06-18,china,hebei,39.549,116.1306,340,2,6,0,0.0,0.0
2020-06-19,china,hebei,39.549,116.1306,340,0,6,0,0.0,0.0
2020-06-20,china,hebei,39.549,116.1306,344,4,6,0,0.0,0.0
2020-06-21,china,hebei,39.549,116.1306,346,2,6,0,0.0,0.0
2020-06-22,china,hebei,39.549,116.1306,346,0,6,0,0.0,0.0
2020-06-23,china,hebei,39.549,116.1306,348,2,6,0,0.0,0.0
2020-06-24,china,hebei,39.549,116.1306,349,1,6,0,0.0,0.0
2020-06-25,china,hebei,39.549,116.1306,349,0,6,0,0.0,0.0
2020-06-26,china,hebei,39.549,116.1306,349,0,6,0,0.0,0.0
2020-06-27,china,hebei,39.549,116.1306,349,0,6,0,0.0,0.0
2020-06-28,china,hebei,39.549,116.1306,349,0,6,0,0.0,0.0
2020-06-29,china,hebei,39.549,116.1306,349,0,6,0,0.0,0.0
2020-06-30,china,hebei,39.549,116.1306,349,0,6,0,0.0,0.0
2020-07-01,china,hebei,39.549,116.1306,349,0,6,0,0.0,0.0
2020-07-02,china,hebei,39.549,116.1306,349,0,6,0,0.0,0.0
2020-07-03,china,hebei,39.549,116.1306,349,0,6,0,0.0,0.0
2020-07-04,china,hebei,39.549,116.1306,349,0,6,0,0.0,0.0
2020-07-05,china,hebei,39.549,116.1306,349,0,6,0,0.0,0.0
2020-07-06,china,hebei,39.549,116.1306,349,0,6,0,0.0,0.0
2020-07-07,china,hebei,39.549,116.1306,349,0,6,0,0.0,0.0
2020-07-08,china,hebei,39.549,116.1306,349,0,6,0,0.0,0.0
2020-07-09,china,hebei,39.549,116.1306,349,0,6,0,0.0,0.0
2020-07-10,china,hebei,39.549,116.1306,349,0,6,0,0.0,0.0
2020-07-11,china,hebei,39.549,116.1306,349,0,6,0,0.0,0.0
2020-07-12,china,hebei,39.549,116.1306,349,0,6,0,0.0,0.0
2020-07-13,china,hebei,39.549,116.1306,349,0,6,0,0.0,0.0
2020-07-14,china,hebei,39.549,116.1306,349,0,6,0,0.0,0.0
2020-07-15,china,hebei,39.549,116.1306,349,0,6,0,0.0,0.0
2020-07-16,china,hebei,39.549,116.1306,349,0,6,0,0.0,0.0
2020-07-17,china,hebei,39.549,116.1306,349,0,6,0,0.0,0.0
2020-07-18,china,hebei,39.549,116.1306,349,0,6,0,0.0,0.0
2020-07-19,china,hebei,39.549,116.1306,349,0,6,0,0.0,0.0
2020-07-20,china,hebei,39.549,116.1306,349,0,6,0,0.0,0.0
2020-07-21,china,hebei,39.549,116.1306,349,0,6,0,0.0,0.0
2020-07-22,china,hebei,39.549,116.1306,349,0,6,0,0.0,0.0
2020-07-23,china,hebei,39.549,116.1306,349,0,6,0,0.0,0.0
2020-07-24,china,hebei,39.549,116.1306,349,0,6,0,0.0,0.0
2020-07-25,china,hebei,39.549,116.1306,349,0,6,0,0.0,0.0
2020-07-26,china,hebei,39.549,116.1306,349,0,6,0,0.0,0.0
2020-07-27,china,hebei,39.549,116.1306,349,0,6,0,0.0,0.0
2020-07-28,china,hebei,39.549,116.1306,349,0,6,0,0.0,0.0
2020-07-29,china,hebei,39.549,116.1306,349,0,6,0,0.0,0.0
2020-07-30,china,hebei,39.549,116.1306,349,0,6,0,0.0,0.0
2020-07-31,china,hebei,39.549,116.1306,349,0,6,0,0.0,0.0
