index_x,state,country,lat,long,date,confirmed,confirmed_new,index_y,deaths,deaths_new,index,recovered,recovered_new
60,henan,china,33.882,113.61399999999999,2020-01-22,5,5,60,0,0,51.0,0.0,0.0
318,henan,china,33.882,113.61399999999999,2020-01-23,5,0,318,0,0,295.0,0.0,0.0
576,henan,china,33.882,113.61399999999999,2020-01-24,9,4,576,0,0,539.0,0.0,0.0
834,henan,china,33.882,113.61399999999999,2020-01-25,32,23,834,0,0,783.0,0.0,0.0
1092,henan,china,33.882,113.61399999999999,2020-01-26,83,51,1092,1,1,1027.0,0.0,0.0
1350,henan,china,33.882,113.61399999999999,2020-01-27,128,45,1350,1,0,1271.0,0.0,0.0
1608,henan,china,33.882,113.61399999999999,2020-01-28,168,40,1608,1,0,1515.0,0.0,0.0
1866,henan,china,33.882,113.61399999999999,2020-01-29,206,38,1866,2,1,1759.0,1.0,1.0
2124,henan,china,33.882,113.61399999999999,2020-01-30,278,72,2124,2,0,2003.0,2.0,1.0
2382,henan,china,33.882,113.61399999999999,2020-01-31,352,74,2382,2,0,2247.0,3.0,1.0
2640,henan,china,33.882,113.61399999999999,2020-02-01,422,70,2640,2,0,2491.0,3.0,0.0
2898,henan,china,33.882,113.61399999999999,2020-02-02,493,71,2898,2,0,2735.0,10.0,7.0
3156,henan,china,33.882,113.61399999999999,2020-02-03,566,73,3156,2,0,2979.0,16.0,6.0
3414,henan,china,33.882,113.61399999999999,2020-02-04,675,109,3414,2,0,3223.0,27.0,11.0
3672,henan,china,33.882,113.61399999999999,2020-02-05,764,89,3672,2,0,3467.0,47.0,20.0
3930,henan,china,33.882,113.61399999999999,2020-02-06,851,87,3930,2,0,3711.0,56.0,9.0
4188,henan,china,33.882,113.61399999999999,2020-02-07,914,63,4188,3,1,3955.0,86.0,30.0
4446,henan,china,33.882,113.61399999999999,2020-02-08,981,67,4446,4,1,4199.0,116.0,30.0
4704,henan,china,33.882,113.61399999999999,2020-02-09,1033,52,4704,6,2,4443.0,153.0,37.0
4962,henan,china,33.882,113.61399999999999,2020-02-10,1073,40,4962,6,0,4687.0,191.0,38.0
5220,henan,china,33.882,113.61399999999999,2020-02-11,1105,32,5220,7,1,4931.0,218.0,27.0
5478,henan,china,33.882,113.61399999999999,2020-02-12,1135,30,5478,8,1,5175.0,246.0,28.0
5736,henan,china,33.882,113.61399999999999,2020-02-13,1169,34,5736,10,2,5419.0,296.0,50.0
5994,henan,china,33.882,113.61399999999999,2020-02-14,1184,15,5994,11,1,5663.0,357.0,61.0
6252,henan,china,33.882,113.61399999999999,2020-02-15,1212,28,6252,13,2,5907.0,391.0,34.0
6510,henan,china,33.882,113.61399999999999,2020-02-16,1231,19,6510,13,0,6151.0,440.0,49.0
6768,henan,china,33.882,113.61399999999999,2020-02-17,1246,15,6768,16,3,6395.0,509.0,69.0
7026,henan,china,33.882,113.61399999999999,2020-02-18,1257,11,7026,19,3,6639.0,522.0,13.0
7284,henan,china,33.882,113.61399999999999,2020-02-19,1262,5,7284,19,0,6883.0,573.0,51.0
7542,henan,china,33.882,113.61399999999999,2020-02-20,1265,3,7542,19,0,7127.0,637.0,64.0
7800,henan,china,33.882,113.61399999999999,2020-02-21,1267,2,7800,19,0,7371.0,736.0,99.0
8058,henan,china,33.882,113.61399999999999,2020-02-22,1270,3,8058,19,0,7615.0,830.0,94.0
8316,henan,china,33.882,113.61399999999999,2020-02-23,1271,1,8316,19,0,7859.0,868.0,38.0
8574,henan,china,33.882,113.61399999999999,2020-02-24,1271,0,8574,19,0,8103.0,943.0,75.0
8832,henan,china,33.882,113.61399999999999,2020-02-25,1271,0,8832,19,0,8347.0,1002.0,59.0
9090,henan,china,33.882,113.61399999999999,2020-02-26,1271,0,9090,19,0,8591.0,1033.0,31.0
9348,henan,china,33.882,113.61399999999999,2020-02-27,1272,1,9348,20,1,8835.0,1068.0,35.0
9606,henan,china,33.882,113.61399999999999,2020-02-28,1272,0,9606,20,0,9079.0,1112.0,44.0
9864,henan,china,33.882,113.61399999999999,2020-02-29,1272,0,9864,21,1,9323.0,1170.0,58.0
10122,henan,china,33.882,113.61399999999999,2020-03-01,1272,0,10122,22,1,9567.0,1198.0,28.0
10380,henan,china,33.882,113.61399999999999,2020-03-02,1272,0,10380,22,0,9811.0,1205.0,7.0
10638,henan,china,33.882,113.61399999999999,2020-03-03,1272,0,10638,22,0,10055.0,1231.0,26.0
10896,henan,china,33.882,113.61399999999999,2020-03-04,1272,0,10896,22,0,10299.0,1234.0,3.0
11154,henan,china,33.882,113.61399999999999,2020-03-05,1272,0,11154,22,0,10543.0,1239.0,5.0
11412,henan,china,33.882,113.61399999999999,2020-03-06,1272,0,11412,22,0,10787.0,1244.0,5.0
11670,henan,china,33.882,113.61399999999999,2020-03-07,1272,0,11670,22,0,11031.0,1244.0,0.0
11928,henan,china,33.882,113.61399999999999,2020-03-08,1272,0,11928,22,0,11275.0,1247.0,3.0
12186,henan,china,33.882,113.61399999999999,2020-03-09,1272,0,12186,22,0,11519.0,1247.0,0.0
12444,henan,china,33.882,113.61399999999999,2020-03-10,1272,0,12444,22,0,11763.0,1247.0,0.0
12702,henan,china,33.882,113.61399999999999,2020-03-11,1273,1,12702,22,0,12007.0,1249.0,2.0
12960,henan,china,33.882,113.61399999999999,2020-03-12,1273,0,12960,22,0,12251.0,1249.0,0.0
13218,henan,china,33.882,113.61399999999999,2020-03-13,1273,0,13218,22,0,12495.0,1249.0,0.0
13476,henan,china,33.882,113.61399999999999,2020-03-14,1273,0,13476,22,0,12739.0,1250.0,1.0
13734,henan,china,33.882,113.61399999999999,2020-03-15,1273,0,13734,22,0,12983.0,1250.0,0.0
13992,henan,china,33.882,113.61399999999999,2020-03-16,1273,0,13992,22,0,13227.0,1250.0,0.0
14250,henan,china,33.882,113.61399999999999,2020-03-17,1273,0,14250,22,0,13471.0,1250.0,0.0
14508,henan,china,33.882,113.61399999999999,2020-03-18,1273,0,14508,22,0,13715.0,1250.0,0.0
14766,henan,china,33.882,113.61399999999999,2020-03-19,1273,0,14766,22,0,13959.0,1250.0,0.0
15024,henan,china,33.882,113.61399999999999,2020-03-20,1273,0,15024,22,0,14203.0,1250.0,0.0
15282,henan,china,33.882,113.61399999999999,2020-03-21,1273,0,15282,22,0,14447.0,1250.0,0.0
15540,henan,china,33.882,113.61399999999999,2020-03-22,1274,1,15540,22,0,14691.0,1250.0,0.0
15798,henan,china,33.882,113.61399999999999,2020-03-23,1274,0,15798,22,0,14935.0,1250.0,0.0
16056,henan,china,33.882,113.61399999999999,2020-03-24,1274,0,16056,22,0,15179.0,1250.0,0.0
16314,henan,china,33.882,113.61399999999999,2020-03-25,1274,0,16314,22,0,15423.0,1250.0,0.0
16572,henan,china,33.882,113.61399999999999,2020-03-26,1275,1,16572,22,0,15667.0,1250.0,0.0
16830,henan,china,33.882,113.61399999999999,2020-03-27,1275,0,16830,22,0,15911.0,1250.0,0.0
17088,henan,china,33.882,113.61399999999999,2020-03-28,1275,0,17088,22,0,16155.0,1251.0,1.0
17346,henan,china,33.882,113.61399999999999,2020-03-29,1276,1,17346,22,0,16399.0,1251.0,0.0
17604,henan,china,33.882,113.61399999999999,2020-03-30,1276,0,17604,22,0,16643.0,1251.0,0.0
17862,henan,china,33.882,113.61399999999999,2020-03-31,1276,0,17862,22,0,16887.0,1251.0,0.0
18120,henan,china,33.882,113.61399999999999,2020-04-01,1276,0,18120,22,0,17131.0,1251.0,0.0
18378,henan,china,33.882,113.61399999999999,2020-04-02,1276,0,18378,22,0,17375.0,1251.0,0.0
