date,country,state,lat,long,confirmed,confirmed_new,deaths,deaths_new,recovered,recovered_new
2020-01-22,china,zhejiang,29.1832,120.0934,10,10,0,0,0.0,0.0
2020-01-23,china,zhejiang,29.1832,120.0934,27,17,0,0,0.0,0.0
2020-01-24,china,zhejiang,29.1832,120.0934,43,16,0,0,1.0,1.0
2020-01-25,china,zhejiang,29.1832,120.0934,62,19,0,0,1.0,0.0
2020-01-26,china,zhejiang,29.1832,120.0934,104,42,0,0,1.0,0.0
2020-01-27,china,zhejiang,29.1832,120.0934,128,24,0,0,1.0,0.0
2020-01-28,china,zhejiang,29.1832,120.0934,173,45,0,0,3.0,2.0
2020-01-29,china,zhejiang,29.1832,120.0934,296,123,0,0,3.0,0.0
2020-01-30,china,zhejiang,29.1832,120.0934,428,132,0,0,4.0,1.0
2020-01-31,china,zhejiang,29.1832,120.0934,538,110,0,0,14.0,10.0
2020-02-01,china,zhejiang,29.1832,120.0934,599,61,0,0,21.0,7.0
2020-02-02,china,zhejiang,29.1832,120.0934,661,62,0,0,32.0,11.0
2020-02-03,china,zhejiang,29.1832,120.0934,724,63,0,0,43.0,11.0
2020-02-04,china,zhejiang,29.1832,120.0934,829,105,0,0,62.0,19.0
2020-02-05,china,zhejiang,29.1832,120.0934,895,66,0,0,78.0,16.0
2020-02-06,china,zhejiang,29.1832,120.0934,954,59,0,0,94.0,16.0
2020-02-07,china,zhejiang,29.1832,120.0934,1006,52,0,0,123.0,29.0
2020-02-08,china,zhejiang,29.1832,120.0934,1048,42,0,0,175.0,52.0
2020-02-09,china,zhejiang,29.1832,120.0934,1075,27,0,0,201.0,26.0
2020-02-10,china,zhejiang,29.1832,120.0934,1092,17,0,0,242.0,41.0
2020-02-11,china,zhejiang,29.1832,120.0934,1117,25,0,0,270.0,28.0
2020-02-12,china,zhejiang,29.1832,120.0934,1131,14,0,0,321.0,51.0
2020-02-13,china,zhejiang,29.1832,120.0934,1145,14,0,0,360.0,39.0
2020-02-14,china,zhejiang,29.1832,120.0934,1155,10,0,0,403.0,43.0
2020-02-15,china,zhejiang,29.1832,120.0934,1162,7,0,0,428.0,25.0
2020-02-16,china,zhejiang,29.1832,120.0934,1167,5,0,0,456.0,28.0
2020-02-17,china,zhejiang,29.1832,120.0934,1171,4,0,0,507.0,51.0
2020-02-18,china,zhejiang,29.1832,120.0934,1172,1,0,0,535.0,28.0
2020-02-19,china,zhejiang,29.1832,120.0934,1174,2,0,0,604.0,69.0
2020-02-20,china,zhejiang,29.1832,120.0934,1175,1,1,1,633.0,29.0
2020-02-21,china,zhejiang,29.1832,120.0934,1203,28,1,0,679.0,46.0
2020-02-22,china,zhejiang,29.1832,120.0934,1205,2,1,0,719.0,40.0
2020-02-23,china,zhejiang,29.1832,120.0934,1205,0,1,0,760.0,41.0
2020-02-24,china,zhejiang,29.1832,120.0934,1205,0,1,0,782.0,22.0
2020-02-25,china,zhejiang,29.1832,120.0934,1205,0,1,0,808.0,26.0
2020-02-26,china,zhejiang,29.1832,120.0934,1205,0,1,0,867.0,59.0
2020-02-27,china,zhejiang,29.1832,120.0934,1205,0,1,0,932.0,65.0
2020-02-28,china,zhejiang,29.1832,120.0934,1205,0,1,0,975.0,43.0
2020-02-29,china,zhejiang,29.1832,120.0934,1205,0,1,0,1016.0,41.0
2020-03-01,china,zhejiang,29.1832,120.0934,1205,0,1,0,1046.0,30.0
2020-03-02,china,zhejiang,29.1832,120.0934,1206,1,1,0,1069.0,23.0
2020-03-03,china,zhejiang,29.1832,120.0934,1213,7,1,0,1093.0,24.0
2020-03-04,china,zhejiang,29.1832,120.0934,1213,0,1,0,1114.0,21.0
2020-03-05,china,zhejiang,29.1832,120.0934,1215,2,1,0,1124.0,10.0
2020-03-06,china,zhejiang,29.1832,120.0934,1215,0,1,0,1147.0,23.0
2020-03-07,china,zhejiang,29.1832,120.0934,1215,0,1,0,1154.0,7.0
2020-03-08,china,zhejiang,29.1832,120.0934,1215,0,1,0,1161.0,7.0
2020-03-09,china,zhejiang,29.1832,120.0934,1215,0,1,0,1176.0,15.0
2020-03-10,china,zhejiang,29.1832,120.0934,1215,0,1,0,1191.0,15.0
2020-03-11,china,zhejiang,29.1832,120.0934,1215,0,1,0,1195.0,4.0
2020-03-12,china,zhejiang,29.1832,120.0934,1215,0,1,0,1197.0,2.0
2020-03-13,china,zhejiang,29.1832,120.0934,1215,0,1,0,1197.0,0.0
2020-03-14,china,zhejiang,29.1832,120.0934,1227,12,1,0,1211.0,14.0
2020-03-15,china,zhejiang,29.1832,120.0934,1231,4,1,0,1211.0,0.0
2020-03-16,china,zhejiang,29.1832,120.0934,1231,0,1,0,1216.0,5.0
2020-03-17,china,zhejiang,29.1832,120.0934,1232,1,1,0,1216.0,0.0
2020-03-18,china,zhejiang,29.1832,120.0934,1232,0,1,0,1216.0,0.0
2020-03-19,china,zhejiang,29.1832,120.0934,1233,1,1,0,1217.0,1.0
2020-03-20,china,zhejiang,29.1832,120.0934,1234,1,1,0,1219.0,2.0
2020-03-21,china,zhejiang,29.1832,120.0934,1236,2,1,0,1219.0,0.0
2020-03-22,china,zhejiang,29.1832,120.0934,1238,2,1,0,1219.0,0.0
2020-03-23,china,zhejiang,29.1832,120.0934,1238,0,1,0,1221.0,2.0
2020-03-24,china,zhejiang,29.1832,120.0934,1240,2,1,0,1221.0,0.0
2020-03-25,china,zhejiang,29.1832,120.0934,1241,1,1,0,1221.0,0.0
2020-03-26,china,zhejiang,29.1832,120.0934,1243,2,1,0,1222.0,1.0
2020-03-27,china,zhejiang,29.1832,120.0934,1247,4,1,0,1222.0,0.0
2020-03-28,china,zhejiang,29.1832,120.0934,1251,4,1,0,1225.0,3.0
2020-03-29,china,zhejiang,29.1832,120.0934,1254,3,1,0,1225.0,0.0
2020-03-30,china,zhejiang,29.1832,120.0934,1255,1,1,0,1225.0,0.0
2020-03-31,china,zhejiang,29.1832,120.0934,1257,2,1,0,1226.0,1.0
2020-04-01,china,zhejiang,29.1832,120.0934,1257,0,1,0,1226.0,0.0
2020-04-02,china,zhejiang,29.1832,120.0934,1258,1,1,0,1228.0,2.0
2020-04-03,china,zhejiang,29.1832,120.0934,1260,2,1,0,1228.0,0.0
2020-04-04,china,zhejiang,29.1832,120.0934,1262,2,1,0,1229.0,1.0
2020-04-05,china,zhejiang,29.1832,120.0934,1263,1,1,0,1230.0,1.0
2020-04-06,china,zhejiang,29.1832,120.0934,1264,1,1,0,1230.0,0.0
2020-04-07,china,zhejiang,29.1832,120.0934,1265,1,1,0,1230.0,0.0
2020-04-08,china,zhejiang,29.1832,120.0934,1266,1,1,0,1232.0,2.0
2020-04-09,china,zhejiang,29.1832,120.0934,1267,1,1,0,1235.0,3.0
2020-04-10,china,zhejiang,29.1832,120.0934,1267,0,1,0,1235.0,0.0
2020-04-11,china,zhejiang,29.1832,120.0934,1267,0,1,0,1236.0,1.0
2020-04-12,china,zhejiang,29.1832,120.0934,1267,0,1,0,1238.0,2.0
2020-04-13,china,zhejiang,29.1832,120.0934,1267,0,1,0,1239.0,1.0
2020-04-14,china,zhejiang,29.1832,120.0934,1267,0,1,0,1242.0,3.0
2020-04-15,china,zhejiang,29.1832,120.0934,1268,1,1,0,1244.0,2.0
2020-04-16,china,zhejiang,29.1832,120.0934,1268,0,1,0,1244.0,0.0
2020-04-17,china,zhejiang,29.1832,120.0934,1268,0,1,0,1246.0,2.0
2020-04-18,china,zhejiang,29.1832,120.0934,1268,0,1,0,1246.0,0.0
2020-04-19,china,zhejiang,29.1832,120.0934,1268,0,1,0,1247.0,1.0
2020-04-20,china,zhejiang,29.1832,120.0934,1268,0,1,0,1249.0,2.0
2020-04-21,china,zhejiang,29.1832,120.0934,1268,0,1,0,1251.0,2.0
2020-04-22,china,zhejiang,29.1832,120.0934,1268,0,1,0,1252.0,1.0
2020-04-23,china,zhejiang,29.1832,120.0934,1268,0,1,0,1256.0,4.0
2020-04-24,china,zhejiang,29.1832,120.0934,1268,0,1,0,1256.0,0.0
2020-04-25,china,zhejiang,29.1832,120.0934,1268,0,1,0,1257.0,1.0
2020-04-26,china,zhejiang,29.1832,120.0934,1268,0,1,0,1258.0,1.0
2020-04-27,china,zhejiang,29.1832,120.0934,1268,0,1,0,1261.0,3.0
2020-04-28,china,zhejiang,29.1832,120.0934,1268,0,1,0,1262.0,1.0
2020-04-29,china,zhejiang,29.1832,120.0934,1268,0,1,0,1263.0,1.0
2020-04-30,china,zhejiang,29.1832,120.0934,1268,0,1,0,1264.0,1.0
2020-05-01,china,zhejiang,29.1832,120.0934,1268,0,1,0,1265.0,1.0
2020-05-02,china,zhejiang,29.1832,120.0934,1268,0,1,0,1265.0,0.0
2020-05-03,china,zhejiang,29.1832,120.0934,1268,0,1,0,1265.0,0.0
2020-05-04,china,zhejiang,29.1832,120.0934,1268,0,1,0,1267.0,2.0
2020-05-05,china,zhejiang,29.1832,120.0934,1268,0,1,0,1267.0,0.0
2020-05-06,china,zhejiang,29.1832,120.0934,1268,0,1,0,1267.0,0.0
2020-05-07,china,zhejiang,29.1832,120.0934,1268,0,1,0,1267.0,0.0
2020-05-08,china,zhejiang,29.1832,120.0934,1268,0,1,0,1267.0,0.0
2020-05-09,china,zhejiang,29.1832,120.0934,1268,0,1,0,1267.0,0.0
2020-05-10,china,zhejiang,29.1832,120.0934,1268,0,1,0,1267.0,0.0
2020-05-11,china,zhejiang,29.1832,120.0934,1268,0,1,0,1267.0,0.0
2020-05-12,china,zhejiang,29.1832,120.0934,1268,0,1,0,1267.0,0.0
2020-05-13,china,zhejiang,29.1832,120.0934,1268,0,1,0,1267.0,0.0
2020-05-14,china,zhejiang,29.1832,120.0934,1268,0,1,0,1267.0,0.0
2020-05-15,china,zhejiang,29.1832,120.0934,1268,0,1,0,1267.0,0.0
2020-05-16,china,zhejiang,29.1832,120.0934,1268,0,1,0,1267.0,0.0
2020-05-17,china,zhejiang,29.1832,120.0934,1268,0,1,0,1267.0,0.0
2020-05-18,china,zhejiang,29.1832,120.0934,1268,0,1,0,1267.0,0.0
2020-05-19,china,zhejiang,29.1832,120.0934,1268,0,1,0,1267.0,0.0
2020-05-20,china,zhejiang,29.1832,120.0934,1268,0,1,0,1267.0,0.0
2020-05-21,china,zhejiang,29.1832,120.0934,1268,0,1,0,1267.0,0.0
2020-05-22,china,zhejiang,29.1832,120.0934,1268,0,1,0,1267.0,0.0
2020-05-23,china,zhejiang,29.1832,120.0934,1268,0,1,0,1267.0,0.0
2020-05-24,china,zhejiang,29.1832,120.0934,1268,0,1,0,1267.0,0.0
2020-05-25,china,zhejiang,29.1832,120.0934,1268,0,1,0,1267.0,0.0
2020-05-26,china,zhejiang,29.1832,120.0934,1268,0,1,0,1267.0,0.0
2020-05-27,china,zhejiang,29.1832,120.0934,1268,0,1,0,1267.0,0.0
2020-05-28,china,zhejiang,29.1832,120.0934,1268,0,1,0,1267.0,0.0
2020-05-29,china,zhejiang,29.1832,120.0934,1268,0,1,0,1267.0,0.0
2020-05-30,china,zhejiang,29.1832,120.0934,1268,0,1,0,1267.0,0.0
2020-05-31,china,zhejiang,29.1832,120.0934,1268,0,1,0,1267.0,0.0
2020-06-01,china,zhejiang,29.1832,120.0934,1268,0,1,0,1267.0,0.0
2020-06-02,china,zhejiang,29.1832,120.0934,1268,0,1,0,1267.0,0.0
2020-06-03,china,zhejiang,29.1832,120.0934,1268,0,1,0,1267.0,0.0
2020-06-04,china,zhejiang,29.1832,120.0934,1268,0,1,0,1267.0,0.0
2020-06-05,china,zhejiang,29.1832,120.0934,1268,0,1,0,1267.0,0.0
2020-06-06,china,zhejiang,29.1832,120.0934,1268,0,1,0,1267.0,0.0
2020-06-07,china,zhejiang,29.1832,120.0934,1268,0,1,0,1267.0,0.0
2020-06-08,china,zhejiang,29.1832,120.0934,1268,0,1,0,1267.0,0.0
2020-06-09,china,zhejiang,29.1832,120.0934,1268,0,1,0,1267.0,0.0
2020-06-10,china,zhejiang,29.1832,120.0934,1268,0,1,0,1267.0,0.0
2020-06-11,china,zhejiang,29.1832,120.0934,1268,0,1,0,1267.0,0.0
2020-06-12,china,zhejiang,29.1832,120.0934,1268,0,1,0,1267.0,0.0
2020-06-13,china,zhejiang,29.1832,120.0934,1268,0,1,0,1267.0,0.0
2020-06-14,china,zhejiang,29.1832,120.0934,1268,0,1,0,1267.0,0.0
2020-06-15,china,zhejiang,29.1832,120.0934,1268,0,1,0,1267.0,0.0
2020-06-16,china,zhejiang,29.1832,120.0934,1269,1,1,0,1267.0,0.0
2020-06-17,china,zhejiang,29.1832,120.0934,1269,0,1,0,1267.0,0.0
2020-06-18,china,zhejiang,29.1832,120.0934,1269,0,1,0,1267.0,0.0
2020-06-19,china,zhejiang,29.1832,120.0934,1269,0,1,0,1267.0,0.0
2020-06-20,china,zhejiang,29.1832,120.0934,1269,0,1,0,1267.0,0.0
2020-06-21,china,zhejiang,29.1832,120.0934,1269,0,1,0,1267.0,0.0
2020-06-22,china,zhejiang,29.1832,120.0934,1269,0,1,0,1267.0,0.0
2020-06-23,china,zhejiang,29.1832,120.0934,1269,0,1,0,1267.0,0.0
2020-06-24,china,zhejiang,29.1832,120.0934,1269,0,1,0,1267.0,0.0
2020-06-25,china,zhejiang,29.1832,120.0934,1269,0,1,0,1267.0,0.0
2020-06-26,china,zhejiang,29.1832,120.0934,1269,0,1,0,1267.0,0.0
2020-06-27,china,zhejiang,29.1832,120.0934,1269,0,1,0,1267.0,0.0
2020-06-28,china,zhejiang,29.1832,120.0934,1269,0,1,0,1267.0,0.0
2020-06-29,china,zhejiang,29.1832,120.0934,1269,0,1,0,1267.0,0.0
2020-06-30,china,zhejiang,29.1832,120.0934,1269,0,1,0,1267.0,0.0
2020-07-01,china,zhejiang,29.1832,120.0934,1269,0,1,0,1267.0,0.0
2020-07-02,china,zhejiang,29.1832,120.0934,1269,0,1,0,1267.0,0.0
2020-07-03,china,zhejiang,29.1832,120.0934,1269,0,1,0,1267.0,0.0
2020-07-04,china,zhejiang,29.1832,120.0934,1269,0,1,0,1267.0,0.0
2020-07-05,china,zhejiang,29.1832,120.0934,1269,0,1,0,1267.0,0.0
2020-07-06,china,zhejiang,29.1832,120.0934,1269,0,1,0,1267.0,0.0
2020-07-07,china,zhejiang,29.1832,120.0934,1269,0,1,0,1267.0,0.0
2020-07-08,china,zhejiang,29.1832,120.0934,1269,0,1,0,1267.0,0.0
2020-07-09,china,zhejiang,29.1832,120.0934,1269,0,1,0,1267.0,0.0
2020-07-10,china,zhejiang,29.1832,120.0934,1269,0,1,0,1267.0,0.0
2020-07-11,china,zhejiang,29.1832,120.0934,1270,1,1,0,1267.0,0.0
2020-07-12,china,zhejiang,29.1832,120.0934,1270,0,1,0,1267.0,0.0
2020-07-13,china,zhejiang,29.1832,120.0934,1270,0,1,0,1267.0,0.0
2020-07-14,china,zhejiang,29.1832,120.0934,1270,0,1,0,1267.0,0.0
2020-07-15,china,zhejiang,29.1832,120.0934,1270,0,1,0,1267.0,0.0
2020-07-16,china,zhejiang,29.1832,120.0934,1270,0,1,0,1267.0,0.0
2020-07-17,china,zhejiang,29.1832,120.0934,1270,0,1,0,1267.0,0.0
2020-07-18,china,zhejiang,29.1832,120.0934,1270,0,1,0,1267.0,0.0
2020-07-19,china,zhejiang,29.1832,120.0934,1270,0,1,0,1267.0,0.0
2020-07-20,china,zhejiang,29.1832,120.0934,1270,0,1,0,1267.0,0.0
2020-07-21,china,zhejiang,29.1832,120.0934,1270,0,1,0,1267.0,0.0
2020-07-22,china,zhejiang,29.1832,120.0934,1270,0,1,0,1267.0,0.0
2020-07-23,china,zhejiang,29.1832,120.0934,1270,0,1,0,1267.0,0.0
2020-07-24,china,zhejiang,29.1832,120.0934,1270,0,1,0,1267.0,0.0
2020-07-25,china,zhejiang,29.1832,120.0934,1270,0,1,0,1268.0,1.0
2020-07-26,china,zhejiang,29.1832,120.0934,1270,0,1,0,1268.0,0.0
2020-07-27,china,zhejiang,29.1832,120.0934,1270,0,1,0,1268.0,0.0
2020-07-28,china,zhejiang,29.1832,120.0934,1270,0,1,0,1268.0,0.0
2020-07-29,china,zhejiang,29.1832,120.0934,1270,0,1,0,1268.0,0.0
2020-07-30,china,zhejiang,29.1832,120.0934,1270,0,1,0,1268.0,0.0
2020-07-31,china,zhejiang,29.1832,120.0934,1270,0,1,0,1268.0,0.0
