date,country,state,lat,long,UID,iso2,iso3,code3,FIPS,region,Combined_Key,confirmed,confirmed_new,deaths,deaths_new
2020-01-22,US,Florida,29.05858895,-81.18263252,84012127.0,US,USA,840,12127.0,Volusia,"Volusia, Florida, US",0,0,0,0
2020-01-23,US,Florida,29.05858895,-81.18263252,84012127.0,US,USA,840,12127.0,Volusia,"Volusia, Florida, US",0,0,0,0
2020-01-24,US,Florida,29.05858895,-81.18263252,84012127.0,US,USA,840,12127.0,Volusia,"Volusia, Florida, US",0,0,0,0
2020-01-25,US,Florida,29.05858895,-81.18263252,84012127.0,US,USA,840,12127.0,Volusia,"Volusia, Florida, US",0,0,0,0
2020-01-26,US,Florida,29.05858895,-81.18263252,84012127.0,US,USA,840,12127.0,Volusia,"Volusia, Florida, US",0,0,0,0
2020-01-27,US,Florida,29.05858895,-81.18263252,84012127.0,US,USA,840,12127.0,Volusia,"Volusia, Florida, US",0,0,0,0
2020-01-28,US,Florida,29.05858895,-81.18263252,84012127.0,US,USA,840,12127.0,Volusia,"Volusia, Florida, US",0,0,0,0
2020-01-29,US,Florida,29.05858895,-81.18263252,84012127.0,US,USA,840,12127.0,Volusia,"Volusia, Florida, US",0,0,0,0
2020-01-30,US,Florida,29.05858895,-81.18263252,84012127.0,US,USA,840,12127.0,Volusia,"Volusia, Florida, US",0,0,0,0
2020-01-31,US,Florida,29.05858895,-81.18263252,84012127.0,US,USA,840,12127.0,Volusia,"Volusia, Florida, US",0,0,0,0
2020-02-01,US,Florida,29.05858895,-81.18263252,84012127.0,US,USA,840,12127.0,Volusia,"Volusia, Florida, US",0,0,0,0
2020-02-02,US,Florida,29.05858895,-81.18263252,84012127.0,US,USA,840,12127.0,Volusia,"Volusia, Florida, US",0,0,0,0
2020-02-03,US,Florida,29.05858895,-81.18263252,84012127.0,US,USA,840,12127.0,Volusia,"Volusia, Florida, US",0,0,0,0
2020-02-04,US,Florida,29.05858895,-81.18263252,84012127.0,US,USA,840,12127.0,Volusia,"Volusia, Florida, US",0,0,0,0
2020-02-05,US,Florida,29.05858895,-81.18263252,84012127.0,US,USA,840,12127.0,Volusia,"Volusia, Florida, US",0,0,0,0
2020-02-06,US,Florida,29.05858895,-81.18263252,84012127.0,US,USA,840,12127.0,Volusia,"Volusia, Florida, US",0,0,0,0
2020-02-07,US,Florida,29.05858895,-81.18263252,84012127.0,US,USA,840,12127.0,Volusia,"Volusia, Florida, US",0,0,0,0
2020-02-08,US,Florida,29.05858895,-81.18263252,84012127.0,US,USA,840,12127.0,Volusia,"Volusia, Florida, US",0,0,0,0
2020-02-09,US,Florida,29.05858895,-81.18263252,84012127.0,US,USA,840,12127.0,Volusia,"Volusia, Florida, US",0,0,0,0
2020-02-10,US,Florida,29.05858895,-81.18263252,84012127.0,US,USA,840,12127.0,Volusia,"Volusia, Florida, US",0,0,0,0
2020-02-11,US,Florida,29.05858895,-81.18263252,84012127.0,US,USA,840,12127.0,Volusia,"Volusia, Florida, US",0,0,0,0
2020-02-12,US,Florida,29.05858895,-81.18263252,84012127.0,US,USA,840,12127.0,Volusia,"Volusia, Florida, US",0,0,0,0
2020-02-13,US,Florida,29.05858895,-81.18263252,84012127.0,US,USA,840,12127.0,Volusia,"Volusia, Florida, US",0,0,0,0
2020-02-14,US,Florida,29.05858895,-81.18263252,84012127.0,US,USA,840,12127.0,Volusia,"Volusia, Florida, US",0,0,0,0
2020-02-15,US,Florida,29.05858895,-81.18263252,84012127.0,US,USA,840,12127.0,Volusia,"Volusia, Florida, US",0,0,0,0
2020-02-16,US,Florida,29.05858895,-81.18263252,84012127.0,US,USA,840,12127.0,Volusia,"Volusia, Florida, US",0,0,0,0
2020-02-17,US,Florida,29.05858895,-81.18263252,84012127.0,US,USA,840,12127.0,Volusia,"Volusia, Florida, US",0,0,0,0
2020-02-18,US,Florida,29.05858895,-81.18263252,84012127.0,US,USA,840,12127.0,Volusia,"Volusia, Florida, US",0,0,0,0
2020-02-19,US,Florida,29.05858895,-81.18263252,84012127.0,US,USA,840,12127.0,Volusia,"Volusia, Florida, US",0,0,0,0
2020-02-20,US,Florida,29.05858895,-81.18263252,84012127.0,US,USA,840,12127.0,Volusia,"Volusia, Florida, US",0,0,0,0
2020-02-21,US,Florida,29.05858895,-81.18263252,84012127.0,US,USA,840,12127.0,Volusia,"Volusia, Florida, US",0,0,0,0
2020-02-22,US,Florida,29.05858895,-81.18263252,84012127.0,US,USA,840,12127.0,Volusia,"Volusia, Florida, US",0,0,0,0
2020-02-23,US,Florida,29.05858895,-81.18263252,84012127.0,US,USA,840,12127.0,Volusia,"Volusia, Florida, US",0,0,0,0
2020-02-24,US,Florida,29.05858895,-81.18263252,84012127.0,US,USA,840,12127.0,Volusia,"Volusia, Florida, US",0,0,0,0
2020-02-25,US,Florida,29.05858895,-81.18263252,84012127.0,US,USA,840,12127.0,Volusia,"Volusia, Florida, US",0,0,0,0
2020-02-26,US,Florida,29.05858895,-81.18263252,84012127.0,US,USA,840,12127.0,Volusia,"Volusia, Florida, US",0,0,0,0
2020-02-27,US,Florida,29.05858895,-81.18263252,84012127.0,US,USA,840,12127.0,Volusia,"Volusia, Florida, US",0,0,0,0
2020-02-28,US,Florida,29.05858895,-81.18263252,84012127.0,US,USA,840,12127.0,Volusia,"Volusia, Florida, US",0,0,0,0
2020-02-29,US,Florida,29.05858895,-81.18263252,84012127.0,US,USA,840,12127.0,Volusia,"Volusia, Florida, US",0,0,0,0
2020-03-01,US,Florida,29.05858895,-81.18263252,84012127.0,US,USA,840,12127.0,Volusia,"Volusia, Florida, US",0,0,0,0
2020-03-02,US,Florida,29.05858895,-81.18263252,84012127.0,US,USA,840,12127.0,Volusia,"Volusia, Florida, US",0,0,0,0
2020-03-03,US,Florida,29.05858895,-81.18263252,84012127.0,US,USA,840,12127.0,Volusia,"Volusia, Florida, US",0,0,0,0
2020-03-04,US,Florida,29.05858895,-81.18263252,84012127.0,US,USA,840,12127.0,Volusia,"Volusia, Florida, US",0,0,0,0
2020-03-05,US,Florida,29.05858895,-81.18263252,84012127.0,US,USA,840,12127.0,Volusia,"Volusia, Florida, US",0,0,0,0
2020-03-06,US,Florida,29.05858895,-81.18263252,84012127.0,US,USA,840,12127.0,Volusia,"Volusia, Florida, US",0,0,0,0
2020-03-07,US,Florida,29.05858895,-81.18263252,84012127.0,US,USA,840,12127.0,Volusia,"Volusia, Florida, US",0,0,0,0
2020-03-08,US,Florida,29.05858895,-81.18263252,84012127.0,US,USA,840,12127.0,Volusia,"Volusia, Florida, US",1,1,0,0
2020-03-09,US,Florida,29.05858895,-81.18263252,84012127.0,US,USA,840,12127.0,Volusia,"Volusia, Florida, US",1,0,0,0
2020-03-10,US,Florida,29.05858895,-81.18263252,84012127.0,US,USA,840,12127.0,Volusia,"Volusia, Florida, US",2,1,0,0
2020-03-11,US,Florida,29.05858895,-81.18263252,84012127.0,US,USA,840,12127.0,Volusia,"Volusia, Florida, US",2,0,0,0
2020-03-12,US,Florida,29.05858895,-81.18263252,84012127.0,US,USA,840,12127.0,Volusia,"Volusia, Florida, US",2,0,0,0
2020-03-13,US,Florida,29.05858895,-81.18263252,84012127.0,US,USA,840,12127.0,Volusia,"Volusia, Florida, US",3,1,0,0
2020-03-14,US,Florida,29.05858895,-81.18263252,84012127.0,US,USA,840,12127.0,Volusia,"Volusia, Florida, US",4,1,0,0
2020-03-15,US,Florida,29.05858895,-81.18263252,84012127.0,US,USA,840,12127.0,Volusia,"Volusia, Florida, US",5,1,0,0
2020-03-16,US,Florida,29.05858895,-81.18263252,84012127.0,US,USA,840,12127.0,Volusia,"Volusia, Florida, US",5,0,0,0
2020-03-17,US,Florida,29.05858895,-81.18263252,84012127.0,US,USA,840,12127.0,Volusia,"Volusia, Florida, US",9,4,0,0
2020-03-18,US,Florida,29.05858895,-81.18263252,84012127.0,US,USA,840,12127.0,Volusia,"Volusia, Florida, US",9,0,0,0
2020-03-19,US,Florida,29.05858895,-81.18263252,84012127.0,US,USA,840,12127.0,Volusia,"Volusia, Florida, US",9,0,0,0
2020-03-20,US,Florida,29.05858895,-81.18263252,84012127.0,US,USA,840,12127.0,Volusia,"Volusia, Florida, US",10,1,0,0
2020-03-21,US,Florida,29.05858895,-81.18263252,84012127.0,US,USA,840,12127.0,Volusia,"Volusia, Florida, US",11,1,0,0
2020-03-22,US,Florida,29.05858895,-81.18263252,84012127.0,US,USA,840,12127.0,Volusia,"Volusia, Florida, US",14,3,0,0
2020-03-23,US,Florida,29.05858895,-81.18263252,84012127.0,US,USA,840,12127.0,Volusia,"Volusia, Florida, US",16,2,0,0
2020-03-24,US,Florida,29.05858895,-81.18263252,84012127.0,US,USA,840,12127.0,Volusia,"Volusia, Florida, US",18,2,0,0
2020-03-25,US,Florida,29.05858895,-81.18263252,84012127.0,US,USA,840,12127.0,Volusia,"Volusia, Florida, US",20,2,0,0
2020-03-26,US,Florida,29.05858895,-81.18263252,84012127.0,US,USA,840,12127.0,Volusia,"Volusia, Florida, US",29,9,0,0
2020-03-27,US,Florida,29.05858895,-81.18263252,84012127.0,US,USA,840,12127.0,Volusia,"Volusia, Florida, US",39,10,0,0
2020-03-28,US,Florida,29.05858895,-81.18263252,84012127.0,US,USA,840,12127.0,Volusia,"Volusia, Florida, US",44,5,0,0
2020-03-29,US,Florida,29.05858895,-81.18263252,84012127.0,US,USA,840,12127.0,Volusia,"Volusia, Florida, US",47,3,1,1
2020-03-30,US,Florida,29.05858895,-81.18263252,84012127.0,US,USA,840,12127.0,Volusia,"Volusia, Florida, US",65,18,1,0
2020-03-31,US,Florida,29.05858895,-81.18263252,84012127.0,US,USA,840,12127.0,Volusia,"Volusia, Florida, US",80,15,1,0
2020-04-01,US,Florida,29.05858895,-81.18263252,84012127.0,US,USA,840,12127.0,Volusia,"Volusia, Florida, US",80,0,1,0
2020-04-02,US,Florida,29.05858895,-81.18263252,84012127.0,US,USA,840,12127.0,Volusia,"Volusia, Florida, US",102,22,1,0
2020-04-03,US,Florida,29.05858895,-81.18263252,84012127.0,US,USA,840,12127.0,Volusia,"Volusia, Florida, US",125,23,1,0
2020-04-04,US,Florida,29.05858895,-81.18263252,84012127.0,US,USA,840,12127.0,Volusia,"Volusia, Florida, US",134,9,2,1
2020-04-05,US,Florida,29.05858895,-81.18263252,84012127.0,US,USA,840,12127.0,Volusia,"Volusia, Florida, US",151,17,2,0
2020-04-06,US,Florida,29.05858895,-81.18263252,84012127.0,US,USA,840,12127.0,Volusia,"Volusia, Florida, US",151,0,2,0
2020-04-07,US,Florida,29.05858895,-81.18263252,84012127.0,US,USA,840,12127.0,Volusia,"Volusia, Florida, US",162,11,3,1
2020-04-08,US,Florida,29.05858895,-81.18263252,84012127.0,US,USA,840,12127.0,Volusia,"Volusia, Florida, US",163,1,3,0
2020-04-09,US,Florida,29.05858895,-81.18263252,84012127.0,US,USA,840,12127.0,Volusia,"Volusia, Florida, US",179,16,5,2
2020-04-10,US,Florida,29.05858895,-81.18263252,84012127.0,US,USA,840,12127.0,Volusia,"Volusia, Florida, US",187,8,5,0
2020-04-11,US,Florida,29.05858895,-81.18263252,84012127.0,US,USA,840,12127.0,Volusia,"Volusia, Florida, US",195,8,6,1
2020-04-12,US,Florida,29.05858895,-81.18263252,84012127.0,US,USA,840,12127.0,Volusia,"Volusia, Florida, US",201,6,7,1
2020-04-13,US,Florida,29.05858895,-81.18263252,84012127.0,US,USA,840,12127.0,Volusia,"Volusia, Florida, US",216,15,7,0
2020-04-14,US,Florida,29.05858895,-81.18263252,84012127.0,US,USA,840,12127.0,Volusia,"Volusia, Florida, US",226,10,7,0
2020-04-15,US,Florida,29.05858895,-81.18263252,84012127.0,US,USA,840,12127.0,Volusia,"Volusia, Florida, US",242,16,8,1
2020-04-16,US,Florida,29.05858895,-81.18263252,84012127.0,US,USA,840,12127.0,Volusia,"Volusia, Florida, US",255,13,9,1
2020-04-17,US,Florida,29.05858895,-81.18263252,84012127.0,US,USA,840,12127.0,Volusia,"Volusia, Florida, US",270,15,9,0
2020-04-18,US,Florida,29.05858895,-81.18263252,84012127.0,US,USA,840,12127.0,Volusia,"Volusia, Florida, US",291,21,10,1
2020-04-19,US,Florida,29.05858895,-81.18263252,84012127.0,US,USA,840,12127.0,Volusia,"Volusia, Florida, US",333,42,10,0
2020-04-20,US,Florida,29.05858895,-81.18263252,84012127.0,US,USA,840,12127.0,Volusia,"Volusia, Florida, US",342,9,10,0
2020-04-21,US,Florida,29.05858895,-81.18263252,84012127.0,US,USA,840,12127.0,Volusia,"Volusia, Florida, US",366,24,13,3
2020-04-22,US,Florida,29.05858895,-81.18263252,84012127.0,US,USA,840,12127.0,Volusia,"Volusia, Florida, US",375,9,13,0
2020-04-23,US,Florida,29.05858895,-81.18263252,84012127.0,US,USA,840,12127.0,Volusia,"Volusia, Florida, US",420,45,14,1
2020-04-24,US,Florida,29.05858895,-81.18263252,84012127.0,US,USA,840,12127.0,Volusia,"Volusia, Florida, US",428,8,15,1
2020-04-25,US,Florida,29.05858895,-81.18263252,84012127.0,US,USA,840,12127.0,Volusia,"Volusia, Florida, US",432,4,15,0
2020-04-26,US,Florida,29.05858895,-81.18263252,84012127.0,US,USA,840,12127.0,Volusia,"Volusia, Florida, US",434,2,17,2
2020-04-27,US,Florida,29.05858895,-81.18263252,84012127.0,US,USA,840,12127.0,Volusia,"Volusia, Florida, US",440,6,18,1
