date,country,state,lat,long,UID,iso2,iso3,code3,FIPS,region,Combined_Key,confirmed,confirmed_new,deaths,deaths_new
2020-01-22,us,virginia,38.18574462,-77.655399,84051177.0,US,USA,840,51177.0,spotsylvania,"Spotsylvania, Virginia, US",0,0,0,0
2020-01-23,us,virginia,38.18574462,-77.655399,84051177.0,US,USA,840,51177.0,spotsylvania,"Spotsylvania, Virginia, US",0,0,0,0
2020-01-24,us,virginia,38.18574462,-77.655399,84051177.0,US,USA,840,51177.0,spotsylvania,"Spotsylvania, Virginia, US",0,0,0,0
2020-01-25,us,virginia,38.18574462,-77.655399,84051177.0,US,USA,840,51177.0,spotsylvania,"Spotsylvania, Virginia, US",0,0,0,0
2020-01-26,us,virginia,38.18574462,-77.655399,84051177.0,US,USA,840,51177.0,spotsylvania,"Spotsylvania, Virginia, US",0,0,0,0
2020-01-27,us,virginia,38.18574462,-77.655399,84051177.0,US,USA,840,51177.0,spotsylvania,"Spotsylvania, Virginia, US",0,0,0,0
2020-01-28,us,virginia,38.18574462,-77.655399,84051177.0,US,USA,840,51177.0,spotsylvania,"Spotsylvania, Virginia, US",0,0,0,0
2020-01-29,us,virginia,38.18574462,-77.655399,84051177.0,US,USA,840,51177.0,spotsylvania,"Spotsylvania, Virginia, US",0,0,0,0
2020-01-30,us,virginia,38.18574462,-77.655399,84051177.0,US,USA,840,51177.0,spotsylvania,"Spotsylvania, Virginia, US",0,0,0,0
2020-01-31,us,virginia,38.18574462,-77.655399,84051177.0,US,USA,840,51177.0,spotsylvania,"Spotsylvania, Virginia, US",0,0,0,0
2020-02-01,us,virginia,38.18574462,-77.655399,84051177.0,US,USA,840,51177.0,spotsylvania,"Spotsylvania, Virginia, US",0,0,0,0
2020-02-02,us,virginia,38.18574462,-77.655399,84051177.0,US,USA,840,51177.0,spotsylvania,"Spotsylvania, Virginia, US",0,0,0,0
2020-02-03,us,virginia,38.18574462,-77.655399,84051177.0,US,USA,840,51177.0,spotsylvania,"Spotsylvania, Virginia, US",0,0,0,0
2020-02-04,us,virginia,38.18574462,-77.655399,84051177.0,US,USA,840,51177.0,spotsylvania,"Spotsylvania, Virginia, US",0,0,0,0
2020-02-05,us,virginia,38.18574462,-77.655399,84051177.0,US,USA,840,51177.0,spotsylvania,"Spotsylvania, Virginia, US",0,0,0,0
2020-02-06,us,virginia,38.18574462,-77.655399,84051177.0,US,USA,840,51177.0,spotsylvania,"Spotsylvania, Virginia, US",0,0,0,0
2020-02-07,us,virginia,38.18574462,-77.655399,84051177.0,US,USA,840,51177.0,spotsylvania,"Spotsylvania, Virginia, US",0,0,0,0
2020-02-08,us,virginia,38.18574462,-77.655399,84051177.0,US,USA,840,51177.0,spotsylvania,"Spotsylvania, Virginia, US",0,0,0,0
2020-02-09,us,virginia,38.18574462,-77.655399,84051177.0,US,USA,840,51177.0,spotsylvania,"Spotsylvania, Virginia, US",0,0,0,0
2020-02-10,us,virginia,38.18574462,-77.655399,84051177.0,US,USA,840,51177.0,spotsylvania,"Spotsylvania, Virginia, US",0,0,0,0
2020-02-11,us,virginia,38.18574462,-77.655399,84051177.0,US,USA,840,51177.0,spotsylvania,"Spotsylvania, Virginia, US",0,0,0,0
2020-02-12,us,virginia,38.18574462,-77.655399,84051177.0,US,USA,840,51177.0,spotsylvania,"Spotsylvania, Virginia, US",0,0,0,0
2020-02-13,us,virginia,38.18574462,-77.655399,84051177.0,US,USA,840,51177.0,spotsylvania,"Spotsylvania, Virginia, US",0,0,0,0
2020-02-14,us,virginia,38.18574462,-77.655399,84051177.0,US,USA,840,51177.0,spotsylvania,"Spotsylvania, Virginia, US",0,0,0,0
2020-02-15,us,virginia,38.18574462,-77.655399,84051177.0,US,USA,840,51177.0,spotsylvania,"Spotsylvania, Virginia, US",0,0,0,0
2020-02-16,us,virginia,38.18574462,-77.655399,84051177.0,US,USA,840,51177.0,spotsylvania,"Spotsylvania, Virginia, US",0,0,0,0
2020-02-17,us,virginia,38.18574462,-77.655399,84051177.0,US,USA,840,51177.0,spotsylvania,"Spotsylvania, Virginia, US",0,0,0,0
2020-02-18,us,virginia,38.18574462,-77.655399,84051177.0,US,USA,840,51177.0,spotsylvania,"Spotsylvania, Virginia, US",0,0,0,0
2020-02-19,us,virginia,38.18574462,-77.655399,84051177.0,US,USA,840,51177.0,spotsylvania,"Spotsylvania, Virginia, US",0,0,0,0
2020-02-20,us,virginia,38.18574462,-77.655399,84051177.0,US,USA,840,51177.0,spotsylvania,"Spotsylvania, Virginia, US",0,0,0,0
2020-02-21,us,virginia,38.18574462,-77.655399,84051177.0,US,USA,840,51177.0,spotsylvania,"Spotsylvania, Virginia, US",0,0,0,0
2020-02-22,us,virginia,38.18574462,-77.655399,84051177.0,US,USA,840,51177.0,spotsylvania,"Spotsylvania, Virginia, US",0,0,0,0
2020-02-23,us,virginia,38.18574462,-77.655399,84051177.0,US,USA,840,51177.0,spotsylvania,"Spotsylvania, Virginia, US",0,0,0,0
2020-02-24,us,virginia,38.18574462,-77.655399,84051177.0,US,USA,840,51177.0,spotsylvania,"Spotsylvania, Virginia, US",0,0,0,0
2020-02-25,us,virginia,38.18574462,-77.655399,84051177.0,US,USA,840,51177.0,spotsylvania,"Spotsylvania, Virginia, US",0,0,0,0
2020-02-26,us,virginia,38.18574462,-77.655399,84051177.0,US,USA,840,51177.0,spotsylvania,"Spotsylvania, Virginia, US",0,0,0,0
2020-02-27,us,virginia,38.18574462,-77.655399,84051177.0,US,USA,840,51177.0,spotsylvania,"Spotsylvania, Virginia, US",0,0,0,0
2020-02-28,us,virginia,38.18574462,-77.655399,84051177.0,US,USA,840,51177.0,spotsylvania,"Spotsylvania, Virginia, US",0,0,0,0
2020-02-29,us,virginia,38.18574462,-77.655399,84051177.0,US,USA,840,51177.0,spotsylvania,"Spotsylvania, Virginia, US",0,0,0,0
2020-03-01,us,virginia,38.18574462,-77.655399,84051177.0,US,USA,840,51177.0,spotsylvania,"Spotsylvania, Virginia, US",0,0,0,0
2020-03-02,us,virginia,38.18574462,-77.655399,84051177.0,US,USA,840,51177.0,spotsylvania,"Spotsylvania, Virginia, US",0,0,0,0
2020-03-03,us,virginia,38.18574462,-77.655399,84051177.0,US,USA,840,51177.0,spotsylvania,"Spotsylvania, Virginia, US",0,0,0,0
2020-03-04,us,virginia,38.18574462,-77.655399,84051177.0,US,USA,840,51177.0,spotsylvania,"Spotsylvania, Virginia, US",0,0,0,0
2020-03-05,us,virginia,38.18574462,-77.655399,84051177.0,US,USA,840,51177.0,spotsylvania,"Spotsylvania, Virginia, US",0,0,0,0
2020-03-06,us,virginia,38.18574462,-77.655399,84051177.0,US,USA,840,51177.0,spotsylvania,"Spotsylvania, Virginia, US",0,0,0,0
2020-03-07,us,virginia,38.18574462,-77.655399,84051177.0,US,USA,840,51177.0,spotsylvania,"Spotsylvania, Virginia, US",0,0,0,0
2020-03-08,us,virginia,38.18574462,-77.655399,84051177.0,US,USA,840,51177.0,spotsylvania,"Spotsylvania, Virginia, US",0,0,0,0
2020-03-09,us,virginia,38.18574462,-77.655399,84051177.0,US,USA,840,51177.0,spotsylvania,"Spotsylvania, Virginia, US",0,0,0,0
2020-03-10,us,virginia,38.18574462,-77.655399,84051177.0,US,USA,840,51177.0,spotsylvania,"Spotsylvania, Virginia, US",1,1,0,0
2020-03-11,us,virginia,38.18574462,-77.655399,84051177.0,US,USA,840,51177.0,spotsylvania,"Spotsylvania, Virginia, US",1,0,0,0
2020-03-12,us,virginia,38.18574462,-77.655399,84051177.0,US,USA,840,51177.0,spotsylvania,"Spotsylvania, Virginia, US",1,0,0,0
2020-03-13,us,virginia,38.18574462,-77.655399,84051177.0,US,USA,840,51177.0,spotsylvania,"Spotsylvania, Virginia, US",1,0,0,0
2020-03-14,us,virginia,38.18574462,-77.655399,84051177.0,US,USA,840,51177.0,spotsylvania,"Spotsylvania, Virginia, US",1,0,0,0
2020-03-15,us,virginia,38.18574462,-77.655399,84051177.0,US,USA,840,51177.0,spotsylvania,"Spotsylvania, Virginia, US",1,0,0,0
2020-03-16,us,virginia,38.18574462,-77.655399,84051177.0,US,USA,840,51177.0,spotsylvania,"Spotsylvania, Virginia, US",1,0,0,0
2020-03-17,us,virginia,38.18574462,-77.655399,84051177.0,US,USA,840,51177.0,spotsylvania,"Spotsylvania, Virginia, US",1,0,0,0
2020-03-18,us,virginia,38.18574462,-77.655399,84051177.0,US,USA,840,51177.0,spotsylvania,"Spotsylvania, Virginia, US",1,0,0,0
2020-03-19,us,virginia,38.18574462,-77.655399,84051177.0,US,USA,840,51177.0,spotsylvania,"Spotsylvania, Virginia, US",1,0,0,0
2020-03-20,us,virginia,38.18574462,-77.655399,84051177.0,US,USA,840,51177.0,spotsylvania,"Spotsylvania, Virginia, US",1,0,0,0
2020-03-21,us,virginia,38.18574462,-77.655399,84051177.0,US,USA,840,51177.0,spotsylvania,"Spotsylvania, Virginia, US",1,0,0,0
2020-03-22,us,virginia,38.18574462,-77.655399,84051177.0,US,USA,840,51177.0,spotsylvania,"Spotsylvania, Virginia, US",2,1,0,0
2020-03-23,us,virginia,38.18574462,-77.655399,84051177.0,US,USA,840,51177.0,spotsylvania,"Spotsylvania, Virginia, US",2,0,0,0
2020-03-24,us,virginia,38.18574462,-77.655399,84051177.0,US,USA,840,51177.0,spotsylvania,"Spotsylvania, Virginia, US",2,0,0,0
2020-03-25,us,virginia,38.18574462,-77.655399,84051177.0,US,USA,840,51177.0,spotsylvania,"Spotsylvania, Virginia, US",3,1,0,0
2020-03-26,us,virginia,38.18574462,-77.655399,84051177.0,US,USA,840,51177.0,spotsylvania,"Spotsylvania, Virginia, US",3,0,0,0
2020-03-27,us,virginia,38.18574462,-77.655399,84051177.0,US,USA,840,51177.0,spotsylvania,"Spotsylvania, Virginia, US",3,0,0,0
2020-03-28,us,virginia,38.18574462,-77.655399,84051177.0,US,USA,840,51177.0,spotsylvania,"Spotsylvania, Virginia, US",3,0,0,0
2020-03-29,us,virginia,38.18574462,-77.655399,84051177.0,US,USA,840,51177.0,spotsylvania,"Spotsylvania, Virginia, US",3,0,0,0
2020-03-30,us,virginia,38.18574462,-77.655399,84051177.0,US,USA,840,51177.0,spotsylvania,"Spotsylvania, Virginia, US",6,3,0,0
2020-03-31,us,virginia,38.18574462,-77.655399,84051177.0,US,USA,840,51177.0,spotsylvania,"Spotsylvania, Virginia, US",7,1,0,0
2020-04-01,us,virginia,38.18574462,-77.655399,84051177.0,US,USA,840,51177.0,spotsylvania,"Spotsylvania, Virginia, US",8,1,0,0
2020-04-02,us,virginia,38.18574462,-77.655399,84051177.0,US,USA,840,51177.0,spotsylvania,"Spotsylvania, Virginia, US",9,1,0,0
2020-04-03,us,virginia,38.18574462,-77.655399,84051177.0,US,USA,840,51177.0,spotsylvania,"Spotsylvania, Virginia, US",11,2,0,0
2020-04-04,us,virginia,38.18574462,-77.655399,84051177.0,US,USA,840,51177.0,spotsylvania,"Spotsylvania, Virginia, US",18,7,0,0
2020-04-05,us,virginia,38.18574462,-77.655399,84051177.0,US,USA,840,51177.0,spotsylvania,"Spotsylvania, Virginia, US",24,6,0,0
2020-04-06,us,virginia,38.18574462,-77.655399,84051177.0,US,USA,840,51177.0,spotsylvania,"Spotsylvania, Virginia, US",26,2,0,0
2020-04-07,us,virginia,38.18574462,-77.655399,84051177.0,US,USA,840,51177.0,spotsylvania,"Spotsylvania, Virginia, US",29,3,0,0
2020-04-08,us,virginia,38.18574462,-77.655399,84051177.0,US,USA,840,51177.0,spotsylvania,"Spotsylvania, Virginia, US",31,2,0,0
2020-04-09,us,virginia,38.18574462,-77.655399,84051177.0,US,USA,840,51177.0,spotsylvania,"Spotsylvania, Virginia, US",36,5,0,0
2020-04-10,us,virginia,38.18574462,-77.655399,84051177.0,US,USA,840,51177.0,spotsylvania,"Spotsylvania, Virginia, US",43,7,0,0
2020-04-11,us,virginia,38.18574462,-77.655399,84051177.0,US,USA,840,51177.0,spotsylvania,"Spotsylvania, Virginia, US",47,4,0,0
2020-04-12,us,virginia,38.18574462,-77.655399,84051177.0,US,USA,840,51177.0,spotsylvania,"Spotsylvania, Virginia, US",50,3,0,0
2020-04-13,us,virginia,38.18574462,-77.655399,84051177.0,US,USA,840,51177.0,spotsylvania,"Spotsylvania, Virginia, US",51,1,0,0
2020-04-14,us,virginia,38.18574462,-77.655399,84051177.0,US,USA,840,51177.0,spotsylvania,"Spotsylvania, Virginia, US",56,5,0,0
2020-04-15,us,virginia,38.18574462,-77.655399,84051177.0,US,USA,840,51177.0,spotsylvania,"Spotsylvania, Virginia, US",60,4,0,0
2020-04-16,us,virginia,38.18574462,-77.655399,84051177.0,US,USA,840,51177.0,spotsylvania,"Spotsylvania, Virginia, US",62,2,0,0
2020-04-17,us,virginia,38.18574462,-77.655399,84051177.0,US,USA,840,51177.0,spotsylvania,"Spotsylvania, Virginia, US",69,7,0,0
2020-04-18,us,virginia,38.18574462,-77.655399,84051177.0,US,USA,840,51177.0,spotsylvania,"Spotsylvania, Virginia, US",72,3,0,0
2020-04-19,us,virginia,38.18574462,-77.655399,84051177.0,US,USA,840,51177.0,spotsylvania,"Spotsylvania, Virginia, US",74,2,0,0
2020-04-20,us,virginia,38.18574462,-77.655399,84051177.0,US,USA,840,51177.0,spotsylvania,"Spotsylvania, Virginia, US",77,3,0,0
2020-04-21,us,virginia,38.18574462,-77.655399,84051177.0,US,USA,840,51177.0,spotsylvania,"Spotsylvania, Virginia, US",79,2,0,0
2020-04-22,us,virginia,38.18574462,-77.655399,84051177.0,US,USA,840,51177.0,spotsylvania,"Spotsylvania, Virginia, US",83,4,3,3
2020-04-23,us,virginia,38.18574462,-77.655399,84051177.0,US,USA,840,51177.0,spotsylvania,"Spotsylvania, Virginia, US",94,11,3,0
2020-04-24,us,virginia,38.18574462,-77.655399,84051177.0,US,USA,840,51177.0,spotsylvania,"Spotsylvania, Virginia, US",97,3,3,0
2020-04-25,us,virginia,38.18574462,-77.655399,84051177.0,US,USA,840,51177.0,spotsylvania,"Spotsylvania, Virginia, US",101,4,3,0
2020-04-26,us,virginia,38.18574462,-77.655399,84051177.0,US,USA,840,51177.0,spotsylvania,"Spotsylvania, Virginia, US",107,6,3,0
2020-04-27,us,virginia,38.18574462,-77.655399,84051177.0,US,USA,840,51177.0,spotsylvania,"Spotsylvania, Virginia, US",119,12,3,0
2020-04-28,us,virginia,38.18574462,-77.655399,84051177.0,US,USA,840,51177.0,spotsylvania,"Spotsylvania, Virginia, US",126,7,3,0
2020-04-29,us,virginia,38.18574462,-77.655399,84051177.0,US,USA,840,51177.0,spotsylvania,"Spotsylvania, Virginia, US",131,5,3,0
