date,country,state,lat,long,UID,iso2,iso3,code3,FIPS,region,Combined_Key,confirmed,confirmed_new,deaths,deaths_new
2020-01-22,us,oregon,44.90287942,-122.58151170000001,84041047.0,US,USA,840,41047.0,marion,"Marion, Oregon, US",0,0,0,0
2020-01-23,us,oregon,44.90287942,-122.58151170000001,84041047.0,US,USA,840,41047.0,marion,"Marion, Oregon, US",0,0,0,0
2020-01-24,us,oregon,44.90287942,-122.58151170000001,84041047.0,US,USA,840,41047.0,marion,"Marion, Oregon, US",0,0,0,0
2020-01-25,us,oregon,44.90287942,-122.58151170000001,84041047.0,US,USA,840,41047.0,marion,"Marion, Oregon, US",0,0,0,0
2020-01-26,us,oregon,44.90287942,-122.58151170000001,84041047.0,US,USA,840,41047.0,marion,"Marion, Oregon, US",0,0,0,0
2020-01-27,us,oregon,44.90287942,-122.58151170000001,84041047.0,US,USA,840,41047.0,marion,"Marion, Oregon, US",0,0,0,0
2020-01-28,us,oregon,44.90287942,-122.58151170000001,84041047.0,US,USA,840,41047.0,marion,"Marion, Oregon, US",0,0,0,0
2020-01-29,us,oregon,44.90287942,-122.58151170000001,84041047.0,US,USA,840,41047.0,marion,"Marion, Oregon, US",0,0,0,0
2020-01-30,us,oregon,44.90287942,-122.58151170000001,84041047.0,US,USA,840,41047.0,marion,"Marion, Oregon, US",0,0,0,0
2020-01-31,us,oregon,44.90287942,-122.58151170000001,84041047.0,US,USA,840,41047.0,marion,"Marion, Oregon, US",0,0,0,0
2020-02-01,us,oregon,44.90287942,-122.58151170000001,84041047.0,US,USA,840,41047.0,marion,"Marion, Oregon, US",0,0,0,0
2020-02-02,us,oregon,44.90287942,-122.58151170000001,84041047.0,US,USA,840,41047.0,marion,"Marion, Oregon, US",0,0,0,0
2020-02-03,us,oregon,44.90287942,-122.58151170000001,84041047.0,US,USA,840,41047.0,marion,"Marion, Oregon, US",0,0,0,0
2020-02-04,us,oregon,44.90287942,-122.58151170000001,84041047.0,US,USA,840,41047.0,marion,"Marion, Oregon, US",0,0,0,0
2020-02-05,us,oregon,44.90287942,-122.58151170000001,84041047.0,US,USA,840,41047.0,marion,"Marion, Oregon, US",0,0,0,0
2020-02-06,us,oregon,44.90287942,-122.58151170000001,84041047.0,US,USA,840,41047.0,marion,"Marion, Oregon, US",0,0,0,0
2020-02-07,us,oregon,44.90287942,-122.58151170000001,84041047.0,US,USA,840,41047.0,marion,"Marion, Oregon, US",0,0,0,0
2020-02-08,us,oregon,44.90287942,-122.58151170000001,84041047.0,US,USA,840,41047.0,marion,"Marion, Oregon, US",0,0,0,0
2020-02-09,us,oregon,44.90287942,-122.58151170000001,84041047.0,US,USA,840,41047.0,marion,"Marion, Oregon, US",0,0,0,0
2020-02-10,us,oregon,44.90287942,-122.58151170000001,84041047.0,US,USA,840,41047.0,marion,"Marion, Oregon, US",0,0,0,0
2020-02-11,us,oregon,44.90287942,-122.58151170000001,84041047.0,US,USA,840,41047.0,marion,"Marion, Oregon, US",0,0,0,0
2020-02-12,us,oregon,44.90287942,-122.58151170000001,84041047.0,US,USA,840,41047.0,marion,"Marion, Oregon, US",0,0,0,0
2020-02-13,us,oregon,44.90287942,-122.58151170000001,84041047.0,US,USA,840,41047.0,marion,"Marion, Oregon, US",0,0,0,0
2020-02-14,us,oregon,44.90287942,-122.58151170000001,84041047.0,US,USA,840,41047.0,marion,"Marion, Oregon, US",0,0,0,0
2020-02-15,us,oregon,44.90287942,-122.58151170000001,84041047.0,US,USA,840,41047.0,marion,"Marion, Oregon, US",0,0,0,0
2020-02-16,us,oregon,44.90287942,-122.58151170000001,84041047.0,US,USA,840,41047.0,marion,"Marion, Oregon, US",0,0,0,0
2020-02-17,us,oregon,44.90287942,-122.58151170000001,84041047.0,US,USA,840,41047.0,marion,"Marion, Oregon, US",0,0,0,0
2020-02-18,us,oregon,44.90287942,-122.58151170000001,84041047.0,US,USA,840,41047.0,marion,"Marion, Oregon, US",0,0,0,0
2020-02-19,us,oregon,44.90287942,-122.58151170000001,84041047.0,US,USA,840,41047.0,marion,"Marion, Oregon, US",0,0,0,0
2020-02-20,us,oregon,44.90287942,-122.58151170000001,84041047.0,US,USA,840,41047.0,marion,"Marion, Oregon, US",0,0,0,0
2020-02-21,us,oregon,44.90287942,-122.58151170000001,84041047.0,US,USA,840,41047.0,marion,"Marion, Oregon, US",0,0,0,0
2020-02-22,us,oregon,44.90287942,-122.58151170000001,84041047.0,US,USA,840,41047.0,marion,"Marion, Oregon, US",0,0,0,0
2020-02-23,us,oregon,44.90287942,-122.58151170000001,84041047.0,US,USA,840,41047.0,marion,"Marion, Oregon, US",0,0,0,0
2020-02-24,us,oregon,44.90287942,-122.58151170000001,84041047.0,US,USA,840,41047.0,marion,"Marion, Oregon, US",0,0,0,0
2020-02-25,us,oregon,44.90287942,-122.58151170000001,84041047.0,US,USA,840,41047.0,marion,"Marion, Oregon, US",0,0,0,0
2020-02-26,us,oregon,44.90287942,-122.58151170000001,84041047.0,US,USA,840,41047.0,marion,"Marion, Oregon, US",0,0,0,0
2020-02-27,us,oregon,44.90287942,-122.58151170000001,84041047.0,US,USA,840,41047.0,marion,"Marion, Oregon, US",0,0,0,0
2020-02-28,us,oregon,44.90287942,-122.58151170000001,84041047.0,US,USA,840,41047.0,marion,"Marion, Oregon, US",0,0,0,0
2020-02-29,us,oregon,44.90287942,-122.58151170000001,84041047.0,US,USA,840,41047.0,marion,"Marion, Oregon, US",0,0,0,0
2020-03-01,us,oregon,44.90287942,-122.58151170000001,84041047.0,US,USA,840,41047.0,marion,"Marion, Oregon, US",0,0,0,0
2020-03-02,us,oregon,44.90287942,-122.58151170000001,84041047.0,US,USA,840,41047.0,marion,"Marion, Oregon, US",0,0,0,0
2020-03-03,us,oregon,44.90287942,-122.58151170000001,84041047.0,US,USA,840,41047.0,marion,"Marion, Oregon, US",0,0,0,0
2020-03-04,us,oregon,44.90287942,-122.58151170000001,84041047.0,US,USA,840,41047.0,marion,"Marion, Oregon, US",0,0,0,0
2020-03-05,us,oregon,44.90287942,-122.58151170000001,84041047.0,US,USA,840,41047.0,marion,"Marion, Oregon, US",0,0,0,0
2020-03-06,us,oregon,44.90287942,-122.58151170000001,84041047.0,US,USA,840,41047.0,marion,"Marion, Oregon, US",0,0,0,0
2020-03-07,us,oregon,44.90287942,-122.58151170000001,84041047.0,US,USA,840,41047.0,marion,"Marion, Oregon, US",0,0,0,0
2020-03-08,us,oregon,44.90287942,-122.58151170000001,84041047.0,US,USA,840,41047.0,marion,"Marion, Oregon, US",1,1,0,0
2020-03-09,us,oregon,44.90287942,-122.58151170000001,84041047.0,US,USA,840,41047.0,marion,"Marion, Oregon, US",1,0,0,0
2020-03-10,us,oregon,44.90287942,-122.58151170000001,84041047.0,US,USA,840,41047.0,marion,"Marion, Oregon, US",1,0,0,0
2020-03-11,us,oregon,44.90287942,-122.58151170000001,84041047.0,US,USA,840,41047.0,marion,"Marion, Oregon, US",2,1,0,0
2020-03-12,us,oregon,44.90287942,-122.58151170000001,84041047.0,US,USA,840,41047.0,marion,"Marion, Oregon, US",2,0,0,0
2020-03-13,us,oregon,44.90287942,-122.58151170000001,84041047.0,US,USA,840,41047.0,marion,"Marion, Oregon, US",2,0,0,0
2020-03-14,us,oregon,44.90287942,-122.58151170000001,84041047.0,US,USA,840,41047.0,marion,"Marion, Oregon, US",2,0,0,0
2020-03-15,us,oregon,44.90287942,-122.58151170000001,84041047.0,US,USA,840,41047.0,marion,"Marion, Oregon, US",2,0,0,0
2020-03-16,us,oregon,44.90287942,-122.58151170000001,84041047.0,US,USA,840,41047.0,marion,"Marion, Oregon, US",2,0,0,0
2020-03-17,us,oregon,44.90287942,-122.58151170000001,84041047.0,US,USA,840,41047.0,marion,"Marion, Oregon, US",4,2,0,0
2020-03-18,us,oregon,44.90287942,-122.58151170000001,84041047.0,US,USA,840,41047.0,marion,"Marion, Oregon, US",8,4,0,0
2020-03-19,us,oregon,44.90287942,-122.58151170000001,84041047.0,US,USA,840,41047.0,marion,"Marion, Oregon, US",13,5,0,0
2020-03-20,us,oregon,44.90287942,-122.58151170000001,84041047.0,US,USA,840,41047.0,marion,"Marion, Oregon, US",17,4,0,0
2020-03-21,us,oregon,44.90287942,-122.58151170000001,84041047.0,US,USA,840,41047.0,marion,"Marion, Oregon, US",19,2,1,1
2020-03-22,us,oregon,44.90287942,-122.58151170000001,84041047.0,US,USA,840,41047.0,marion,"Marion, Oregon, US",22,3,1,0
2020-03-23,us,oregon,44.90287942,-122.58151170000001,84041047.0,US,USA,840,41047.0,marion,"Marion, Oregon, US",30,8,1,0
2020-03-24,us,oregon,44.90287942,-122.58151170000001,84041047.0,US,USA,840,41047.0,marion,"Marion, Oregon, US",32,2,1,0
2020-03-25,us,oregon,44.90287942,-122.58151170000001,84041047.0,US,USA,840,41047.0,marion,"Marion, Oregon, US",43,11,2,1
2020-03-26,us,oregon,44.90287942,-122.58151170000001,84041047.0,US,USA,840,41047.0,marion,"Marion, Oregon, US",57,14,2,0
2020-03-27,us,oregon,44.90287942,-122.58151170000001,84041047.0,US,USA,840,41047.0,marion,"Marion, Oregon, US",83,26,3,1
2020-03-28,us,oregon,44.90287942,-122.58151170000001,84041047.0,US,USA,840,41047.0,marion,"Marion, Oregon, US",94,11,3,0
2020-03-29,us,oregon,44.90287942,-122.58151170000001,84041047.0,US,USA,840,41047.0,marion,"Marion, Oregon, US",109,15,3,0
2020-03-30,us,oregon,44.90287942,-122.58151170000001,84041047.0,US,USA,840,41047.0,marion,"Marion, Oregon, US",123,14,3,0
2020-03-31,us,oregon,44.90287942,-122.58151170000001,84041047.0,US,USA,840,41047.0,marion,"Marion, Oregon, US",141,18,3,0
2020-04-01,us,oregon,44.90287942,-122.58151170000001,84041047.0,US,USA,840,41047.0,marion,"Marion, Oregon, US",151,10,3,0
2020-04-02,us,oregon,44.90287942,-122.58151170000001,84041047.0,US,USA,840,41047.0,marion,"Marion, Oregon, US",164,13,4,1
2020-04-03,us,oregon,44.90287942,-122.58151170000001,84041047.0,US,USA,840,41047.0,marion,"Marion, Oregon, US",178,14,4,0
2020-04-04,us,oregon,44.90287942,-122.58151170000001,84041047.0,US,USA,840,41047.0,marion,"Marion, Oregon, US",178,0,4,0
2020-04-05,us,oregon,44.90287942,-122.58151170000001,84041047.0,US,USA,840,41047.0,marion,"Marion, Oregon, US",198,20,5,1
2020-04-06,us,oregon,44.90287942,-122.58151170000001,84041047.0,US,USA,840,41047.0,marion,"Marion, Oregon, US",198,0,5,0
2020-04-07,us,oregon,44.90287942,-122.58151170000001,84041047.0,US,USA,840,41047.0,marion,"Marion, Oregon, US",209,11,6,1
2020-04-08,us,oregon,44.90287942,-122.58151170000001,84041047.0,US,USA,840,41047.0,marion,"Marion, Oregon, US",215,6,9,3
2020-04-09,us,oregon,44.90287942,-122.58151170000001,84041047.0,US,USA,840,41047.0,marion,"Marion, Oregon, US",235,20,9,0
2020-04-10,us,oregon,44.90287942,-122.58151170000001,84041047.0,US,USA,840,41047.0,marion,"Marion, Oregon, US",235,0,9,0
2020-04-11,us,oregon,44.90287942,-122.58151170000001,84041047.0,US,USA,840,41047.0,marion,"Marion, Oregon, US",246,11,9,0
2020-04-12,us,oregon,44.90287942,-122.58151170000001,84041047.0,US,USA,840,41047.0,marion,"Marion, Oregon, US",276,30,9,0
2020-04-13,us,oregon,44.90287942,-122.58151170000001,84041047.0,US,USA,840,41047.0,marion,"Marion, Oregon, US",280,4,9,0
2020-04-14,us,oregon,44.90287942,-122.58151170000001,84041047.0,US,USA,840,41047.0,marion,"Marion, Oregon, US",289,9,9,0
2020-04-15,us,oregon,44.90287942,-122.58151170000001,84041047.0,US,USA,840,41047.0,marion,"Marion, Oregon, US",294,5,10,1
2020-04-16,us,oregon,44.90287942,-122.58151170000001,84041047.0,US,USA,840,41047.0,marion,"Marion, Oregon, US",309,15,11,1
2020-04-17,us,oregon,44.90287942,-122.58151170000001,84041047.0,US,USA,840,41047.0,marion,"Marion, Oregon, US",317,8,12,1
2020-04-18,us,oregon,44.90287942,-122.58151170000001,84041047.0,US,USA,840,41047.0,marion,"Marion, Oregon, US",335,18,13,1
2020-04-19,us,oregon,44.90287942,-122.58151170000001,84041047.0,US,USA,840,41047.0,marion,"Marion, Oregon, US",358,23,13,0
2020-04-20,us,oregon,44.90287942,-122.58151170000001,84041047.0,US,USA,840,41047.0,marion,"Marion, Oregon, US",371,13,14,1
2020-04-21,us,oregon,44.90287942,-122.58151170000001,84041047.0,US,USA,840,41047.0,marion,"Marion, Oregon, US",381,10,14,0
2020-04-22,us,oregon,44.90287942,-122.58151170000001,84041047.0,US,USA,840,41047.0,marion,"Marion, Oregon, US",388,7,14,0
2020-04-23,us,oregon,44.90287942,-122.58151170000001,84041047.0,US,USA,840,41047.0,marion,"Marion, Oregon, US",397,9,14,0
2020-04-24,us,oregon,44.90287942,-122.58151170000001,84041047.0,US,USA,840,41047.0,marion,"Marion, Oregon, US",417,20,14,0
2020-04-25,us,oregon,44.90287942,-122.58151170000001,84041047.0,US,USA,840,41047.0,marion,"Marion, Oregon, US",432,15,14,0
2020-04-26,us,oregon,44.90287942,-122.58151170000001,84041047.0,US,USA,840,41047.0,marion,"Marion, Oregon, US",436,4,15,1
2020-04-27,us,oregon,44.90287942,-122.58151170000001,84041047.0,US,USA,840,41047.0,marion,"Marion, Oregon, US",447,11,15,0
2020-04-28,us,oregon,44.90287942,-122.58151170000001,84041047.0,US,USA,840,41047.0,marion,"Marion, Oregon, US",456,9,17,2
2020-04-29,us,oregon,44.90287942,-122.58151170000001,84041047.0,US,USA,840,41047.0,marion,"Marion, Oregon, US",474,18,17,0
