date,country,state,lat,long,UID,iso2,iso3,code3,FIPS,region,Combined_Key,confirmed,confirmed_new,deaths,deaths_new
2020-01-22,us,georgia,33.76944049,-84.22396017,84013089.0,US,USA,840,13089.0,dekalb,"DeKalb, Georgia, US",0,0,0,0
2020-01-23,us,georgia,33.76944049,-84.22396017,84013089.0,US,USA,840,13089.0,dekalb,"DeKalb, Georgia, US",0,0,0,0
2020-01-24,us,georgia,33.76944049,-84.22396017,84013089.0,US,USA,840,13089.0,dekalb,"DeKalb, Georgia, US",0,0,0,0
2020-01-25,us,georgia,33.76944049,-84.22396017,84013089.0,US,USA,840,13089.0,dekalb,"DeKalb, Georgia, US",0,0,0,0
2020-01-26,us,georgia,33.76944049,-84.22396017,84013089.0,US,USA,840,13089.0,dekalb,"DeKalb, Georgia, US",0,0,0,0
2020-01-27,us,georgia,33.76944049,-84.22396017,84013089.0,US,USA,840,13089.0,dekalb,"DeKalb, Georgia, US",0,0,0,0
2020-01-28,us,georgia,33.76944049,-84.22396017,84013089.0,US,USA,840,13089.0,dekalb,"DeKalb, Georgia, US",0,0,0,0
2020-01-29,us,georgia,33.76944049,-84.22396017,84013089.0,US,USA,840,13089.0,dekalb,"DeKalb, Georgia, US",0,0,0,0
2020-01-30,us,georgia,33.76944049,-84.22396017,84013089.0,US,USA,840,13089.0,dekalb,"DeKalb, Georgia, US",0,0,0,0
2020-01-31,us,georgia,33.76944049,-84.22396017,84013089.0,US,USA,840,13089.0,dekalb,"DeKalb, Georgia, US",0,0,0,0
2020-02-01,us,georgia,33.76944049,-84.22396017,84013089.0,US,USA,840,13089.0,dekalb,"DeKalb, Georgia, US",0,0,0,0
2020-02-02,us,georgia,33.76944049,-84.22396017,84013089.0,US,USA,840,13089.0,dekalb,"DeKalb, Georgia, US",0,0,0,0
2020-02-03,us,georgia,33.76944049,-84.22396017,84013089.0,US,USA,840,13089.0,dekalb,"DeKalb, Georgia, US",0,0,0,0
2020-02-04,us,georgia,33.76944049,-84.22396017,84013089.0,US,USA,840,13089.0,dekalb,"DeKalb, Georgia, US",0,0,0,0
2020-02-05,us,georgia,33.76944049,-84.22396017,84013089.0,US,USA,840,13089.0,dekalb,"DeKalb, Georgia, US",0,0,0,0
2020-02-06,us,georgia,33.76944049,-84.22396017,84013089.0,US,USA,840,13089.0,dekalb,"DeKalb, Georgia, US",0,0,0,0
2020-02-07,us,georgia,33.76944049,-84.22396017,84013089.0,US,USA,840,13089.0,dekalb,"DeKalb, Georgia, US",0,0,0,0
2020-02-08,us,georgia,33.76944049,-84.22396017,84013089.0,US,USA,840,13089.0,dekalb,"DeKalb, Georgia, US",0,0,0,0
2020-02-09,us,georgia,33.76944049,-84.22396017,84013089.0,US,USA,840,13089.0,dekalb,"DeKalb, Georgia, US",0,0,0,0
2020-02-10,us,georgia,33.76944049,-84.22396017,84013089.0,US,USA,840,13089.0,dekalb,"DeKalb, Georgia, US",0,0,0,0
2020-02-11,us,georgia,33.76944049,-84.22396017,84013089.0,US,USA,840,13089.0,dekalb,"DeKalb, Georgia, US",0,0,0,0
2020-02-12,us,georgia,33.76944049,-84.22396017,84013089.0,US,USA,840,13089.0,dekalb,"DeKalb, Georgia, US",0,0,0,0
2020-02-13,us,georgia,33.76944049,-84.22396017,84013089.0,US,USA,840,13089.0,dekalb,"DeKalb, Georgia, US",0,0,0,0
2020-02-14,us,georgia,33.76944049,-84.22396017,84013089.0,US,USA,840,13089.0,dekalb,"DeKalb, Georgia, US",0,0,0,0
2020-02-15,us,georgia,33.76944049,-84.22396017,84013089.0,US,USA,840,13089.0,dekalb,"DeKalb, Georgia, US",0,0,0,0
2020-02-16,us,georgia,33.76944049,-84.22396017,84013089.0,US,USA,840,13089.0,dekalb,"DeKalb, Georgia, US",0,0,0,0
2020-02-17,us,georgia,33.76944049,-84.22396017,84013089.0,US,USA,840,13089.0,dekalb,"DeKalb, Georgia, US",0,0,0,0
2020-02-18,us,georgia,33.76944049,-84.22396017,84013089.0,US,USA,840,13089.0,dekalb,"DeKalb, Georgia, US",0,0,0,0
2020-02-19,us,georgia,33.76944049,-84.22396017,84013089.0,US,USA,840,13089.0,dekalb,"DeKalb, Georgia, US",0,0,0,0
2020-02-20,us,georgia,33.76944049,-84.22396017,84013089.0,US,USA,840,13089.0,dekalb,"DeKalb, Georgia, US",0,0,0,0
2020-02-21,us,georgia,33.76944049,-84.22396017,84013089.0,US,USA,840,13089.0,dekalb,"DeKalb, Georgia, US",0,0,0,0
2020-02-22,us,georgia,33.76944049,-84.22396017,84013089.0,US,USA,840,13089.0,dekalb,"DeKalb, Georgia, US",0,0,0,0
2020-02-23,us,georgia,33.76944049,-84.22396017,84013089.0,US,USA,840,13089.0,dekalb,"DeKalb, Georgia, US",0,0,0,0
2020-02-24,us,georgia,33.76944049,-84.22396017,84013089.0,US,USA,840,13089.0,dekalb,"DeKalb, Georgia, US",0,0,0,0
2020-02-25,us,georgia,33.76944049,-84.22396017,84013089.0,US,USA,840,13089.0,dekalb,"DeKalb, Georgia, US",0,0,0,0
2020-02-26,us,georgia,33.76944049,-84.22396017,84013089.0,US,USA,840,13089.0,dekalb,"DeKalb, Georgia, US",0,0,0,0
2020-02-27,us,georgia,33.76944049,-84.22396017,84013089.0,US,USA,840,13089.0,dekalb,"DeKalb, Georgia, US",0,0,0,0
2020-02-28,us,georgia,33.76944049,-84.22396017,84013089.0,US,USA,840,13089.0,dekalb,"DeKalb, Georgia, US",0,0,0,0
2020-02-29,us,georgia,33.76944049,-84.22396017,84013089.0,US,USA,840,13089.0,dekalb,"DeKalb, Georgia, US",0,0,0,0
2020-03-01,us,georgia,33.76944049,-84.22396017,84013089.0,US,USA,840,13089.0,dekalb,"DeKalb, Georgia, US",0,0,0,0
2020-03-02,us,georgia,33.76944049,-84.22396017,84013089.0,US,USA,840,13089.0,dekalb,"DeKalb, Georgia, US",0,0,0,0
2020-03-03,us,georgia,33.76944049,-84.22396017,84013089.0,US,USA,840,13089.0,dekalb,"DeKalb, Georgia, US",0,0,0,0
2020-03-04,us,georgia,33.76944049,-84.22396017,84013089.0,US,USA,840,13089.0,dekalb,"DeKalb, Georgia, US",0,0,0,0
2020-03-05,us,georgia,33.76944049,-84.22396017,84013089.0,US,USA,840,13089.0,dekalb,"DeKalb, Georgia, US",0,0,0,0
2020-03-06,us,georgia,33.76944049,-84.22396017,84013089.0,US,USA,840,13089.0,dekalb,"DeKalb, Georgia, US",0,0,0,0
2020-03-07,us,georgia,33.76944049,-84.22396017,84013089.0,US,USA,840,13089.0,dekalb,"DeKalb, Georgia, US",0,0,0,0
2020-03-08,us,georgia,33.76944049,-84.22396017,84013089.0,US,USA,840,13089.0,dekalb,"DeKalb, Georgia, US",0,0,0,0
2020-03-09,us,georgia,33.76944049,-84.22396017,84013089.0,US,USA,840,13089.0,dekalb,"DeKalb, Georgia, US",0,0,0,0
2020-03-10,us,georgia,33.76944049,-84.22396017,84013089.0,US,USA,840,13089.0,dekalb,"DeKalb, Georgia, US",2,2,0,0
2020-03-11,us,georgia,33.76944049,-84.22396017,84013089.0,US,USA,840,13089.0,dekalb,"DeKalb, Georgia, US",2,0,0,0
2020-03-12,us,georgia,33.76944049,-84.22396017,84013089.0,US,USA,840,13089.0,dekalb,"DeKalb, Georgia, US",4,2,0,0
2020-03-13,us,georgia,33.76944049,-84.22396017,84013089.0,US,USA,840,13089.0,dekalb,"DeKalb, Georgia, US",5,1,0,0
2020-03-14,us,georgia,33.76944049,-84.22396017,84013089.0,US,USA,840,13089.0,dekalb,"DeKalb, Georgia, US",8,3,0,0
2020-03-15,us,georgia,33.76944049,-84.22396017,84013089.0,US,USA,840,13089.0,dekalb,"DeKalb, Georgia, US",10,2,0,0
2020-03-16,us,georgia,33.76944049,-84.22396017,84013089.0,US,USA,840,13089.0,dekalb,"DeKalb, Georgia, US",10,0,0,0
2020-03-17,us,georgia,33.76944049,-84.22396017,84013089.0,US,USA,840,13089.0,dekalb,"DeKalb, Georgia, US",15,5,0,0
2020-03-18,us,georgia,33.76944049,-84.22396017,84013089.0,US,USA,840,13089.0,dekalb,"DeKalb, Georgia, US",18,3,0,0
2020-03-19,us,georgia,33.76944049,-84.22396017,84013089.0,US,USA,840,13089.0,dekalb,"DeKalb, Georgia, US",22,4,0,0
2020-03-20,us,georgia,33.76944049,-84.22396017,84013089.0,US,USA,840,13089.0,dekalb,"DeKalb, Georgia, US",36,14,0,0
2020-03-21,us,georgia,33.76944049,-84.22396017,84013089.0,US,USA,840,13089.0,dekalb,"DeKalb, Georgia, US",41,5,0,0
2020-03-22,us,georgia,33.76944049,-84.22396017,84013089.0,US,USA,840,13089.0,dekalb,"DeKalb, Georgia, US",53,12,0,0
2020-03-23,us,georgia,33.76944049,-84.22396017,84013089.0,US,USA,840,13089.0,dekalb,"DeKalb, Georgia, US",75,22,0,0
2020-03-24,us,georgia,33.76944049,-84.22396017,84013089.0,US,USA,840,13089.0,dekalb,"DeKalb, Georgia, US",94,19,0,0
2020-03-25,us,georgia,33.76944049,-84.22396017,84013089.0,US,USA,840,13089.0,dekalb,"DeKalb, Georgia, US",116,22,0,0
2020-03-26,us,georgia,33.76944049,-84.22396017,84013089.0,US,USA,840,13089.0,dekalb,"DeKalb, Georgia, US",129,13,0,0
2020-03-27,us,georgia,33.76944049,-84.22396017,84013089.0,US,USA,840,13089.0,dekalb,"DeKalb, Georgia, US",181,52,0,0
2020-03-28,us,georgia,33.76944049,-84.22396017,84013089.0,US,USA,840,13089.0,dekalb,"DeKalb, Georgia, US",240,59,2,2
2020-03-29,us,georgia,33.76944049,-84.22396017,84013089.0,US,USA,840,13089.0,dekalb,"DeKalb, Georgia, US",272,32,3,1
2020-03-30,us,georgia,33.76944049,-84.22396017,84013089.0,US,USA,840,13089.0,dekalb,"DeKalb, Georgia, US",281,9,3,0
2020-03-31,us,georgia,33.76944049,-84.22396017,84013089.0,US,USA,840,13089.0,dekalb,"DeKalb, Georgia, US",335,54,3,0
2020-04-01,us,georgia,33.76944049,-84.22396017,84013089.0,US,USA,840,13089.0,dekalb,"DeKalb, Georgia, US",365,30,4,1
2020-04-02,us,georgia,33.76944049,-84.22396017,84013089.0,US,USA,840,13089.0,dekalb,"DeKalb, Georgia, US",396,31,6,2
2020-04-03,us,georgia,33.76944049,-84.22396017,84013089.0,US,USA,840,13089.0,dekalb,"DeKalb, Georgia, US",448,52,8,2
2020-04-04,us,georgia,33.76944049,-84.22396017,84013089.0,US,USA,840,13089.0,dekalb,"DeKalb, Georgia, US",500,52,8,0
2020-04-05,us,georgia,33.76944049,-84.22396017,84013089.0,US,USA,840,13089.0,dekalb,"DeKalb, Georgia, US",543,43,9,1
2020-04-06,us,georgia,33.76944049,-84.22396017,84013089.0,US,USA,840,13089.0,dekalb,"DeKalb, Georgia, US",579,36,10,1
2020-04-07,us,georgia,33.76944049,-84.22396017,84013089.0,US,USA,840,13089.0,dekalb,"DeKalb, Georgia, US",645,66,11,1
2020-04-08,us,georgia,33.76944049,-84.22396017,84013089.0,US,USA,840,13089.0,dekalb,"DeKalb, Georgia, US",706,61,11,0
2020-04-09,us,georgia,33.76944049,-84.22396017,84013089.0,US,USA,840,13089.0,dekalb,"DeKalb, Georgia, US",742,36,12,1
2020-04-10,us,georgia,33.76944049,-84.22396017,84013089.0,US,USA,840,13089.0,dekalb,"DeKalb, Georgia, US",795,53,13,1
2020-04-11,us,georgia,33.76944049,-84.22396017,84013089.0,US,USA,840,13089.0,dekalb,"DeKalb, Georgia, US",835,40,13,0
2020-04-12,us,georgia,33.76944049,-84.22396017,84013089.0,US,USA,840,13089.0,dekalb,"DeKalb, Georgia, US",869,34,14,1
2020-04-13,us,georgia,33.76944049,-84.22396017,84013089.0,US,USA,840,13089.0,dekalb,"DeKalb, Georgia, US",980,111,14,0
2020-04-14,us,georgia,33.76944049,-84.22396017,84013089.0,US,USA,840,13089.0,dekalb,"DeKalb, Georgia, US",1144,164,15,1
2020-04-15,us,georgia,33.76944049,-84.22396017,84013089.0,US,USA,840,13089.0,dekalb,"DeKalb, Georgia, US",1191,47,15,0
2020-04-16,us,georgia,33.76944049,-84.22396017,84013089.0,US,USA,840,13089.0,dekalb,"DeKalb, Georgia, US",1247,56,18,3
2020-04-17,us,georgia,33.76944049,-84.22396017,84013089.0,US,USA,840,13089.0,dekalb,"DeKalb, Georgia, US",1349,102,23,5
2020-04-18,us,georgia,33.76944049,-84.22396017,84013089.0,US,USA,840,13089.0,dekalb,"DeKalb, Georgia, US",1396,47,24,1
2020-04-19,us,georgia,33.76944049,-84.22396017,84013089.0,US,USA,840,13089.0,dekalb,"DeKalb, Georgia, US",1452,56,24,0
2020-04-20,us,georgia,33.76944049,-84.22396017,84013089.0,US,USA,840,13089.0,dekalb,"DeKalb, Georgia, US",1521,69,27,3
2020-04-21,us,georgia,33.76944049,-84.22396017,84013089.0,US,USA,840,13089.0,dekalb,"DeKalb, Georgia, US",1534,13,29,2
2020-04-22,us,georgia,33.76944049,-84.22396017,84013089.0,US,USA,840,13089.0,dekalb,"DeKalb, Georgia, US",1609,75,31,2
2020-04-23,us,georgia,33.76944049,-84.22396017,84013089.0,US,USA,840,13089.0,dekalb,"DeKalb, Georgia, US",1689,80,34,3
2020-04-24,us,georgia,33.76944049,-84.22396017,84013089.0,US,USA,840,13089.0,dekalb,"DeKalb, Georgia, US",1721,32,36,2
2020-04-25,us,georgia,33.76944049,-84.22396017,84013089.0,US,USA,840,13089.0,dekalb,"DeKalb, Georgia, US",1788,67,36,0
2020-04-26,us,georgia,33.76944049,-84.22396017,84013089.0,US,USA,840,13089.0,dekalb,"DeKalb, Georgia, US",1800,12,36,0
2020-04-27,us,georgia,33.76944049,-84.22396017,84013089.0,US,USA,840,13089.0,dekalb,"DeKalb, Georgia, US",1855,55,42,6
2020-04-28,us,georgia,33.76944049,-84.22396017,84013089.0,US,USA,840,13089.0,dekalb,"DeKalb, Georgia, US",1887,32,43,1
2020-04-29,us,georgia,33.76944049,-84.22396017,84013089.0,US,USA,840,13089.0,dekalb,"DeKalb, Georgia, US",1970,83,46,3
