date,country,state,lat,long,UID,iso2,iso3,code3,FIPS,region,Combined_Key,confirmed,confirmed_new,deaths,deaths_new
2020-01-22,us,georgia,33.79216944,-84.46319413,84013121.0,US,USA,840,13121.0,fulton,"Fulton, Georgia, US",0,0,0,0
2020-01-23,us,georgia,33.79216944,-84.46319413,84013121.0,US,USA,840,13121.0,fulton,"Fulton, Georgia, US",0,0,0,0
2020-01-24,us,georgia,33.79216944,-84.46319413,84013121.0,US,USA,840,13121.0,fulton,"Fulton, Georgia, US",0,0,0,0
2020-01-25,us,georgia,33.79216944,-84.46319413,84013121.0,US,USA,840,13121.0,fulton,"Fulton, Georgia, US",0,0,0,0
2020-01-26,us,georgia,33.79216944,-84.46319413,84013121.0,US,USA,840,13121.0,fulton,"Fulton, Georgia, US",0,0,0,0
2020-01-27,us,georgia,33.79216944,-84.46319413,84013121.0,US,USA,840,13121.0,fulton,"Fulton, Georgia, US",0,0,0,0
2020-01-28,us,georgia,33.79216944,-84.46319413,84013121.0,US,USA,840,13121.0,fulton,"Fulton, Georgia, US",0,0,0,0
2020-01-29,us,georgia,33.79216944,-84.46319413,84013121.0,US,USA,840,13121.0,fulton,"Fulton, Georgia, US",0,0,0,0
2020-01-30,us,georgia,33.79216944,-84.46319413,84013121.0,US,USA,840,13121.0,fulton,"Fulton, Georgia, US",0,0,0,0
2020-01-31,us,georgia,33.79216944,-84.46319413,84013121.0,US,USA,840,13121.0,fulton,"Fulton, Georgia, US",0,0,0,0
2020-02-01,us,georgia,33.79216944,-84.46319413,84013121.0,US,USA,840,13121.0,fulton,"Fulton, Georgia, US",0,0,0,0
2020-02-02,us,georgia,33.79216944,-84.46319413,84013121.0,US,USA,840,13121.0,fulton,"Fulton, Georgia, US",0,0,0,0
2020-02-03,us,georgia,33.79216944,-84.46319413,84013121.0,US,USA,840,13121.0,fulton,"Fulton, Georgia, US",0,0,0,0
2020-02-04,us,georgia,33.79216944,-84.46319413,84013121.0,US,USA,840,13121.0,fulton,"Fulton, Georgia, US",0,0,0,0
2020-02-05,us,georgia,33.79216944,-84.46319413,84013121.0,US,USA,840,13121.0,fulton,"Fulton, Georgia, US",0,0,0,0
2020-02-06,us,georgia,33.79216944,-84.46319413,84013121.0,US,USA,840,13121.0,fulton,"Fulton, Georgia, US",0,0,0,0
2020-02-07,us,georgia,33.79216944,-84.46319413,84013121.0,US,USA,840,13121.0,fulton,"Fulton, Georgia, US",0,0,0,0
2020-02-08,us,georgia,33.79216944,-84.46319413,84013121.0,US,USA,840,13121.0,fulton,"Fulton, Georgia, US",0,0,0,0
2020-02-09,us,georgia,33.79216944,-84.46319413,84013121.0,US,USA,840,13121.0,fulton,"Fulton, Georgia, US",0,0,0,0
2020-02-10,us,georgia,33.79216944,-84.46319413,84013121.0,US,USA,840,13121.0,fulton,"Fulton, Georgia, US",0,0,0,0
2020-02-11,us,georgia,33.79216944,-84.46319413,84013121.0,US,USA,840,13121.0,fulton,"Fulton, Georgia, US",0,0,0,0
2020-02-12,us,georgia,33.79216944,-84.46319413,84013121.0,US,USA,840,13121.0,fulton,"Fulton, Georgia, US",0,0,0,0
2020-02-13,us,georgia,33.79216944,-84.46319413,84013121.0,US,USA,840,13121.0,fulton,"Fulton, Georgia, US",0,0,0,0
2020-02-14,us,georgia,33.79216944,-84.46319413,84013121.0,US,USA,840,13121.0,fulton,"Fulton, Georgia, US",0,0,0,0
2020-02-15,us,georgia,33.79216944,-84.46319413,84013121.0,US,USA,840,13121.0,fulton,"Fulton, Georgia, US",0,0,0,0
2020-02-16,us,georgia,33.79216944,-84.46319413,84013121.0,US,USA,840,13121.0,fulton,"Fulton, Georgia, US",0,0,0,0
2020-02-17,us,georgia,33.79216944,-84.46319413,84013121.0,US,USA,840,13121.0,fulton,"Fulton, Georgia, US",0,0,0,0
2020-02-18,us,georgia,33.79216944,-84.46319413,84013121.0,US,USA,840,13121.0,fulton,"Fulton, Georgia, US",0,0,0,0
2020-02-19,us,georgia,33.79216944,-84.46319413,84013121.0,US,USA,840,13121.0,fulton,"Fulton, Georgia, US",0,0,0,0
2020-02-20,us,georgia,33.79216944,-84.46319413,84013121.0,US,USA,840,13121.0,fulton,"Fulton, Georgia, US",0,0,0,0
2020-02-21,us,georgia,33.79216944,-84.46319413,84013121.0,US,USA,840,13121.0,fulton,"Fulton, Georgia, US",0,0,0,0
2020-02-22,us,georgia,33.79216944,-84.46319413,84013121.0,US,USA,840,13121.0,fulton,"Fulton, Georgia, US",0,0,0,0
2020-02-23,us,georgia,33.79216944,-84.46319413,84013121.0,US,USA,840,13121.0,fulton,"Fulton, Georgia, US",0,0,0,0
2020-02-24,us,georgia,33.79216944,-84.46319413,84013121.0,US,USA,840,13121.0,fulton,"Fulton, Georgia, US",0,0,0,0
2020-02-25,us,georgia,33.79216944,-84.46319413,84013121.0,US,USA,840,13121.0,fulton,"Fulton, Georgia, US",0,0,0,0
2020-02-26,us,georgia,33.79216944,-84.46319413,84013121.0,US,USA,840,13121.0,fulton,"Fulton, Georgia, US",0,0,0,0
2020-02-27,us,georgia,33.79216944,-84.46319413,84013121.0,US,USA,840,13121.0,fulton,"Fulton, Georgia, US",0,0,0,0
2020-02-28,us,georgia,33.79216944,-84.46319413,84013121.0,US,USA,840,13121.0,fulton,"Fulton, Georgia, US",0,0,0,0
2020-02-29,us,georgia,33.79216944,-84.46319413,84013121.0,US,USA,840,13121.0,fulton,"Fulton, Georgia, US",0,0,0,0
2020-03-01,us,georgia,33.79216944,-84.46319413,84013121.0,US,USA,840,13121.0,fulton,"Fulton, Georgia, US",0,0,0,0
2020-03-02,us,georgia,33.79216944,-84.46319413,84013121.0,US,USA,840,13121.0,fulton,"Fulton, Georgia, US",0,0,0,0
2020-03-03,us,georgia,33.79216944,-84.46319413,84013121.0,US,USA,840,13121.0,fulton,"Fulton, Georgia, US",2,2,0,0
2020-03-04,us,georgia,33.79216944,-84.46319413,84013121.0,US,USA,840,13121.0,fulton,"Fulton, Georgia, US",2,0,0,0
2020-03-05,us,georgia,33.79216944,-84.46319413,84013121.0,US,USA,840,13121.0,fulton,"Fulton, Georgia, US",2,0,0,0
2020-03-06,us,georgia,33.79216944,-84.46319413,84013121.0,US,USA,840,13121.0,fulton,"Fulton, Georgia, US",2,0,0,0
2020-03-07,us,georgia,33.79216944,-84.46319413,84013121.0,US,USA,840,13121.0,fulton,"Fulton, Georgia, US",3,1,0,0
2020-03-08,us,georgia,33.79216944,-84.46319413,84013121.0,US,USA,840,13121.0,fulton,"Fulton, Georgia, US",3,0,0,0
2020-03-09,us,georgia,33.79216944,-84.46319413,84013121.0,US,USA,840,13121.0,fulton,"Fulton, Georgia, US",5,2,0,0
2020-03-10,us,georgia,33.79216944,-84.46319413,84013121.0,US,USA,840,13121.0,fulton,"Fulton, Georgia, US",5,0,0,0
2020-03-11,us,georgia,33.79216944,-84.46319413,84013121.0,US,USA,840,13121.0,fulton,"Fulton, Georgia, US",7,2,0,0
2020-03-12,us,georgia,33.79216944,-84.46319413,84013121.0,US,USA,840,13121.0,fulton,"Fulton, Georgia, US",6,-1,0,0
2020-03-13,us,georgia,33.79216944,-84.46319413,84013121.0,US,USA,840,13121.0,fulton,"Fulton, Georgia, US",8,2,0,0
2020-03-14,us,georgia,33.79216944,-84.46319413,84013121.0,US,USA,840,13121.0,fulton,"Fulton, Georgia, US",13,5,0,0
2020-03-15,us,georgia,33.79216944,-84.46319413,84013121.0,US,USA,840,13121.0,fulton,"Fulton, Georgia, US",20,7,0,0
2020-03-16,us,georgia,33.79216944,-84.46319413,84013121.0,US,USA,840,13121.0,fulton,"Fulton, Georgia, US",27,7,0,0
2020-03-17,us,georgia,33.79216944,-84.46319413,84013121.0,US,USA,840,13121.0,fulton,"Fulton, Georgia, US",33,6,0,0
2020-03-18,us,georgia,33.79216944,-84.46319413,84013121.0,US,USA,840,13121.0,fulton,"Fulton, Georgia, US",49,16,0,0
2020-03-19,us,georgia,33.79216944,-84.46319413,84013121.0,US,USA,840,13121.0,fulton,"Fulton, Georgia, US",66,17,0,0
2020-03-20,us,georgia,33.79216944,-84.46319413,84013121.0,US,USA,840,13121.0,fulton,"Fulton, Georgia, US",88,22,2,2
2020-03-21,us,georgia,33.79216944,-84.46319413,84013121.0,US,USA,840,13121.0,fulton,"Fulton, Georgia, US",99,11,2,0
2020-03-22,us,georgia,33.79216944,-84.46319413,84013121.0,US,USA,840,13121.0,fulton,"Fulton, Georgia, US",111,12,2,0
2020-03-23,us,georgia,33.79216944,-84.46319413,84013121.0,US,USA,840,13121.0,fulton,"Fulton, Georgia, US",145,34,2,0
2020-03-24,us,georgia,33.79216944,-84.46319413,84013121.0,US,USA,840,13121.0,fulton,"Fulton, Georgia, US",184,39,2,0
2020-03-25,us,georgia,33.79216944,-84.46319413,84013121.0,US,USA,840,13121.0,fulton,"Fulton, Georgia, US",198,14,2,0
2020-03-26,us,georgia,33.79216944,-84.46319413,84013121.0,US,USA,840,13121.0,fulton,"Fulton, Georgia, US",211,13,2,0
2020-03-27,us,georgia,33.79216944,-84.46319413,84013121.0,US,USA,840,13121.0,fulton,"Fulton, Georgia, US",307,96,2,0
2020-03-28,us,georgia,33.79216944,-84.46319413,84013121.0,US,USA,840,13121.0,fulton,"Fulton, Georgia, US",373,66,12,10
2020-03-29,us,georgia,33.79216944,-84.46319413,84013121.0,US,USA,840,13121.0,fulton,"Fulton, Georgia, US",407,34,13,1
2020-03-30,us,georgia,33.79216944,-84.46319413,84013121.0,US,USA,840,13121.0,fulton,"Fulton, Georgia, US",463,56,14,1
2020-03-31,us,georgia,33.79216944,-84.46319413,84013121.0,US,USA,840,13121.0,fulton,"Fulton, Georgia, US",570,107,17,3
2020-04-01,us,georgia,33.79216944,-84.46319413,84013121.0,US,USA,840,13121.0,fulton,"Fulton, Georgia, US",624,54,19,2
2020-04-02,us,georgia,33.79216944,-84.46319413,84013121.0,US,USA,840,13121.0,fulton,"Fulton, Georgia, US",712,88,22,3
2020-04-03,us,georgia,33.79216944,-84.46319413,84013121.0,US,USA,840,13121.0,fulton,"Fulton, Georgia, US",882,170,23,1
2020-04-04,us,georgia,33.79216944,-84.46319413,84013121.0,US,USA,840,13121.0,fulton,"Fulton, Georgia, US",941,59,26,3
2020-04-05,us,georgia,33.79216944,-84.46319413,84013121.0,US,USA,840,13121.0,fulton,"Fulton, Georgia, US",962,21,27,1
2020-04-06,us,georgia,33.79216944,-84.46319413,84013121.0,US,USA,840,13121.0,fulton,"Fulton, Georgia, US",1027,65,28,1
2020-04-07,us,georgia,33.79216944,-84.46319413,84013121.0,US,USA,840,13121.0,fulton,"Fulton, Georgia, US",1124,97,36,8
2020-04-08,us,georgia,33.79216944,-84.46319413,84013121.0,US,USA,840,13121.0,fulton,"Fulton, Georgia, US",1240,116,41,5
2020-04-09,us,georgia,33.79216944,-84.46319413,84013121.0,US,USA,840,13121.0,fulton,"Fulton, Georgia, US",1276,36,45,4
2020-04-10,us,georgia,33.79216944,-84.46319413,84013121.0,US,USA,840,13121.0,fulton,"Fulton, Georgia, US",1364,88,48,3
2020-04-11,us,georgia,33.79216944,-84.46319413,84013121.0,US,USA,840,13121.0,fulton,"Fulton, Georgia, US",1422,58,50,2
2020-04-12,us,georgia,33.79216944,-84.46319413,84013121.0,US,USA,840,13121.0,fulton,"Fulton, Georgia, US",1467,45,50,0
2020-04-13,us,georgia,33.79216944,-84.46319413,84013121.0,US,USA,840,13121.0,fulton,"Fulton, Georgia, US",1598,131,52,2
2020-04-14,us,georgia,33.79216944,-84.46319413,84013121.0,US,USA,840,13121.0,fulton,"Fulton, Georgia, US",1812,214,60,8
2020-04-15,us,georgia,33.79216944,-84.46319413,84013121.0,US,USA,840,13121.0,fulton,"Fulton, Georgia, US",1844,32,62,2
2020-04-16,us,georgia,33.79216944,-84.46319413,84013121.0,US,USA,840,13121.0,fulton,"Fulton, Georgia, US",1929,85,63,1
2020-04-17,us,georgia,33.79216944,-84.46319413,84013121.0,US,USA,840,13121.0,fulton,"Fulton, Georgia, US",2025,96,73,10
2020-04-18,us,georgia,33.79216944,-84.46319413,84013121.0,US,USA,840,13121.0,fulton,"Fulton, Georgia, US",2054,29,74,1
2020-04-19,us,georgia,33.79216944,-84.46319413,84013121.0,US,USA,840,13121.0,fulton,"Fulton, Georgia, US",2110,56,75,1
2020-04-20,us,georgia,33.79216944,-84.46319413,84013121.0,US,USA,840,13121.0,fulton,"Fulton, Georgia, US",2198,88,80,5
2020-04-21,us,georgia,33.79216944,-84.46319413,84013121.0,US,USA,840,13121.0,fulton,"Fulton, Georgia, US",2208,10,82,2
2020-04-22,us,georgia,33.79216944,-84.46319413,84013121.0,US,USA,840,13121.0,fulton,"Fulton, Georgia, US",2255,47,85,3
2020-04-23,us,georgia,33.79216944,-84.46319413,84013121.0,US,USA,840,13121.0,fulton,"Fulton, Georgia, US",2436,181,88,3
2020-04-24,us,georgia,33.79216944,-84.46319413,84013121.0,US,USA,840,13121.0,fulton,"Fulton, Georgia, US",2500,64,91,3
2020-04-25,us,georgia,33.79216944,-84.46319413,84013121.0,US,USA,840,13121.0,fulton,"Fulton, Georgia, US",2543,43,91,0
2020-04-26,us,georgia,33.79216944,-84.46319413,84013121.0,US,USA,840,13121.0,fulton,"Fulton, Georgia, US",2545,2,94,3
2020-04-27,us,georgia,33.79216944,-84.46319413,84013121.0,US,USA,840,13121.0,fulton,"Fulton, Georgia, US",2680,135,103,9
2020-04-28,us,georgia,33.79216944,-84.46319413,84013121.0,US,USA,840,13121.0,fulton,"Fulton, Georgia, US",2727,47,108,5
2020-04-29,us,georgia,33.79216944,-84.46319413,84013121.0,US,USA,840,13121.0,fulton,"Fulton, Georgia, US",2770,43,115,7
2020-04-30,us,georgia,33.79216944,-84.46319413,84013121.0,US,USA,840,13121.0,fulton,"Fulton, Georgia, US",2811,41,117,2
2020-05-01,us,georgia,33.79216944,-84.46319413,84013121.0,US,USA,840,13121.0,fulton,"Fulton, Georgia, US",2882,71,122,5
2020-05-02,us,georgia,33.79216944,-84.46319413,84013121.0,US,USA,840,13121.0,fulton,"Fulton, Georgia, US",2928,46,122,0
2020-05-03,us,georgia,33.79216944,-84.46319413,84013121.0,US,USA,840,13121.0,fulton,"Fulton, Georgia, US",2979,51,124,2
