date,country,state,lat,long,UID,iso2,iso3,code3,FIPS,region,Combined_Key,confirmed,confirmed_new,deaths,deaths_new
2020-01-22,US,New York,40.76727260000001,-73.97152637,84036061.0,US,USA,840,36061.0,New York,"New York City, New York, US",0,0,0,0
2020-01-23,US,New York,40.76727260000001,-73.97152637,84036061.0,US,USA,840,36061.0,New York,"New York City, New York, US",0,0,0,0
2020-01-24,US,New York,40.76727260000001,-73.97152637,84036061.0,US,USA,840,36061.0,New York,"New York City, New York, US",0,0,0,0
2020-01-25,US,New York,40.76727260000001,-73.97152637,84036061.0,US,USA,840,36061.0,New York,"New York City, New York, US",0,0,0,0
2020-01-26,US,New York,40.76727260000001,-73.97152637,84036061.0,US,USA,840,36061.0,New York,"New York City, New York, US",0,0,0,0
2020-01-27,US,New York,40.76727260000001,-73.97152637,84036061.0,US,USA,840,36061.0,New York,"New York City, New York, US",0,0,0,0
2020-01-28,US,New York,40.76727260000001,-73.97152637,84036061.0,US,USA,840,36061.0,New York,"New York City, New York, US",0,0,0,0
2020-01-29,US,New York,40.76727260000001,-73.97152637,84036061.0,US,USA,840,36061.0,New York,"New York City, New York, US",0,0,0,0
2020-01-30,US,New York,40.76727260000001,-73.97152637,84036061.0,US,USA,840,36061.0,New York,"New York City, New York, US",0,0,0,0
2020-01-31,US,New York,40.76727260000001,-73.97152637,84036061.0,US,USA,840,36061.0,New York,"New York City, New York, US",0,0,0,0
2020-02-01,US,New York,40.76727260000001,-73.97152637,84036061.0,US,USA,840,36061.0,New York,"New York City, New York, US",0,0,0,0
2020-02-02,US,New York,40.76727260000001,-73.97152637,84036061.0,US,USA,840,36061.0,New York,"New York City, New York, US",0,0,0,0
2020-02-03,US,New York,40.76727260000001,-73.97152637,84036061.0,US,USA,840,36061.0,New York,"New York City, New York, US",0,0,0,0
2020-02-04,US,New York,40.76727260000001,-73.97152637,84036061.0,US,USA,840,36061.0,New York,"New York City, New York, US",0,0,0,0
2020-02-05,US,New York,40.76727260000001,-73.97152637,84036061.0,US,USA,840,36061.0,New York,"New York City, New York, US",0,0,0,0
2020-02-06,US,New York,40.76727260000001,-73.97152637,84036061.0,US,USA,840,36061.0,New York,"New York City, New York, US",0,0,0,0
2020-02-07,US,New York,40.76727260000001,-73.97152637,84036061.0,US,USA,840,36061.0,New York,"New York City, New York, US",0,0,0,0
2020-02-08,US,New York,40.76727260000001,-73.97152637,84036061.0,US,USA,840,36061.0,New York,"New York City, New York, US",0,0,0,0
2020-02-09,US,New York,40.76727260000001,-73.97152637,84036061.0,US,USA,840,36061.0,New York,"New York City, New York, US",0,0,0,0
2020-02-10,US,New York,40.76727260000001,-73.97152637,84036061.0,US,USA,840,36061.0,New York,"New York City, New York, US",0,0,0,0
2020-02-11,US,New York,40.76727260000001,-73.97152637,84036061.0,US,USA,840,36061.0,New York,"New York City, New York, US",0,0,0,0
2020-02-12,US,New York,40.76727260000001,-73.97152637,84036061.0,US,USA,840,36061.0,New York,"New York City, New York, US",0,0,0,0
2020-02-13,US,New York,40.76727260000001,-73.97152637,84036061.0,US,USA,840,36061.0,New York,"New York City, New York, US",0,0,0,0
2020-02-14,US,New York,40.76727260000001,-73.97152637,84036061.0,US,USA,840,36061.0,New York,"New York City, New York, US",0,0,0,0
2020-02-15,US,New York,40.76727260000001,-73.97152637,84036061.0,US,USA,840,36061.0,New York,"New York City, New York, US",0,0,0,0
2020-02-16,US,New York,40.76727260000001,-73.97152637,84036061.0,US,USA,840,36061.0,New York,"New York City, New York, US",0,0,0,0
2020-02-17,US,New York,40.76727260000001,-73.97152637,84036061.0,US,USA,840,36061.0,New York,"New York City, New York, US",0,0,0,0
2020-02-18,US,New York,40.76727260000001,-73.97152637,84036061.0,US,USA,840,36061.0,New York,"New York City, New York, US",0,0,0,0
2020-02-19,US,New York,40.76727260000001,-73.97152637,84036061.0,US,USA,840,36061.0,New York,"New York City, New York, US",0,0,0,0
2020-02-20,US,New York,40.76727260000001,-73.97152637,84036061.0,US,USA,840,36061.0,New York,"New York City, New York, US",0,0,0,0
2020-02-21,US,New York,40.76727260000001,-73.97152637,84036061.0,US,USA,840,36061.0,New York,"New York City, New York, US",0,0,0,0
2020-02-22,US,New York,40.76727260000001,-73.97152637,84036061.0,US,USA,840,36061.0,New York,"New York City, New York, US",0,0,0,0
2020-02-23,US,New York,40.76727260000001,-73.97152637,84036061.0,US,USA,840,36061.0,New York,"New York City, New York, US",0,0,0,0
2020-02-24,US,New York,40.76727260000001,-73.97152637,84036061.0,US,USA,840,36061.0,New York,"New York City, New York, US",0,0,0,0
2020-02-25,US,New York,40.76727260000001,-73.97152637,84036061.0,US,USA,840,36061.0,New York,"New York City, New York, US",0,0,0,0
2020-02-26,US,New York,40.76727260000001,-73.97152637,84036061.0,US,USA,840,36061.0,New York,"New York City, New York, US",0,0,0,0
2020-02-27,US,New York,40.76727260000001,-73.97152637,84036061.0,US,USA,840,36061.0,New York,"New York City, New York, US",0,0,0,0
2020-02-28,US,New York,40.76727260000001,-73.97152637,84036061.0,US,USA,840,36061.0,New York,"New York City, New York, US",0,0,0,0
2020-02-29,US,New York,40.76727260000001,-73.97152637,84036061.0,US,USA,840,36061.0,New York,"New York City, New York, US",0,0,0,0
2020-03-01,US,New York,40.76727260000001,-73.97152637,84036061.0,US,USA,840,36061.0,New York,"New York City, New York, US",0,0,0,0
2020-03-02,US,New York,40.76727260000001,-73.97152637,84036061.0,US,USA,840,36061.0,New York,"New York City, New York, US",1,1,0,0
2020-03-03,US,New York,40.76727260000001,-73.97152637,84036061.0,US,USA,840,36061.0,New York,"New York City, New York, US",1,0,0,0
2020-03-04,US,New York,40.76727260000001,-73.97152637,84036061.0,US,USA,840,36061.0,New York,"New York City, New York, US",1,0,0,0
2020-03-05,US,New York,40.76727260000001,-73.97152637,84036061.0,US,USA,840,36061.0,New York,"New York City, New York, US",4,3,0,0
2020-03-06,US,New York,40.76727260000001,-73.97152637,84036061.0,US,USA,840,36061.0,New York,"New York City, New York, US",11,7,0,0
2020-03-07,US,New York,40.76727260000001,-73.97152637,84036061.0,US,USA,840,36061.0,New York,"New York City, New York, US",11,0,0,0
2020-03-08,US,New York,40.76727260000001,-73.97152637,84036061.0,US,USA,840,36061.0,New York,"New York City, New York, US",12,1,0,0
2020-03-09,US,New York,40.76727260000001,-73.97152637,84036061.0,US,USA,840,36061.0,New York,"New York City, New York, US",19,7,0,0
2020-03-10,US,New York,40.76727260000001,-73.97152637,84036061.0,US,USA,840,36061.0,New York,"New York City, New York, US",25,6,0,0
2020-03-11,US,New York,40.76727260000001,-73.97152637,84036061.0,US,USA,840,36061.0,New York,"New York City, New York, US",55,30,0,0
2020-03-12,US,New York,40.76727260000001,-73.97152637,84036061.0,US,USA,840,36061.0,New York,"New York City, New York, US",95,40,1,1
2020-03-13,US,New York,40.76727260000001,-73.97152637,84036061.0,US,USA,840,36061.0,New York,"New York City, New York, US",154,59,2,1
2020-03-14,US,New York,40.76727260000001,-73.97152637,84036061.0,US,USA,840,36061.0,New York,"New York City, New York, US",269,115,5,3
2020-03-15,US,New York,40.76727260000001,-73.97152637,84036061.0,US,USA,840,36061.0,New York,"New York City, New York, US",269,0,11,6
2020-03-16,US,New York,40.76727260000001,-73.97152637,84036061.0,US,USA,840,36061.0,New York,"New York City, New York, US",463,194,21,10
2020-03-17,US,New York,40.76727260000001,-73.97152637,84036061.0,US,USA,840,36061.0,New York,"New York City, New York, US",814,351,32,11
2020-03-18,US,New York,40.76727260000001,-73.97152637,84036061.0,US,USA,840,36061.0,New York,"New York City, New York, US",1871,1057,57,25
2020-03-19,US,New York,40.76727260000001,-73.97152637,84036061.0,US,USA,840,36061.0,New York,"New York City, New York, US",3954,2083,84,27
2020-03-20,US,New York,40.76727260000001,-73.97152637,84036061.0,US,USA,840,36061.0,New York,"New York City, New York, US",5151,1197,134,50
2020-03-21,US,New York,40.76727260000001,-73.97152637,84036061.0,US,USA,840,36061.0,New York,"New York City, New York, US",7530,2379,180,46
2020-03-22,US,New York,40.76727260000001,-73.97152637,84036061.0,US,USA,840,36061.0,New York,"New York City, New York, US",9654,2124,232,52
2020-03-23,US,New York,40.76727260000001,-73.97152637,84036061.0,US,USA,840,36061.0,New York,"New York City, New York, US",12305,2651,328,96
2020-03-24,US,New York,40.76727260000001,-73.97152637,84036061.0,US,USA,840,36061.0,New York,"New York City, New York, US",14904,2599,433,105
2020-03-25,US,New York,40.76727260000001,-73.97152637,84036061.0,US,USA,840,36061.0,New York,"New York City, New York, US",17856,2952,573,140
2020-03-26,US,New York,40.76727260000001,-73.97152637,84036061.0,US,USA,840,36061.0,New York,"New York City, New York, US",21873,4017,798,225
2020-03-27,US,New York,40.76727260000001,-73.97152637,84036061.0,US,USA,840,36061.0,New York,"New York City, New York, US",25573,3700,1050,252
2020-03-28,US,New York,40.76727260000001,-73.97152637,84036061.0,US,USA,840,36061.0,New York,"New York City, New York, US",29776,4203,1377,327
2020-03-29,US,New York,40.76727260000001,-73.97152637,84036061.0,US,USA,840,36061.0,New York,"New York City, New York, US",33768,3992,1729,352
2020-03-30,US,New York,40.76727260000001,-73.97152637,84036061.0,US,USA,840,36061.0,New York,"New York City, New York, US",37453,3685,2128,399
2020-03-31,US,New York,40.76727260000001,-73.97152637,84036061.0,US,USA,840,36061.0,New York,"New York City, New York, US",43119,5666,2589,461
2020-04-01,US,New York,40.76727260000001,-73.97152637,84036061.0,US,USA,840,36061.0,New York,"New York City, New York, US",47439,4320,3115,526
2020-04-02,US,New York,40.76727260000001,-73.97152637,84036061.0,US,USA,840,36061.0,New York,"New York City, New York, US",51809,4370,3754,639
2020-04-03,US,New York,40.76727260000001,-73.97152637,84036061.0,US,USA,840,36061.0,New York,"New York City, New York, US",57159,5350,4399,645
2020-04-04,US,New York,40.76727260000001,-73.97152637,84036061.0,US,USA,840,36061.0,New York,"New York City, New York, US",63306,6147,5077,678
2020-04-05,US,New York,40.76727260000001,-73.97152637,84036061.0,US,USA,840,36061.0,New York,"New York City, New York, US",67551,4245,5804,727
2020-04-06,US,New York,40.76727260000001,-73.97152637,84036061.0,US,USA,840,36061.0,New York,"New York City, New York, US",72181,4630,6596,792
2020-04-07,US,New York,40.76727260000001,-73.97152637,84036061.0,US,USA,840,36061.0,New York,"New York City, New York, US",76876,4695,7406,810
2020-04-08,US,New York,40.76727260000001,-73.97152637,84036061.0,US,USA,840,36061.0,New York,"New York City, New York, US",81803,4927,8137,731
2020-04-09,US,New York,40.76727260000001,-73.97152637,84036061.0,US,USA,840,36061.0,New York,"New York City, New York, US",87028,5225,8861,724
2020-04-10,US,New York,40.76727260000001,-73.97152637,84036061.0,US,USA,840,36061.0,New York,"New York City, New York, US",92384,5356,9558,697
2020-04-11,US,New York,40.76727260000001,-73.97152637,84036061.0,US,USA,840,36061.0,New York,"New York City, New York, US",98308,5924,10238,680
2020-04-12,US,New York,40.76727260000001,-73.97152637,84036061.0,US,USA,840,36061.0,New York,"New York City, New York, US",103208,4900,10955,717
2020-04-13,US,New York,40.76727260000001,-73.97152637,84036061.0,US,USA,840,36061.0,New York,"New York City, New York, US",106763,3555,11681,726
2020-04-14,US,New York,40.76727260000001,-73.97152637,84036061.0,US,USA,840,36061.0,New York,"New York City, New York, US",110465,3702,12324,643
2020-04-15,US,New York,40.76727260000001,-73.97152637,84036061.0,US,USA,840,36061.0,New York,"New York City, New York, US",118302,7837,12851,527
2020-04-16,US,New York,40.76727260000001,-73.97152637,84036061.0,US,USA,840,36061.0,New York,"New York City, New York, US",123146,4844,13374,523
2020-04-17,US,New York,40.76727260000001,-73.97152637,84036061.0,US,USA,840,36061.0,New York,"New York City, New York, US",127352,4206,13826,452
2020-04-18,US,New York,40.76727260000001,-73.97152637,84036061.0,US,USA,840,36061.0,New York,"New York City, New York, US",131334,3982,14291,465
2020-04-19,US,New York,40.76727260000001,-73.97152637,84036061.0,US,USA,840,36061.0,New York,"New York City, New York, US",134267,2933,14735,444
2020-04-20,US,New York,40.76727260000001,-73.97152637,84036061.0,US,USA,840,36061.0,New York,"New York City, New York, US",136591,2324,15169,434
2020-04-21,US,New York,40.76727260000001,-73.97152637,84036061.0,US,USA,840,36061.0,New York,"New York City, New York, US",139348,2757,15529,360
2020-04-22,US,New York,40.76727260000001,-73.97152637,84036061.0,US,USA,840,36061.0,New York,"New York City, New York, US",142227,2879,15864,335
2020-04-23,US,New York,40.76727260000001,-73.97152637,84036061.0,US,USA,840,36061.0,New York,"New York City, New York, US",145855,3628,16158,294
2020-04-24,US,New York,40.76727260000001,-73.97152637,84036061.0,US,USA,840,36061.0,New York,"New York City, New York, US",150473,4618,16190,32
2020-04-25,US,New York,40.76727260000001,-73.97152637,84036061.0,US,USA,840,36061.0,New York,"New York City, New York, US",155113,4640,17126,936
2020-04-26,US,New York,40.76727260000001,-73.97152637,84036061.0,US,USA,840,36061.0,New York,"New York City, New York, US",158258,3145,17280,154
2020-04-27,US,New York,40.76727260000001,-73.97152637,84036061.0,US,USA,840,36061.0,New York,"New York City, New York, US",160489,2231,17515,235
2020-04-28,US,New York,40.76727260000001,-73.97152637,84036061.0,US,USA,840,36061.0,New York,"New York City, New York, US",162338,1849,17682,167
2020-04-29,US,New York,40.76727260000001,-73.97152637,84036061.0,US,USA,840,36061.0,New York,"New York City, New York, US",164841,2503,18076,394
2020-04-30,US,New York,40.76727260000001,-73.97152637,84036061.0,US,USA,840,36061.0,New York,"New York City, New York, US",167478,2637,18069,-7
2020-05-01,US,New York,40.76727260000001,-73.97152637,84036061.0,US,USA,840,36061.0,New York,"New York City, New York, US",169690,2212,18399,330
2020-05-02,US,New York,40.76727260000001,-73.97152637,84036061.0,US,USA,840,36061.0,New York,"New York City, New York, US",172354,2664,18491,92
2020-05-03,US,New York,40.76727260000001,-73.97152637,84036061.0,US,USA,840,36061.0,New York,"New York City, New York, US",174331,1977,18925,434
