date,country,state,lat,long,confirmed,deaths,recovered,confirmed_new,deaths_new,recovered_new
2020-01-22,afghanistan,,33.93911,67.709953,0,0,0.0,0,0,0.0
2020-01-23,afghanistan,,33.93911,67.709953,0,0,0.0,0,0,0.0
2020-01-24,afghanistan,,33.93911,67.709953,0,0,0.0,0,0,0.0
2020-01-25,afghanistan,,33.93911,67.709953,0,0,0.0,0,0,0.0
2020-01-26,afghanistan,,33.93911,67.709953,0,0,0.0,0,0,0.0
2020-01-27,afghanistan,,33.93911,67.709953,0,0,0.0,0,0,0.0
2020-01-28,afghanistan,,33.93911,67.709953,0,0,0.0,0,0,0.0
2020-01-29,afghanistan,,33.93911,67.709953,0,0,0.0,0,0,0.0
2020-01-30,afghanistan,,33.93911,67.709953,0,0,0.0,0,0,0.0
2020-01-31,afghanistan,,33.93911,67.709953,0,0,0.0,0,0,0.0
2020-02-01,afghanistan,,33.93911,67.709953,0,0,0.0,0,0,0.0
2020-02-02,afghanistan,,33.93911,67.709953,0,0,0.0,0,0,0.0
2020-02-03,afghanistan,,33.93911,67.709953,0,0,0.0,0,0,0.0
2020-02-04,afghanistan,,33.93911,67.709953,0,0,0.0,0,0,0.0
2020-02-05,afghanistan,,33.93911,67.709953,0,0,0.0,0,0,0.0
2020-02-06,afghanistan,,33.93911,67.709953,0,0,0.0,0,0,0.0
2020-02-07,afghanistan,,33.93911,67.709953,0,0,0.0,0,0,0.0
2020-02-08,afghanistan,,33.93911,67.709953,0,0,0.0,0,0,0.0
2020-02-09,afghanistan,,33.93911,67.709953,0,0,0.0,0,0,0.0
2020-02-10,afghanistan,,33.93911,67.709953,0,0,0.0,0,0,0.0
2020-02-11,afghanistan,,33.93911,67.709953,0,0,0.0,0,0,0.0
2020-02-12,afghanistan,,33.93911,67.709953,0,0,0.0,0,0,0.0
2020-02-13,afghanistan,,33.93911,67.709953,0,0,0.0,0,0,0.0
2020-02-14,afghanistan,,33.93911,67.709953,0,0,0.0,0,0,0.0
2020-02-15,afghanistan,,33.93911,67.709953,0,0,0.0,0,0,0.0
2020-02-16,afghanistan,,33.93911,67.709953,0,0,0.0,0,0,0.0
2020-02-17,afghanistan,,33.93911,67.709953,0,0,0.0,0,0,0.0
2020-02-18,afghanistan,,33.93911,67.709953,0,0,0.0,0,0,0.0
2020-02-19,afghanistan,,33.93911,67.709953,0,0,0.0,0,0,0.0
2020-02-20,afghanistan,,33.93911,67.709953,0,0,0.0,0,0,0.0
2020-02-21,afghanistan,,33.93911,67.709953,0,0,0.0,0,0,0.0
2020-02-22,afghanistan,,33.93911,67.709953,0,0,0.0,0,0,0.0
2020-02-23,afghanistan,,33.93911,67.709953,0,0,0.0,0,0,0.0
2020-02-24,afghanistan,,33.93911,67.709953,1,0,0.0,1,0,0.0
2020-02-25,afghanistan,,33.93911,67.709953,1,0,0.0,0,0,0.0
2020-02-26,afghanistan,,33.93911,67.709953,1,0,0.0,0,0,0.0
2020-02-27,afghanistan,,33.93911,67.709953,1,0,0.0,0,0,0.0
2020-02-28,afghanistan,,33.93911,67.709953,1,0,0.0,0,0,0.0
2020-02-29,afghanistan,,33.93911,67.709953,1,0,0.0,0,0,0.0
2020-03-01,afghanistan,,33.93911,67.709953,1,0,0.0,0,0,0.0
2020-03-02,afghanistan,,33.93911,67.709953,1,0,0.0,0,0,0.0
2020-03-03,afghanistan,,33.93911,67.709953,1,0,0.0,0,0,0.0
2020-03-04,afghanistan,,33.93911,67.709953,1,0,0.0,0,0,0.0
2020-03-05,afghanistan,,33.93911,67.709953,1,0,0.0,0,0,0.0
2020-03-06,afghanistan,,33.93911,67.709953,1,0,0.0,0,0,0.0
2020-03-07,afghanistan,,33.93911,67.709953,1,0,0.0,0,0,0.0
2020-03-08,afghanistan,,33.93911,67.709953,4,0,0.0,3,0,0.0
2020-03-09,afghanistan,,33.93911,67.709953,4,0,0.0,0,0,0.0
2020-03-10,afghanistan,,33.93911,67.709953,5,0,0.0,1,0,0.0
2020-03-11,afghanistan,,33.93911,67.709953,7,0,0.0,2,0,0.0
2020-03-12,afghanistan,,33.93911,67.709953,7,0,0.0,0,0,0.0
2020-03-13,afghanistan,,33.93911,67.709953,7,0,0.0,0,0,0.0
2020-03-14,afghanistan,,33.93911,67.709953,11,0,0.0,4,0,0.0
2020-03-15,afghanistan,,33.93911,67.709953,16,0,0.0,5,0,0.0
2020-03-16,afghanistan,,33.93911,67.709953,21,0,1.0,5,0,1.0
2020-03-17,afghanistan,,33.93911,67.709953,22,0,1.0,1,0,0.0
2020-03-18,afghanistan,,33.93911,67.709953,22,0,1.0,0,0,0.0
2020-03-19,afghanistan,,33.93911,67.709953,22,0,1.0,0,0,0.0
2020-03-20,afghanistan,,33.93911,67.709953,24,0,1.0,2,0,0.0
2020-03-21,afghanistan,,33.93911,67.709953,24,0,1.0,0,0,0.0
2020-03-22,afghanistan,,33.93911,67.709953,40,1,1.0,16,1,0.0
2020-03-23,afghanistan,,33.93911,67.709953,40,1,1.0,0,0,0.0
2020-03-24,afghanistan,,33.93911,67.709953,74,1,1.0,34,0,0.0
2020-03-25,afghanistan,,33.93911,67.709953,84,2,2.0,10,1,1.0
2020-03-26,afghanistan,,33.93911,67.709953,94,4,2.0,10,2,0.0
2020-03-27,afghanistan,,33.93911,67.709953,110,4,2.0,16,0,0.0
2020-03-28,afghanistan,,33.93911,67.709953,110,4,2.0,0,0,0.0
2020-03-29,afghanistan,,33.93911,67.709953,120,4,2.0,10,0,0.0
2020-03-30,afghanistan,,33.93911,67.709953,170,4,2.0,50,0,0.0
2020-03-31,afghanistan,,33.93911,67.709953,174,4,5.0,4,0,3.0
2020-04-01,afghanistan,,33.93911,67.709953,237,4,5.0,63,0,0.0
2020-04-02,afghanistan,,33.93911,67.709953,273,6,10.0,36,2,5.0
2020-04-03,afghanistan,,33.93911,67.709953,281,6,10.0,8,0,0.0
2020-04-04,afghanistan,,33.93911,67.709953,299,7,10.0,18,1,0.0
2020-04-05,afghanistan,,33.93911,67.709953,349,7,15.0,50,0,5.0
2020-04-06,afghanistan,,33.93911,67.709953,367,11,18.0,18,4,3.0
2020-04-07,afghanistan,,33.93911,67.709953,423,14,18.0,56,3,0.0
2020-04-08,afghanistan,,33.93911,67.709953,444,14,29.0,21,0,11.0
2020-04-09,afghanistan,,33.93911,67.709953,484,15,32.0,40,1,3.0
2020-04-10,afghanistan,,33.93911,67.709953,521,15,32.0,37,0,0.0
2020-04-11,afghanistan,,33.93911,67.709953,555,18,32.0,34,3,0.0
2020-04-12,afghanistan,,33.93911,67.709953,607,18,32.0,52,0,0.0
2020-04-13,afghanistan,,33.93911,67.709953,665,21,32.0,58,3,0.0
2020-04-14,afghanistan,,33.93911,67.709953,714,23,40.0,49,2,8.0
2020-04-15,afghanistan,,33.93911,67.709953,784,25,43.0,70,2,3.0
2020-04-16,afghanistan,,33.93911,67.709953,840,30,54.0,56,5,11.0
2020-04-17,afghanistan,,33.93911,67.709953,906,30,99.0,66,0,45.0
2020-04-18,afghanistan,,33.93911,67.709953,933,30,112.0,27,0,13.0
2020-04-19,afghanistan,,33.93911,67.709953,996,33,131.0,63,3,19.0
2020-04-20,afghanistan,,33.93911,67.709953,1026,36,135.0,30,3,4.0
2020-04-21,afghanistan,,33.93911,67.709953,1092,36,150.0,66,0,15.0
2020-04-22,afghanistan,,33.93911,67.709953,1176,40,166.0,84,4,16.0
2020-04-23,afghanistan,,33.93911,67.709953,1279,42,179.0,103,2,13.0
2020-04-24,afghanistan,,33.93911,67.709953,1351,43,188.0,72,1,9.0
2020-04-25,afghanistan,,33.93911,67.709953,1463,47,188.0,112,4,0.0
2020-04-26,afghanistan,,33.93911,67.709953,1531,50,207.0,68,3,19.0
2020-04-27,afghanistan,,33.93911,67.709953,1703,57,220.0,172,7,13.0
2020-04-28,afghanistan,,33.93911,67.709953,1828,58,228.0,125,1,8.0
2020-04-29,afghanistan,,33.93911,67.709953,1939,60,252.0,111,2,24.0
2020-04-30,afghanistan,,33.93911,67.709953,2171,64,260.0,232,4,8.0
2020-05-01,afghanistan,,33.93911,67.709953,2335,68,310.0,164,4,50.0
2020-05-02,afghanistan,,33.93911,67.709953,2469,72,331.0,134,4,21.0
2020-05-03,afghanistan,,33.93911,67.709953,2704,85,345.0,235,13,14.0
2020-05-04,afghanistan,,33.93911,67.709953,2894,90,397.0,190,5,52.0
2020-05-05,afghanistan,,33.93911,67.709953,3224,95,421.0,330,5,24.0
2020-05-06,afghanistan,,33.93911,67.709953,3392,104,458.0,168,9,37.0
2020-05-07,afghanistan,,33.93911,67.709953,3563,106,468.0,171,2,10.0
2020-05-08,afghanistan,,33.93911,67.709953,3778,109,472.0,215,3,4.0
2020-05-09,afghanistan,,33.93911,67.709953,4033,115,502.0,255,6,30.0
2020-05-10,afghanistan,,33.93911,67.709953,4402,120,558.0,369,5,56.0
2020-05-11,afghanistan,,33.93911,67.709953,4687,122,558.0,285,2,0.0
2020-05-12,afghanistan,,33.93911,67.709953,4963,127,610.0,276,5,52.0
2020-05-13,afghanistan,,33.93911,67.709953,5226,132,648.0,263,5,38.0
2020-05-14,afghanistan,,33.93911,67.709953,5639,136,691.0,413,4,43.0
2020-05-15,afghanistan,,33.93911,67.709953,6053,153,745.0,414,17,54.0
2020-05-16,afghanistan,,33.93911,67.709953,6402,168,745.0,349,15,0.0
2020-05-17,afghanistan,,33.93911,67.709953,6664,169,778.0,262,1,33.0
2020-05-18,afghanistan,,33.93911,67.709953,7072,173,801.0,408,4,23.0
2020-05-19,afghanistan,,33.93911,67.709953,7653,178,850.0,581,5,49.0
2020-05-20,afghanistan,,33.93911,67.709953,8145,187,930.0,492,9,80.0
2020-05-21,afghanistan,,33.93911,67.709953,8676,193,938.0,531,6,8.0
2020-05-22,afghanistan,,33.93911,67.709953,9216,205,996.0,540,12,58.0
2020-05-23,afghanistan,,33.93911,67.709953,9998,216,1040.0,782,11,44.0
2020-05-24,afghanistan,,33.93911,67.709953,10582,218,1075.0,584,2,35.0
2020-05-25,afghanistan,,33.93911,67.709953,11173,219,1097.0,591,1,22.0
2020-05-26,afghanistan,,33.93911,67.709953,11831,220,1128.0,658,1,31.0
2020-05-27,afghanistan,,33.93911,67.709953,12456,227,1138.0,625,7,10.0
2020-05-28,afghanistan,,33.93911,67.709953,13036,235,1209.0,580,8,71.0
2020-05-29,afghanistan,,33.93911,67.709953,13659,246,1259.0,623,11,50.0
2020-05-30,afghanistan,,33.93911,67.709953,14525,249,1303.0,866,3,44.0
2020-05-31,afghanistan,,33.93911,67.709953,15205,257,1328.0,680,8,25.0
2020-06-01,afghanistan,,33.93911,67.709953,15750,265,1428.0,545,8,100.0
2020-06-02,afghanistan,,33.93911,67.709953,16509,270,1450.0,759,5,22.0
2020-06-03,afghanistan,,33.93911,67.709953,17267,294,1522.0,758,24,72.0
2020-06-04,afghanistan,,33.93911,67.709953,18054,300,1585.0,787,6,63.0
2020-06-05,afghanistan,,33.93911,67.709953,18969,309,1762.0,915,9,177.0
2020-06-06,afghanistan,,33.93911,67.709953,19551,327,1830.0,582,18,68.0
2020-06-07,afghanistan,,33.93911,67.709953,20342,357,1875.0,791,30,45.0
2020-06-08,afghanistan,,33.93911,67.709953,20917,369,2171.0,575,12,296.0
2020-06-09,afghanistan,,33.93911,67.709953,21459,384,2651.0,542,15,480.0
2020-06-10,afghanistan,,33.93911,67.709953,22142,405,3013.0,683,21,362.0
2020-06-11,afghanistan,,33.93911,67.709953,22890,426,3326.0,748,21,313.0
2020-06-12,afghanistan,,33.93911,67.709953,23546,446,3928.0,656,20,602.0
2020-06-13,afghanistan,,33.93911,67.709953,24102,451,4201.0,556,5,273.0
2020-06-14,afghanistan,,33.93911,67.709953,24766,471,4725.0,664,20,524.0
2020-06-15,afghanistan,,33.93911,67.709953,25527,478,5164.0,761,7,439.0
2020-06-16,afghanistan,,33.93911,67.709953,26310,491,5508.0,783,13,344.0
2020-06-17,afghanistan,,33.93911,67.709953,26874,504,6158.0,564,13,650.0
2020-06-18,afghanistan,,33.93911,67.709953,27532,546,7660.0,658,42,1502.0
2020-06-19,afghanistan,,33.93911,67.709953,27878,548,7962.0,346,2,302.0
2020-06-20,afghanistan,,33.93911,67.709953,28424,569,8292.0,546,21,330.0
2020-06-21,afghanistan,,33.93911,67.709953,28833,581,8764.0,409,12,472.0
2020-06-22,afghanistan,,33.93911,67.709953,29157,598,8841.0,324,17,77.0
2020-06-23,afghanistan,,33.93911,67.709953,29481,618,9260.0,324,20,419.0
2020-06-24,afghanistan,,33.93911,67.709953,29640,639,9869.0,159,21,609.0
2020-06-25,afghanistan,,33.93911,67.709953,30175,675,10174.0,535,36,305.0
2020-06-26,afghanistan,,33.93911,67.709953,30451,683,10306.0,276,8,132.0
2020-06-27,afghanistan,,33.93911,67.709953,30616,703,10674.0,165,20,368.0
2020-06-28,afghanistan,,33.93911,67.709953,30967,721,12604.0,351,18,1930.0
2020-06-29,afghanistan,,33.93911,67.709953,31238,733,13934.0,271,12,1330.0
2020-06-30,afghanistan,,33.93911,67.709953,31517,746,14131.0,279,13,197.0
2020-07-01,afghanistan,,33.93911,67.709953,31836,774,15651.0,319,28,1520.0
2020-07-02,afghanistan,,33.93911,67.709953,32022,807,16041.0,186,33,390.0
2020-07-03,afghanistan,,33.93911,67.709953,32324,819,17331.0,302,12,1290.0
2020-07-04,afghanistan,,33.93911,67.709953,32672,826,19164.0,348,7,1833.0
2020-07-05,afghanistan,,33.93911,67.709953,32951,864,19366.0,279,38,202.0
2020-07-06,afghanistan,,33.93911,67.709953,33190,898,20103.0,239,34,737.0
2020-07-07,afghanistan,,33.93911,67.709953,33384,920,20179.0,194,22,76.0
2020-07-08,afghanistan,,33.93911,67.709953,33594,936,20700.0,210,16,521.0
2020-07-09,afghanistan,,33.93911,67.709953,33908,957,20847.0,314,21,147.0
2020-07-10,afghanistan,,33.93911,67.709953,34194,971,20882.0,286,14,35.0
2020-07-11,afghanistan,,33.93911,67.709953,34366,994,21135.0,172,23,253.0
2020-07-12,afghanistan,,33.93911,67.709953,34451,1010,21216.0,85,16,81.0
2020-07-13,afghanistan,,33.93911,67.709953,34455,1012,21254.0,4,2,38.0
2020-07-14,afghanistan,,33.93911,67.709953,34740,1048,21454.0,285,36,200.0
2020-07-15,afghanistan,,33.93911,67.709953,34994,1094,22456.0,254,46,1002.0
2020-07-16,afghanistan,,33.93911,67.709953,35070,1113,22824.0,76,19,368.0
2020-07-17,afghanistan,,33.93911,67.709953,35229,1147,23151.0,159,34,327.0
2020-07-18,afghanistan,,33.93911,67.709953,35301,1164,23273.0,72,17,122.0
2020-07-19,afghanistan,,33.93911,67.709953,35475,1181,23634.0,174,17,361.0
2020-07-20,afghanistan,,33.93911,67.709953,35526,1185,23741.0,51,4,107.0
2020-07-21,afghanistan,,33.93911,67.709953,35615,1186,23741.0,89,1,0.0
2020-07-22,afghanistan,,33.93911,67.709953,35727,1190,23924.0,112,4,183.0
2020-07-23,afghanistan,,33.93911,67.709953,35928,1211,24550.0,201,21,626.0
2020-07-24,afghanistan,,33.93911,67.709953,35981,1225,24602.0,53,14,52.0
2020-07-25,afghanistan,,33.93911,67.709953,36036,1248,24793.0,55,23,191.0
2020-07-26,afghanistan,,33.93911,67.709953,36157,1259,25180.0,121,11,387.0
2020-07-27,afghanistan,,33.93911,67.709953,36263,1269,25198.0,106,10,18.0
2020-07-28,afghanistan,,33.93911,67.709953,36368,1270,25358.0,105,1,160.0
2020-07-29,afghanistan,,33.93911,67.709953,36471,1271,25389.0,103,1,31.0
2020-07-30,afghanistan,,33.93911,67.709953,36542,1271,25471.0,71,0,82.0
2020-07-31,afghanistan,,33.93911,67.709953,36675,1272,25509.0,133,1,38.0
