date,country,state,lat,long,confirmed,deaths,recovered,confirmed_new,deaths_new,recovered_new
2020-01-22,andorra,,42.5063,1.5218,0,0,0.0,0,0,0.0
2020-01-23,andorra,,42.5063,1.5218,0,0,0.0,0,0,0.0
2020-01-24,andorra,,42.5063,1.5218,0,0,0.0,0,0,0.0
2020-01-25,andorra,,42.5063,1.5218,0,0,0.0,0,0,0.0
2020-01-26,andorra,,42.5063,1.5218,0,0,0.0,0,0,0.0
2020-01-27,andorra,,42.5063,1.5218,0,0,0.0,0,0,0.0
2020-01-28,andorra,,42.5063,1.5218,0,0,0.0,0,0,0.0
2020-01-29,andorra,,42.5063,1.5218,0,0,0.0,0,0,0.0
2020-01-30,andorra,,42.5063,1.5218,0,0,0.0,0,0,0.0
2020-01-31,andorra,,42.5063,1.5218,0,0,0.0,0,0,0.0
2020-02-01,andorra,,42.5063,1.5218,0,0,0.0,0,0,0.0
2020-02-02,andorra,,42.5063,1.5218,0,0,0.0,0,0,0.0
2020-02-03,andorra,,42.5063,1.5218,0,0,0.0,0,0,0.0
2020-02-04,andorra,,42.5063,1.5218,0,0,0.0,0,0,0.0
2020-02-05,andorra,,42.5063,1.5218,0,0,0.0,0,0,0.0
2020-02-06,andorra,,42.5063,1.5218,0,0,0.0,0,0,0.0
2020-02-07,andorra,,42.5063,1.5218,0,0,0.0,0,0,0.0
2020-02-08,andorra,,42.5063,1.5218,0,0,0.0,0,0,0.0
2020-02-09,andorra,,42.5063,1.5218,0,0,0.0,0,0,0.0
2020-02-10,andorra,,42.5063,1.5218,0,0,0.0,0,0,0.0
2020-02-11,andorra,,42.5063,1.5218,0,0,0.0,0,0,0.0
2020-02-12,andorra,,42.5063,1.5218,0,0,0.0,0,0,0.0
2020-02-13,andorra,,42.5063,1.5218,0,0,0.0,0,0,0.0
2020-02-14,andorra,,42.5063,1.5218,0,0,0.0,0,0,0.0
2020-02-15,andorra,,42.5063,1.5218,0,0,0.0,0,0,0.0
2020-02-16,andorra,,42.5063,1.5218,0,0,0.0,0,0,0.0
2020-02-17,andorra,,42.5063,1.5218,0,0,0.0,0,0,0.0
2020-02-18,andorra,,42.5063,1.5218,0,0,0.0,0,0,0.0
2020-02-19,andorra,,42.5063,1.5218,0,0,0.0,0,0,0.0
2020-02-20,andorra,,42.5063,1.5218,0,0,0.0,0,0,0.0
2020-02-21,andorra,,42.5063,1.5218,0,0,0.0,0,0,0.0
2020-02-22,andorra,,42.5063,1.5218,0,0,0.0,0,0,0.0
2020-02-23,andorra,,42.5063,1.5218,0,0,0.0,0,0,0.0
2020-02-24,andorra,,42.5063,1.5218,0,0,0.0,0,0,0.0
2020-02-25,andorra,,42.5063,1.5218,0,0,0.0,0,0,0.0
2020-02-26,andorra,,42.5063,1.5218,0,0,0.0,0,0,0.0
2020-02-27,andorra,,42.5063,1.5218,0,0,0.0,0,0,0.0
2020-02-28,andorra,,42.5063,1.5218,0,0,0.0,0,0,0.0
2020-02-29,andorra,,42.5063,1.5218,0,0,0.0,0,0,0.0
2020-03-01,andorra,,42.5063,1.5218,0,0,0.0,0,0,0.0
2020-03-02,andorra,,42.5063,1.5218,1,0,0.0,1,0,0.0
2020-03-03,andorra,,42.5063,1.5218,1,0,0.0,0,0,0.0
2020-03-04,andorra,,42.5063,1.5218,1,0,0.0,0,0,0.0
2020-03-05,andorra,,42.5063,1.5218,1,0,0.0,0,0,0.0
2020-03-06,andorra,,42.5063,1.5218,1,0,0.0,0,0,0.0
2020-03-07,andorra,,42.5063,1.5218,1,0,0.0,0,0,0.0
2020-03-08,andorra,,42.5063,1.5218,1,0,0.0,0,0,0.0
2020-03-09,andorra,,42.5063,1.5218,1,0,0.0,0,0,0.0
2020-03-10,andorra,,42.5063,1.5218,1,0,0.0,0,0,0.0
2020-03-11,andorra,,42.5063,1.5218,1,0,0.0,0,0,0.0
2020-03-12,andorra,,42.5063,1.5218,1,0,1.0,0,0,1.0
2020-03-13,andorra,,42.5063,1.5218,1,0,0.0,0,0,-1.0
2020-03-14,andorra,,42.5063,1.5218,1,0,1.0,0,0,1.0
2020-03-15,andorra,,42.5063,1.5218,1,0,1.0,0,0,0.0
2020-03-16,andorra,,42.5063,1.5218,2,0,1.0,1,0,0.0
2020-03-17,andorra,,42.5063,1.5218,39,0,1.0,37,0,0.0
2020-03-18,andorra,,42.5063,1.5218,39,0,1.0,0,0,0.0
2020-03-19,andorra,,42.5063,1.5218,53,0,1.0,14,0,0.0
2020-03-20,andorra,,42.5063,1.5218,75,0,1.0,22,0,0.0
2020-03-21,andorra,,42.5063,1.5218,88,0,1.0,13,0,0.0
2020-03-22,andorra,,42.5063,1.5218,113,1,1.0,25,1,0.0
2020-03-23,andorra,,42.5063,1.5218,133,1,1.0,20,0,0.0
2020-03-24,andorra,,42.5063,1.5218,164,1,1.0,31,0,0.0
2020-03-25,andorra,,42.5063,1.5218,188,1,1.0,24,0,0.0
2020-03-26,andorra,,42.5063,1.5218,224,3,1.0,36,2,0.0
2020-03-27,andorra,,42.5063,1.5218,267,3,1.0,43,0,0.0
2020-03-28,andorra,,42.5063,1.5218,308,3,1.0,41,0,0.0
2020-03-29,andorra,,42.5063,1.5218,334,6,1.0,26,3,0.0
2020-03-30,andorra,,42.5063,1.5218,370,8,10.0,36,2,9.0
2020-03-31,andorra,,42.5063,1.5218,376,12,10.0,6,4,0.0
2020-04-01,andorra,,42.5063,1.5218,390,14,10.0,14,2,0.0
2020-04-02,andorra,,42.5063,1.5218,428,15,10.0,38,1,0.0
2020-04-03,andorra,,42.5063,1.5218,439,16,16.0,11,1,6.0
2020-04-04,andorra,,42.5063,1.5218,466,17,21.0,27,1,5.0
2020-04-05,andorra,,42.5063,1.5218,501,18,26.0,35,1,5.0
2020-04-06,andorra,,42.5063,1.5218,525,21,31.0,24,3,5.0
2020-04-07,andorra,,42.5063,1.5218,545,22,39.0,20,1,8.0
2020-04-08,andorra,,42.5063,1.5218,564,23,52.0,19,1,13.0
2020-04-09,andorra,,42.5063,1.5218,583,25,58.0,19,2,6.0
2020-04-10,andorra,,42.5063,1.5218,601,26,71.0,18,1,13.0
2020-04-11,andorra,,42.5063,1.5218,601,26,71.0,0,0,0.0
2020-04-12,andorra,,42.5063,1.5218,638,29,128.0,37,3,57.0
2020-04-13,andorra,,42.5063,1.5218,646,29,128.0,8,0,0.0
2020-04-14,andorra,,42.5063,1.5218,659,31,128.0,13,2,0.0
2020-04-15,andorra,,42.5063,1.5218,673,33,169.0,14,2,41.0
2020-04-16,andorra,,42.5063,1.5218,673,33,169.0,0,0,0.0
2020-04-17,andorra,,42.5063,1.5218,696,35,191.0,23,2,22.0
2020-04-18,andorra,,42.5063,1.5218,704,35,205.0,8,0,14.0
2020-04-19,andorra,,42.5063,1.5218,713,36,235.0,9,1,30.0
2020-04-20,andorra,,42.5063,1.5218,717,37,248.0,4,1,13.0
2020-04-21,andorra,,42.5063,1.5218,717,37,282.0,0,0,34.0
2020-04-22,andorra,,42.5063,1.5218,723,37,309.0,6,0,27.0
2020-04-23,andorra,,42.5063,1.5218,723,37,333.0,0,0,24.0
2020-04-24,andorra,,42.5063,1.5218,731,40,344.0,8,3,11.0
2020-04-25,andorra,,42.5063,1.5218,738,40,344.0,7,0,0.0
2020-04-26,andorra,,42.5063,1.5218,738,40,344.0,0,0,0.0
2020-04-27,andorra,,42.5063,1.5218,743,40,385.0,5,0,41.0
2020-04-28,andorra,,42.5063,1.5218,743,41,398.0,0,1,13.0
2020-04-29,andorra,,42.5063,1.5218,743,42,423.0,0,1,25.0
2020-04-30,andorra,,42.5063,1.5218,745,42,468.0,2,0,45.0
2020-05-01,andorra,,42.5063,1.5218,745,43,468.0,0,1,0.0
2020-05-02,andorra,,42.5063,1.5218,747,44,472.0,2,1,4.0
2020-05-03,andorra,,42.5063,1.5218,748,45,493.0,1,1,21.0
2020-05-04,andorra,,42.5063,1.5218,750,45,499.0,2,0,6.0
2020-05-05,andorra,,42.5063,1.5218,751,46,514.0,1,1,15.0
2020-05-06,andorra,,42.5063,1.5218,751,46,521.0,0,0,7.0
2020-05-07,andorra,,42.5063,1.5218,752,47,526.0,1,1,5.0
2020-05-08,andorra,,42.5063,1.5218,752,47,537.0,0,0,11.0
2020-05-09,andorra,,42.5063,1.5218,754,48,545.0,2,1,8.0
2020-05-10,andorra,,42.5063,1.5218,755,48,550.0,1,0,5.0
2020-05-11,andorra,,42.5063,1.5218,755,48,550.0,0,0,0.0
2020-05-12,andorra,,42.5063,1.5218,758,48,568.0,3,0,18.0
2020-05-13,andorra,,42.5063,1.5218,760,49,576.0,2,1,8.0
2020-05-14,andorra,,42.5063,1.5218,761,49,596.0,1,0,20.0
2020-05-15,andorra,,42.5063,1.5218,761,49,604.0,0,0,8.0
2020-05-16,andorra,,42.5063,1.5218,761,51,615.0,0,2,11.0
2020-05-17,andorra,,42.5063,1.5218,761,51,617.0,0,0,2.0
2020-05-18,andorra,,42.5063,1.5218,761,51,624.0,0,0,7.0
2020-05-19,andorra,,42.5063,1.5218,761,51,628.0,0,0,4.0
2020-05-20,andorra,,42.5063,1.5218,762,51,639.0,1,0,11.0
2020-05-21,andorra,,42.5063,1.5218,762,51,639.0,0,0,0.0
2020-05-22,andorra,,42.5063,1.5218,762,51,652.0,0,0,13.0
2020-05-23,andorra,,42.5063,1.5218,762,51,653.0,0,0,1.0
2020-05-24,andorra,,42.5063,1.5218,762,51,653.0,0,0,0.0
2020-05-25,andorra,,42.5063,1.5218,763,51,663.0,1,0,10.0
2020-05-26,andorra,,42.5063,1.5218,763,51,676.0,0,0,13.0
2020-05-27,andorra,,42.5063,1.5218,763,51,676.0,0,0,0.0
2020-05-28,andorra,,42.5063,1.5218,763,51,681.0,0,0,5.0
2020-05-29,andorra,,42.5063,1.5218,764,51,684.0,1,0,3.0
2020-05-30,andorra,,42.5063,1.5218,764,51,692.0,0,0,8.0
2020-05-31,andorra,,42.5063,1.5218,764,51,694.0,0,0,2.0
2020-06-01,andorra,,42.5063,1.5218,765,51,698.0,1,0,4.0
2020-06-02,andorra,,42.5063,1.5218,844,51,733.0,79,0,35.0
2020-06-03,andorra,,42.5063,1.5218,851,51,735.0,7,0,2.0
2020-06-04,andorra,,42.5063,1.5218,852,51,738.0,1,0,3.0
2020-06-05,andorra,,42.5063,1.5218,852,51,741.0,0,0,3.0
2020-06-06,andorra,,42.5063,1.5218,852,51,741.0,0,0,0.0
2020-06-07,andorra,,42.5063,1.5218,852,51,744.0,0,0,3.0
2020-06-08,andorra,,42.5063,1.5218,852,51,751.0,0,0,7.0
2020-06-09,andorra,,42.5063,1.5218,852,51,757.0,0,0,6.0
2020-06-10,andorra,,42.5063,1.5218,852,51,759.0,0,0,2.0
2020-06-11,andorra,,42.5063,1.5218,852,51,780.0,0,0,21.0
2020-06-12,andorra,,42.5063,1.5218,853,51,781.0,1,0,1.0
2020-06-13,andorra,,42.5063,1.5218,853,51,781.0,0,0,0.0
2020-06-14,andorra,,42.5063,1.5218,853,51,781.0,0,0,0.0
2020-06-15,andorra,,42.5063,1.5218,853,51,789.0,0,0,8.0
2020-06-16,andorra,,42.5063,1.5218,854,52,789.0,1,1,0.0
2020-06-17,andorra,,42.5063,1.5218,854,52,791.0,0,0,2.0
2020-06-18,andorra,,42.5063,1.5218,855,52,792.0,1,0,1.0
2020-06-19,andorra,,42.5063,1.5218,855,52,792.0,0,0,0.0
2020-06-20,andorra,,42.5063,1.5218,855,52,792.0,0,0,0.0
2020-06-21,andorra,,42.5063,1.5218,855,52,792.0,0,0,0.0
2020-06-22,andorra,,42.5063,1.5218,855,52,796.0,0,0,4.0
2020-06-23,andorra,,42.5063,1.5218,855,52,797.0,0,0,1.0
2020-06-24,andorra,,42.5063,1.5218,855,52,797.0,0,0,0.0
2020-06-25,andorra,,42.5063,1.5218,855,52,797.0,0,0,0.0
2020-06-26,andorra,,42.5063,1.5218,855,52,799.0,0,0,2.0
2020-06-27,andorra,,42.5063,1.5218,855,52,799.0,0,0,0.0
2020-06-28,andorra,,42.5063,1.5218,855,52,799.0,0,0,0.0
2020-06-29,andorra,,42.5063,1.5218,855,52,799.0,0,0,0.0
2020-06-30,andorra,,42.5063,1.5218,855,52,799.0,0,0,0.0
2020-07-01,andorra,,42.5063,1.5218,855,52,799.0,0,0,0.0
2020-07-02,andorra,,42.5063,1.5218,855,52,800.0,0,0,1.0
2020-07-03,andorra,,42.5063,1.5218,855,52,800.0,0,0,0.0
2020-07-04,andorra,,42.5063,1.5218,855,52,800.0,0,0,0.0
2020-07-05,andorra,,42.5063,1.5218,855,52,800.0,0,0,0.0
2020-07-06,andorra,,42.5063,1.5218,855,52,800.0,0,0,0.0
2020-07-07,andorra,,42.5063,1.5218,855,52,800.0,0,0,0.0
2020-07-08,andorra,,42.5063,1.5218,855,52,802.0,0,0,2.0
2020-07-09,andorra,,42.5063,1.5218,855,52,802.0,0,0,0.0
2020-07-10,andorra,,42.5063,1.5218,855,52,803.0,0,0,1.0
2020-07-11,andorra,,42.5063,1.5218,855,52,803.0,0,0,0.0
2020-07-12,andorra,,42.5063,1.5218,855,52,803.0,0,0,0.0
2020-07-13,andorra,,42.5063,1.5218,858,52,803.0,3,0,0.0
2020-07-14,andorra,,42.5063,1.5218,861,52,803.0,3,0,0.0
2020-07-15,andorra,,42.5063,1.5218,862,52,803.0,1,0,0.0
2020-07-16,andorra,,42.5063,1.5218,877,52,803.0,15,0,0.0
2020-07-17,andorra,,42.5063,1.5218,880,52,803.0,3,0,0.0
2020-07-18,andorra,,42.5063,1.5218,880,52,803.0,0,0,0.0
2020-07-19,andorra,,42.5063,1.5218,880,52,803.0,0,0,0.0
2020-07-20,andorra,,42.5063,1.5218,884,52,803.0,4,0,0.0
2020-07-21,andorra,,42.5063,1.5218,884,52,803.0,0,0,0.0
2020-07-22,andorra,,42.5063,1.5218,889,52,803.0,5,0,0.0
2020-07-23,andorra,,42.5063,1.5218,889,52,803.0,0,0,0.0
2020-07-24,andorra,,42.5063,1.5218,897,52,803.0,8,0,0.0
2020-07-25,andorra,,42.5063,1.5218,897,52,803.0,0,0,0.0
2020-07-26,andorra,,42.5063,1.5218,897,52,803.0,0,0,0.0
2020-07-27,andorra,,42.5063,1.5218,907,52,803.0,10,0,0.0
2020-07-28,andorra,,42.5063,1.5218,907,52,803.0,0,0,0.0
2020-07-29,andorra,,42.5063,1.5218,918,52,804.0,11,0,1.0
2020-07-30,andorra,,42.5063,1.5218,922,52,806.0,4,0,2.0
2020-07-31,andorra,,42.5063,1.5218,925,52,807.0,3,0,1.0
