date,country,state,lat,long,confirmed,deaths,recovered,confirmed_new,deaths_new,recovered_new
2020-01-22,argentina,,-38.4161,-63.6167,0,0,0.0,0,0,0.0
2020-01-23,argentina,,-38.4161,-63.6167,0,0,0.0,0,0,0.0
2020-01-24,argentina,,-38.4161,-63.6167,0,0,0.0,0,0,0.0
2020-01-25,argentina,,-38.4161,-63.6167,0,0,0.0,0,0,0.0
2020-01-26,argentina,,-38.4161,-63.6167,0,0,0.0,0,0,0.0
2020-01-27,argentina,,-38.4161,-63.6167,0,0,0.0,0,0,0.0
2020-01-28,argentina,,-38.4161,-63.6167,0,0,0.0,0,0,0.0
2020-01-29,argentina,,-38.4161,-63.6167,0,0,0.0,0,0,0.0
2020-01-30,argentina,,-38.4161,-63.6167,0,0,0.0,0,0,0.0
2020-01-31,argentina,,-38.4161,-63.6167,0,0,0.0,0,0,0.0
2020-02-01,argentina,,-38.4161,-63.6167,0,0,0.0,0,0,0.0
2020-02-02,argentina,,-38.4161,-63.6167,0,0,0.0,0,0,0.0
2020-02-03,argentina,,-38.4161,-63.6167,0,0,0.0,0,0,0.0
2020-02-04,argentina,,-38.4161,-63.6167,0,0,0.0,0,0,0.0
2020-02-05,argentina,,-38.4161,-63.6167,0,0,0.0,0,0,0.0
2020-02-06,argentina,,-38.4161,-63.6167,0,0,0.0,0,0,0.0
2020-02-07,argentina,,-38.4161,-63.6167,0,0,0.0,0,0,0.0
2020-02-08,argentina,,-38.4161,-63.6167,0,0,0.0,0,0,0.0
2020-02-09,argentina,,-38.4161,-63.6167,0,0,0.0,0,0,0.0
2020-02-10,argentina,,-38.4161,-63.6167,0,0,0.0,0,0,0.0
2020-02-11,argentina,,-38.4161,-63.6167,0,0,0.0,0,0,0.0
2020-02-12,argentina,,-38.4161,-63.6167,0,0,0.0,0,0,0.0
2020-02-13,argentina,,-38.4161,-63.6167,0,0,0.0,0,0,0.0
2020-02-14,argentina,,-38.4161,-63.6167,0,0,0.0,0,0,0.0
2020-02-15,argentina,,-38.4161,-63.6167,0,0,0.0,0,0,0.0
2020-02-16,argentina,,-38.4161,-63.6167,0,0,0.0,0,0,0.0
2020-02-17,argentina,,-38.4161,-63.6167,0,0,0.0,0,0,0.0
2020-02-18,argentina,,-38.4161,-63.6167,0,0,0.0,0,0,0.0
2020-02-19,argentina,,-38.4161,-63.6167,0,0,0.0,0,0,0.0
2020-02-20,argentina,,-38.4161,-63.6167,0,0,0.0,0,0,0.0
2020-02-21,argentina,,-38.4161,-63.6167,0,0,0.0,0,0,0.0
2020-02-22,argentina,,-38.4161,-63.6167,0,0,0.0,0,0,0.0
2020-02-23,argentina,,-38.4161,-63.6167,0,0,0.0,0,0,0.0
2020-02-24,argentina,,-38.4161,-63.6167,0,0,0.0,0,0,0.0
2020-02-25,argentina,,-38.4161,-63.6167,0,0,0.0,0,0,0.0
2020-02-26,argentina,,-38.4161,-63.6167,0,0,0.0,0,0,0.0
2020-02-27,argentina,,-38.4161,-63.6167,0,0,0.0,0,0,0.0
2020-02-28,argentina,,-38.4161,-63.6167,0,0,0.0,0,0,0.0
2020-02-29,argentina,,-38.4161,-63.6167,0,0,0.0,0,0,0.0
2020-03-01,argentina,,-38.4161,-63.6167,0,0,0.0,0,0,0.0
2020-03-02,argentina,,-38.4161,-63.6167,0,0,0.0,0,0,0.0
2020-03-03,argentina,,-38.4161,-63.6167,1,0,0.0,1,0,0.0
2020-03-04,argentina,,-38.4161,-63.6167,1,0,0.0,0,0,0.0
2020-03-05,argentina,,-38.4161,-63.6167,1,0,0.0,0,0,0.0
2020-03-06,argentina,,-38.4161,-63.6167,2,0,0.0,1,0,0.0
2020-03-07,argentina,,-38.4161,-63.6167,8,0,0.0,6,0,0.0
2020-03-08,argentina,,-38.4161,-63.6167,12,1,0.0,4,1,0.0
2020-03-09,argentina,,-38.4161,-63.6167,12,1,0.0,0,0,0.0
2020-03-10,argentina,,-38.4161,-63.6167,17,1,0.0,5,0,0.0
2020-03-11,argentina,,-38.4161,-63.6167,19,1,0.0,2,0,0.0
2020-03-12,argentina,,-38.4161,-63.6167,19,1,0.0,0,0,0.0
2020-03-13,argentina,,-38.4161,-63.6167,31,2,0.0,12,1,0.0
2020-03-14,argentina,,-38.4161,-63.6167,34,2,1.0,3,0,1.0
2020-03-15,argentina,,-38.4161,-63.6167,45,2,1.0,11,0,0.0
2020-03-16,argentina,,-38.4161,-63.6167,56,2,1.0,11,0,0.0
2020-03-17,argentina,,-38.4161,-63.6167,68,2,3.0,12,0,2.0
2020-03-18,argentina,,-38.4161,-63.6167,79,2,3.0,11,0,0.0
2020-03-19,argentina,,-38.4161,-63.6167,97,3,3.0,18,1,0.0
2020-03-20,argentina,,-38.4161,-63.6167,128,3,3.0,31,0,0.0
2020-03-21,argentina,,-38.4161,-63.6167,158,4,3.0,30,1,0.0
2020-03-22,argentina,,-38.4161,-63.6167,266,4,3.0,108,0,0.0
2020-03-23,argentina,,-38.4161,-63.6167,301,4,3.0,35,0,0.0
2020-03-24,argentina,,-38.4161,-63.6167,387,6,52.0,86,2,49.0
2020-03-25,argentina,,-38.4161,-63.6167,387,8,52.0,0,2,0.0
2020-03-26,argentina,,-38.4161,-63.6167,502,9,63.0,115,1,11.0
2020-03-27,argentina,,-38.4161,-63.6167,589,13,72.0,87,4,9.0
2020-03-28,argentina,,-38.4161,-63.6167,690,18,72.0,101,5,0.0
2020-03-29,argentina,,-38.4161,-63.6167,745,19,72.0,55,1,0.0
2020-03-30,argentina,,-38.4161,-63.6167,820,23,228.0,75,4,156.0
2020-03-31,argentina,,-38.4161,-63.6167,1054,27,240.0,234,4,12.0
2020-04-01,argentina,,-38.4161,-63.6167,1054,28,248.0,0,1,8.0
2020-04-02,argentina,,-38.4161,-63.6167,1133,36,256.0,79,8,8.0
2020-04-03,argentina,,-38.4161,-63.6167,1265,39,266.0,132,3,10.0
2020-04-04,argentina,,-38.4161,-63.6167,1451,43,279.0,186,4,13.0
2020-04-05,argentina,,-38.4161,-63.6167,1451,44,280.0,0,1,1.0
2020-04-06,argentina,,-38.4161,-63.6167,1554,48,325.0,103,4,45.0
2020-04-07,argentina,,-38.4161,-63.6167,1628,56,338.0,74,8,13.0
2020-04-08,argentina,,-38.4161,-63.6167,1715,63,358.0,87,7,20.0
2020-04-09,argentina,,-38.4161,-63.6167,1795,72,365.0,80,9,7.0
2020-04-10,argentina,,-38.4161,-63.6167,1975,82,375.0,180,10,10.0
2020-04-11,argentina,,-38.4161,-63.6167,1975,83,440.0,0,1,65.0
2020-04-12,argentina,,-38.4161,-63.6167,2142,90,468.0,167,7,28.0
2020-04-13,argentina,,-38.4161,-63.6167,2208,97,515.0,66,7,47.0
2020-04-14,argentina,,-38.4161,-63.6167,2277,102,559.0,69,5,44.0
2020-04-15,argentina,,-38.4161,-63.6167,2443,111,596.0,166,9,37.0
2020-04-16,argentina,,-38.4161,-63.6167,2571,115,631.0,128,4,35.0
2020-04-17,argentina,,-38.4161,-63.6167,2669,123,666.0,98,8,35.0
2020-04-18,argentina,,-38.4161,-63.6167,2758,129,685.0,89,6,19.0
2020-04-19,argentina,,-38.4161,-63.6167,2839,132,709.0,81,3,24.0
2020-04-20,argentina,,-38.4161,-63.6167,2941,136,737.0,102,4,28.0
2020-04-21,argentina,,-38.4161,-63.6167,3031,147,840.0,90,11,103.0
2020-04-22,argentina,,-38.4161,-63.6167,3144,152,872.0,113,5,32.0
2020-04-23,argentina,,-38.4161,-63.6167,3435,165,919.0,291,13,47.0
2020-04-24,argentina,,-38.4161,-63.6167,3607,176,976.0,172,11,57.0
2020-04-25,argentina,,-38.4161,-63.6167,3780,185,1030.0,173,9,54.0
2020-04-26,argentina,,-38.4161,-63.6167,3892,192,1107.0,112,7,77.0
2020-04-27,argentina,,-38.4161,-63.6167,4003,197,1140.0,111,5,33.0
2020-04-28,argentina,,-38.4161,-63.6167,4127,207,1162.0,124,10,22.0
2020-04-29,argentina,,-38.4161,-63.6167,4285,214,1192.0,158,7,30.0
2020-04-30,argentina,,-38.4161,-63.6167,4428,218,1256.0,143,4,64.0
2020-05-01,argentina,,-38.4161,-63.6167,4532,225,1292.0,104,7,36.0
2020-05-02,argentina,,-38.4161,-63.6167,4681,237,1320.0,149,12,28.0
2020-05-03,argentina,,-38.4161,-63.6167,4783,246,1354.0,102,9,34.0
2020-05-04,argentina,,-38.4161,-63.6167,4887,260,1442.0,104,14,88.0
2020-05-05,argentina,,-38.4161,-63.6167,5020,264,1472.0,133,4,30.0
2020-05-06,argentina,,-38.4161,-63.6167,5208,273,1524.0,188,9,52.0
2020-05-07,argentina,,-38.4161,-63.6167,5371,282,1601.0,163,9,77.0
2020-05-08,argentina,,-38.4161,-63.6167,5611,293,1659.0,240,11,58.0
2020-05-09,argentina,,-38.4161,-63.6167,5776,300,1728.0,165,7,69.0
2020-05-10,argentina,,-38.4161,-63.6167,6034,305,1757.0,258,5,29.0
2020-05-11,argentina,,-38.4161,-63.6167,6278,314,1837.0,244,9,80.0
2020-05-12,argentina,,-38.4161,-63.6167,6563,319,1862.0,285,5,25.0
2020-05-13,argentina,,-38.4161,-63.6167,6879,329,2266.0,316,10,404.0
2020-05-14,argentina,,-38.4161,-63.6167,7134,353,2385.0,255,24,119.0
2020-05-15,argentina,,-38.4161,-63.6167,7479,356,2497.0,345,3,112.0
2020-05-16,argentina,,-38.4161,-63.6167,7805,363,2534.0,326,7,37.0
2020-05-17,argentina,,-38.4161,-63.6167,8068,373,2569.0,263,10,35.0
2020-05-18,argentina,,-38.4161,-63.6167,8371,382,2625.0,303,9,56.0
2020-05-19,argentina,,-38.4161,-63.6167,8809,393,2872.0,438,11,247.0
2020-05-20,argentina,,-38.4161,-63.6167,9283,403,2933.0,474,10,61.0
2020-05-21,argentina,,-38.4161,-63.6167,9931,416,3032.0,648,13,99.0
2020-05-22,argentina,,-38.4161,-63.6167,10649,433,3062.0,718,17,30.0
2020-05-23,argentina,,-38.4161,-63.6167,11353,445,3530.0,704,12,468.0
2020-05-24,argentina,,-38.4161,-63.6167,12076,452,3732.0,723,7,202.0
2020-05-25,argentina,,-38.4161,-63.6167,12628,467,3999.0,552,15,267.0
2020-05-26,argentina,,-38.4161,-63.6167,13228,484,4167.0,600,17,168.0
2020-05-27,argentina,,-38.4161,-63.6167,13933,500,4349.0,705,16,182.0
2020-05-28,argentina,,-38.4161,-63.6167,14702,508,4617.0,769,8,268.0
2020-05-29,argentina,,-38.4161,-63.6167,15419,520,4788.0,717,12,171.0
2020-05-30,argentina,,-38.4161,-63.6167,16214,528,4788.0,795,8,0.0
2020-05-31,argentina,,-38.4161,-63.6167,16851,539,5336.0,637,11,548.0
2020-06-01,argentina,,-38.4161,-63.6167,17415,556,5521.0,564,17,185.0
2020-06-02,argentina,,-38.4161,-63.6167,18319,569,5709.0,904,13,188.0
2020-06-03,argentina,,-38.4161,-63.6167,19268,583,5896.0,949,14,187.0
2020-06-04,argentina,,-38.4161,-63.6167,20197,608,5993.0,929,25,97.0
2020-06-05,argentina,,-38.4161,-63.6167,21037,632,6088.0,840,24,95.0
2020-06-06,argentina,,-38.4161,-63.6167,22020,648,6180.0,983,16,92.0
2020-06-07,argentina,,-38.4161,-63.6167,22794,664,6909.0,774,16,729.0
2020-06-08,argentina,,-38.4161,-63.6167,23620,693,7305.0,826,29,396.0
2020-06-09,argentina,,-38.4161,-63.6167,24761,717,7568.0,1141,24,263.0
2020-06-10,argentina,,-38.4161,-63.6167,25987,735,7991.0,1226,18,423.0
2020-06-11,argentina,,-38.4161,-63.6167,27373,765,8332.0,1386,30,341.0
2020-06-12,argentina,,-38.4161,-63.6167,28764,785,8743.0,1391,20,411.0
2020-06-13,argentina,,-38.4161,-63.6167,30295,815,9083.0,1531,30,340.0
2020-06-14,argentina,,-38.4161,-63.6167,31577,833,9564.0,1282,18,481.0
2020-06-15,argentina,,-38.4161,-63.6167,32785,854,9891.0,1208,21,327.0
2020-06-16,argentina,,-38.4161,-63.6167,34159,878,10174.0,1374,24,283.0
2020-06-17,argentina,,-38.4161,-63.6167,35552,913,10512.0,1393,35,338.0
2020-06-18,argentina,,-38.4161,-63.6167,37510,948,10721.0,1958,35,209.0
2020-06-19,argentina,,-38.4161,-63.6167,39570,979,11851.0,2060,31,1130.0
2020-06-20,argentina,,-38.4161,-63.6167,41204,992,12206.0,1634,13,355.0
2020-06-21,argentina,,-38.4161,-63.6167,42785,1011,12728.0,1581,19,522.0
2020-06-22,argentina,,-38.4161,-63.6167,44931,1043,13153.0,2146,32,425.0
2020-06-23,argentina,,-38.4161,-63.6167,47203,1078,13576.0,2272,35,423.0
2020-06-24,argentina,,-38.4161,-63.6167,49851,1116,13816.0,2648,38,240.0
2020-06-25,argentina,,-38.4161,-63.6167,52457,1150,14788.0,2606,34,972.0
2020-06-26,argentina,,-38.4161,-63.6167,55343,1184,18416.0,2886,34,3628.0
2020-06-27,argentina,,-38.4161,-63.6167,57744,1207,19143.0,2401,23,727.0
2020-06-28,argentina,,-38.4161,-63.6167,59933,1232,20134.0,2189,25,991.0
2020-06-29,argentina,,-38.4161,-63.6167,62268,1280,21138.0,2335,48,1004.0
2020-06-30,argentina,,-38.4161,-63.6167,64530,1307,22028.0,2262,27,890.0
2020-07-01,argentina,,-38.4161,-63.6167,67197,1351,23040.0,2667,44,1012.0
2020-07-02,argentina,,-38.4161,-63.6167,69941,1385,24186.0,2744,34,1146.0
2020-07-03,argentina,,-38.4161,-63.6167,72786,1437,25224.0,2845,52,1038.0
2020-07-04,argentina,,-38.4161,-63.6167,75376,1481,25930.0,2590,44,706.0
2020-07-05,argentina,,-38.4161,-63.6167,77815,1507,27597.0,2439,26,1667.0
2020-07-06,argentina,,-38.4161,-63.6167,80447,1582,28531.0,2632,75,934.0
2020-07-07,argentina,,-38.4161,-63.6167,83426,1644,30095.0,2979,62,1564.0
2020-07-08,argentina,,-38.4161,-63.6167,87030,1694,36502.0,3604,50,6407.0
2020-07-09,argentina,,-38.4161,-63.6167,90693,1720,38313.0,3663,26,1811.0
2020-07-10,argentina,,-38.4161,-63.6167,94060,1774,38984.0,3367,54,671.0
2020-07-11,argentina,,-38.4161,-63.6167,97509,1810,41408.0,3449,36,2424.0
2020-07-12,argentina,,-38.4161,-63.6167,100166,1845,42694.0,2657,35,1286.0
2020-07-13,argentina,,-38.4161,-63.6167,103265,1903,44173.0,3099,58,1479.0
2020-07-14,argentina,,-38.4161,-63.6167,106910,1968,45467.0,3645,65,1294.0
2020-07-15,argentina,,-38.4161,-63.6167,111146,2050,47298.0,4236,82,1831.0
2020-07-16,argentina,,-38.4161,-63.6167,114783,2112,49120.0,3637,62,1822.0
2020-07-17,argentina,,-38.4161,-63.6167,119301,2178,49780.0,4518,66,660.0
2020-07-18,argentina,,-38.4161,-63.6167,122524,2220,52607.0,3223,42,2827.0
2020-07-19,argentina,,-38.4161,-63.6167,126755,2260,54105.0,4231,40,1498.0
2020-07-20,argentina,,-38.4161,-63.6167,130774,2373,55913.0,4019,113,1808.0
2020-07-21,argentina,,-38.4161,-63.6167,136118,2490,58598.0,5344,117,2685.0
2020-07-22,argentina,,-38.4161,-63.6167,141900,2588,60531.0,5782,98,1933.0
2020-07-23,argentina,,-38.4161,-63.6167,148027,2702,62815.0,6127,114,2284.0
2020-07-24,argentina,,-38.4161,-63.6167,153520,2807,65447.0,5493,105,2632.0
2020-07-25,argentina,,-38.4161,-63.6167,158334,2893,68022.0,4814,86,2575.0
2020-07-26,argentina,,-38.4161,-63.6167,162526,2939,70518.0,4192,46,2496.0
2020-07-27,argentina,,-38.4161,-63.6167,167416,3059,72575.0,4890,120,2057.0
2020-07-28,argentina,,-38.4161,-63.6167,173355,3179,75083.0,5939,120,2508.0
2020-07-29,argentina,,-38.4161,-63.6167,178996,3288,77855.0,5641,109,2772.0
2020-07-30,argentina,,-38.4161,-63.6167,185373,3441,80596.0,6377,153,2741.0
2020-07-31,argentina,,-38.4161,-63.6167,191302,3543,83780.0,5929,102,3184.0
