date,country,state,lat,long,confirmed,deaths,recovered,confirmed_new,deaths_new,recovered_new
2020-01-22,armenia,,40.0691,45.0382,0,0,0.0,0,0,0.0
2020-01-23,armenia,,40.0691,45.0382,0,0,0.0,0,0,0.0
2020-01-24,armenia,,40.0691,45.0382,0,0,0.0,0,0,0.0
2020-01-25,armenia,,40.0691,45.0382,0,0,0.0,0,0,0.0
2020-01-26,armenia,,40.0691,45.0382,0,0,0.0,0,0,0.0
2020-01-27,armenia,,40.0691,45.0382,0,0,0.0,0,0,0.0
2020-01-28,armenia,,40.0691,45.0382,0,0,0.0,0,0,0.0
2020-01-29,armenia,,40.0691,45.0382,0,0,0.0,0,0,0.0
2020-01-30,armenia,,40.0691,45.0382,0,0,0.0,0,0,0.0
2020-01-31,armenia,,40.0691,45.0382,0,0,0.0,0,0,0.0
2020-02-01,armenia,,40.0691,45.0382,0,0,0.0,0,0,0.0
2020-02-02,armenia,,40.0691,45.0382,0,0,0.0,0,0,0.0
2020-02-03,armenia,,40.0691,45.0382,0,0,0.0,0,0,0.0
2020-02-04,armenia,,40.0691,45.0382,0,0,0.0,0,0,0.0
2020-02-05,armenia,,40.0691,45.0382,0,0,0.0,0,0,0.0
2020-02-06,armenia,,40.0691,45.0382,0,0,0.0,0,0,0.0
2020-02-07,armenia,,40.0691,45.0382,0,0,0.0,0,0,0.0
2020-02-08,armenia,,40.0691,45.0382,0,0,0.0,0,0,0.0
2020-02-09,armenia,,40.0691,45.0382,0,0,0.0,0,0,0.0
2020-02-10,armenia,,40.0691,45.0382,0,0,0.0,0,0,0.0
2020-02-11,armenia,,40.0691,45.0382,0,0,0.0,0,0,0.0
2020-02-12,armenia,,40.0691,45.0382,0,0,0.0,0,0,0.0
2020-02-13,armenia,,40.0691,45.0382,0,0,0.0,0,0,0.0
2020-02-14,armenia,,40.0691,45.0382,0,0,0.0,0,0,0.0
2020-02-15,armenia,,40.0691,45.0382,0,0,0.0,0,0,0.0
2020-02-16,armenia,,40.0691,45.0382,0,0,0.0,0,0,0.0
2020-02-17,armenia,,40.0691,45.0382,0,0,0.0,0,0,0.0
2020-02-18,armenia,,40.0691,45.0382,0,0,0.0,0,0,0.0
2020-02-19,armenia,,40.0691,45.0382,0,0,0.0,0,0,0.0
2020-02-20,armenia,,40.0691,45.0382,0,0,0.0,0,0,0.0
2020-02-21,armenia,,40.0691,45.0382,0,0,0.0,0,0,0.0
2020-02-22,armenia,,40.0691,45.0382,0,0,0.0,0,0,0.0
2020-02-23,armenia,,40.0691,45.0382,0,0,0.0,0,0,0.0
2020-02-24,armenia,,40.0691,45.0382,0,0,0.0,0,0,0.0
2020-02-25,armenia,,40.0691,45.0382,0,0,0.0,0,0,0.0
2020-02-26,armenia,,40.0691,45.0382,0,0,0.0,0,0,0.0
2020-02-27,armenia,,40.0691,45.0382,0,0,0.0,0,0,0.0
2020-02-28,armenia,,40.0691,45.0382,0,0,0.0,0,0,0.0
2020-02-29,armenia,,40.0691,45.0382,0,0,0.0,0,0,0.0
2020-03-01,armenia,,40.0691,45.0382,1,0,0.0,1,0,0.0
2020-03-02,armenia,,40.0691,45.0382,1,0,0.0,0,0,0.0
2020-03-03,armenia,,40.0691,45.0382,1,0,0.0,0,0,0.0
2020-03-04,armenia,,40.0691,45.0382,1,0,0.0,0,0,0.0
2020-03-05,armenia,,40.0691,45.0382,1,0,0.0,0,0,0.0
2020-03-06,armenia,,40.0691,45.0382,1,0,0.0,0,0,0.0
2020-03-07,armenia,,40.0691,45.0382,1,0,0.0,0,0,0.0
2020-03-08,armenia,,40.0691,45.0382,1,0,0.0,0,0,0.0
2020-03-09,armenia,,40.0691,45.0382,1,0,0.0,0,0,0.0
2020-03-10,armenia,,40.0691,45.0382,1,0,0.0,0,0,0.0
2020-03-11,armenia,,40.0691,45.0382,1,0,0.0,0,0,0.0
2020-03-12,armenia,,40.0691,45.0382,4,0,0.0,3,0,0.0
2020-03-13,armenia,,40.0691,45.0382,8,0,0.0,4,0,0.0
2020-03-14,armenia,,40.0691,45.0382,18,0,0.0,10,0,0.0
2020-03-15,armenia,,40.0691,45.0382,26,0,0.0,8,0,0.0
2020-03-16,armenia,,40.0691,45.0382,52,0,0.0,26,0,0.0
2020-03-17,armenia,,40.0691,45.0382,78,0,1.0,26,0,1.0
2020-03-18,armenia,,40.0691,45.0382,84,0,1.0,6,0,0.0
2020-03-19,armenia,,40.0691,45.0382,115,0,1.0,31,0,0.0
2020-03-20,armenia,,40.0691,45.0382,136,0,1.0,21,0,0.0
2020-03-21,armenia,,40.0691,45.0382,160,0,1.0,24,0,0.0
2020-03-22,armenia,,40.0691,45.0382,194,0,2.0,34,0,1.0
2020-03-23,armenia,,40.0691,45.0382,235,0,2.0,41,0,0.0
2020-03-24,armenia,,40.0691,45.0382,249,0,14.0,14,0,12.0
2020-03-25,armenia,,40.0691,45.0382,265,0,16.0,16,0,2.0
2020-03-26,armenia,,40.0691,45.0382,290,1,18.0,25,1,2.0
2020-03-27,armenia,,40.0691,45.0382,329,1,28.0,39,0,10.0
2020-03-28,armenia,,40.0691,45.0382,407,1,30.0,78,0,2.0
2020-03-29,armenia,,40.0691,45.0382,424,3,30.0,17,2,0.0
2020-03-30,armenia,,40.0691,45.0382,482,3,30.0,58,0,0.0
2020-03-31,armenia,,40.0691,45.0382,532,3,30.0,50,0,0.0
2020-04-01,armenia,,40.0691,45.0382,571,4,31.0,39,1,1.0
2020-04-02,armenia,,40.0691,45.0382,663,7,33.0,92,3,2.0
2020-04-03,armenia,,40.0691,45.0382,736,7,43.0,73,0,10.0
2020-04-04,armenia,,40.0691,45.0382,770,7,43.0,34,0,0.0
2020-04-05,armenia,,40.0691,45.0382,822,7,57.0,52,0,14.0
2020-04-06,armenia,,40.0691,45.0382,833,8,62.0,11,1,5.0
2020-04-07,armenia,,40.0691,45.0382,853,8,87.0,20,0,25.0
2020-04-08,armenia,,40.0691,45.0382,881,9,114.0,28,1,27.0
2020-04-09,armenia,,40.0691,45.0382,921,10,138.0,40,1,24.0
2020-04-10,armenia,,40.0691,45.0382,937,12,149.0,16,2,11.0
2020-04-11,armenia,,40.0691,45.0382,967,13,173.0,30,1,24.0
2020-04-12,armenia,,40.0691,45.0382,1013,13,197.0,46,0,24.0
2020-04-13,armenia,,40.0691,45.0382,1039,14,211.0,26,1,14.0
2020-04-14,armenia,,40.0691,45.0382,1067,16,265.0,28,2,54.0
2020-04-15,armenia,,40.0691,45.0382,1111,17,297.0,44,1,32.0
2020-04-16,armenia,,40.0691,45.0382,1159,18,358.0,48,1,61.0
2020-04-17,armenia,,40.0691,45.0382,1201,19,402.0,42,1,44.0
2020-04-18,armenia,,40.0691,45.0382,1248,20,523.0,47,1,121.0
2020-04-19,armenia,,40.0691,45.0382,1291,20,545.0,43,0,22.0
2020-04-20,armenia,,40.0691,45.0382,1339,22,580.0,48,2,35.0
2020-04-21,armenia,,40.0691,45.0382,1401,24,609.0,62,2,29.0
2020-04-22,armenia,,40.0691,45.0382,1473,24,633.0,72,0,24.0
2020-04-23,armenia,,40.0691,45.0382,1523,24,659.0,50,0,26.0
2020-04-24,armenia,,40.0691,45.0382,1596,27,728.0,73,3,69.0
2020-04-25,armenia,,40.0691,45.0382,1677,28,803.0,81,1,75.0
2020-04-26,armenia,,40.0691,45.0382,1746,28,833.0,69,0,30.0
2020-04-27,armenia,,40.0691,45.0382,1808,29,848.0,62,1,15.0
2020-04-28,armenia,,40.0691,45.0382,1867,30,866.0,59,1,18.0
2020-04-29,armenia,,40.0691,45.0382,1932,30,900.0,65,0,34.0
2020-04-30,armenia,,40.0691,45.0382,2066,32,929.0,134,2,29.0
2020-05-01,armenia,,40.0691,45.0382,2148,33,977.0,82,1,48.0
2020-05-02,armenia,,40.0691,45.0382,2273,33,1010.0,125,0,33.0
2020-05-03,armenia,,40.0691,45.0382,2386,35,1035.0,113,2,25.0
2020-05-04,armenia,,40.0691,45.0382,2507,39,1071.0,121,4,36.0
2020-05-05,armenia,,40.0691,45.0382,2619,40,1111.0,112,1,40.0
2020-05-06,armenia,,40.0691,45.0382,2782,40,1135.0,163,0,24.0
2020-05-07,armenia,,40.0691,45.0382,2884,42,1185.0,102,2,50.0
2020-05-08,armenia,,40.0691,45.0382,3029,43,1218.0,145,1,33.0
2020-05-09,armenia,,40.0691,45.0382,3175,44,1267.0,146,1,49.0
2020-05-10,armenia,,40.0691,45.0382,3313,45,1325.0,138,1,58.0
2020-05-11,armenia,,40.0691,45.0382,3392,46,1359.0,79,1,34.0
2020-05-12,armenia,,40.0691,45.0382,3538,47,1430.0,146,1,71.0
2020-05-13,armenia,,40.0691,45.0382,3718,48,1500.0,180,1,70.0
2020-05-14,armenia,,40.0691,45.0382,3860,49,1572.0,142,1,72.0
2020-05-15,armenia,,40.0691,45.0382,4044,52,1666.0,184,3,94.0
2020-05-16,armenia,,40.0691,45.0382,4283,55,1791.0,239,3,125.0
2020-05-17,armenia,,40.0691,45.0382,4472,60,1925.0,189,5,134.0
2020-05-18,armenia,,40.0691,45.0382,4823,61,2019.0,351,1,94.0
2020-05-19,armenia,,40.0691,45.0382,5041,64,2164.0,218,3,145.0
2020-05-20,armenia,,40.0691,45.0382,5271,67,2419.0,230,3,255.0
2020-05-21,armenia,,40.0691,45.0382,5606,70,2581.0,335,3,162.0
2020-05-22,armenia,,40.0691,45.0382,5928,74,2874.0,322,4,293.0
2020-05-23,armenia,,40.0691,45.0382,6302,77,2936.0,374,3,62.0
2020-05-24,armenia,,40.0691,45.0382,6661,81,3064.0,359,4,128.0
2020-05-25,armenia,,40.0691,45.0382,7113,87,3145.0,452,6,81.0
2020-05-26,armenia,,40.0691,45.0382,7402,91,3220.0,289,4,75.0
2020-05-27,armenia,,40.0691,45.0382,7774,98,3255.0,372,7,35.0
2020-05-28,armenia,,40.0691,45.0382,8216,113,3287.0,442,15,32.0
2020-05-29,armenia,,40.0691,45.0382,8676,120,3297.0,460,7,10.0
2020-05-30,armenia,,40.0691,45.0382,8927,127,3317.0,251,7,20.0
2020-05-31,armenia,,40.0691,45.0382,9282,131,3386.0,355,4,69.0
2020-06-01,armenia,,40.0691,45.0382,9492,139,3402.0,210,8,16.0
2020-06-02,armenia,,40.0691,45.0382,10009,158,3427.0,517,19,25.0
2020-06-03,armenia,,40.0691,45.0382,10524,170,3454.0,515,12,27.0
2020-06-04,armenia,,40.0691,45.0382,11221,176,3468.0,697,6,14.0
2020-06-05,armenia,,40.0691,45.0382,11817,183,3513.0,596,7,45.0
2020-06-06,armenia,,40.0691,45.0382,12364,190,3720.0,547,7,207.0
2020-06-07,armenia,,40.0691,45.0382,13130,200,4014.0,766,10,294.0
2020-06-08,armenia,,40.0691,45.0382,13325,211,4099.0,195,11,85.0
2020-06-09,armenia,,40.0691,45.0382,13675,217,4451.0,350,6,352.0
2020-06-10,armenia,,40.0691,45.0382,14103,227,5226.0,428,10,775.0
2020-06-11,armenia,,40.0691,45.0382,14669,245,5466.0,566,18,240.0
2020-06-12,armenia,,40.0691,45.0382,15281,258,5639.0,612,13,173.0
2020-06-13,armenia,,40.0691,45.0382,16004,264,6081.0,723,6,442.0
2020-06-14,armenia,,40.0691,45.0382,16667,269,6214.0,663,5,133.0
2020-06-15,armenia,,40.0691,45.0382,17064,285,6276.0,397,16,62.0
2020-06-16,armenia,,40.0691,45.0382,17489,293,6571.0,425,8,295.0
2020-06-17,armenia,,40.0691,45.0382,18033,302,6814.0,544,9,243.0
2020-06-18,armenia,,40.0691,45.0382,18698,309,7560.0,665,7,746.0
2020-06-19,armenia,,40.0691,45.0382,19157,319,8266.0,459,10,706.0
2020-06-20,armenia,,40.0691,45.0382,19708,332,8854.0,551,13,588.0
2020-06-21,armenia,,40.0691,45.0382,20268,350,9002.0,560,18,148.0
2020-06-22,armenia,,40.0691,45.0382,20588,360,9131.0,320,10,129.0
2020-06-23,armenia,,40.0691,45.0382,21006,372,10144.0,418,12,1013.0
2020-06-24,armenia,,40.0691,45.0382,21717,386,10797.0,711,14,653.0
2020-06-25,armenia,,40.0691,45.0382,22488,397,11335.0,771,11,538.0
2020-06-26,armenia,,40.0691,45.0382,23247,410,12149.0,759,13,814.0
2020-06-27,armenia,,40.0691,45.0382,23909,421,12911.0,662,11,762.0
2020-06-28,armenia,,40.0691,45.0382,24645,426,13116.0,736,5,205.0
2020-06-29,armenia,,40.0691,45.0382,25127,433,13297.0,482,7,181.0
2020-06-30,armenia,,40.0691,45.0382,25542,443,14048.0,415,10,751.0
2020-07-01,armenia,,40.0691,45.0382,26065,453,14563.0,523,10,515.0
2020-07-02,armenia,,40.0691,45.0382,26658,459,15036.0,593,6,473.0
2020-07-03,armenia,,40.0691,45.0382,27320,469,15484.0,662,10,448.0
2020-07-04,armenia,,40.0691,45.0382,27900,477,15935.0,580,8,451.0
2020-07-05,armenia,,40.0691,45.0382,28606,484,16140.0,706,7,205.0
2020-07-06,armenia,,40.0691,45.0382,28936,491,16302.0,330,7,162.0
2020-07-07,armenia,,40.0691,45.0382,29285,503,16907.0,349,12,605.0
2020-07-08,armenia,,40.0691,45.0382,29820,521,17427.0,535,18,520.0
2020-07-09,armenia,,40.0691,45.0382,30346,535,18000.0,526,14,573.0
2020-07-10,armenia,,40.0691,45.0382,30903,546,18709.0,557,11,709.0
2020-07-11,armenia,,40.0691,45.0382,31392,559,19419.0,489,13,710.0
2020-07-12,armenia,,40.0691,45.0382,31969,565,19633.0,577,6,214.0
2020-07-13,armenia,,40.0691,45.0382,32151,573,19865.0,182,8,232.0
2020-07-14,armenia,,40.0691,45.0382,32490,581,20729.0,339,8,864.0
2020-07-15,armenia,,40.0691,45.0382,33005,592,21348.0,515,11,619.0
2020-07-16,armenia,,40.0691,45.0382,33559,607,21931.0,554,15,583.0
2020-07-17,armenia,,40.0691,45.0382,34001,620,22492.0,442,13,561.0
2020-07-18,armenia,,40.0691,45.0382,34462,631,23123.0,461,11,631.0
2020-07-19,armenia,,40.0691,45.0382,34877,641,23294.0,415,10,171.0
2020-07-20,armenia,,40.0691,45.0382,34981,650,23502.0,104,9,208.0
2020-07-21,armenia,,40.0691,45.0382,35254,662,24206.0,273,12,704.0
2020-07-22,armenia,,40.0691,45.0382,35693,678,24766.0,439,16,560.0
2020-07-23,armenia,,40.0691,45.0382,36162,688,25244.0,469,10,478.0
2020-07-24,armenia,,40.0691,45.0382,36613,692,25734.0,451,4,490.0
2020-07-25,armenia,,40.0691,45.0382,36996,700,26243.0,383,8,509.0
2020-07-26,armenia,,40.0691,45.0382,37317,705,26478.0,321,5,235.0
2020-07-27,armenia,,40.0691,45.0382,37390,711,26665.0,73,6,187.0
2020-07-28,armenia,,40.0691,45.0382,37629,719,27357.0,239,8,692.0
2020-07-29,armenia,,40.0691,45.0382,37937,723,27824.0,308,4,467.0
2020-07-30,armenia,,40.0691,45.0382,38196,728,28366.0,259,5,542.0
2020-07-31,armenia,,40.0691,45.0382,38550,738,28997.0,354,10,631.0
