date,country,state,lat,long,confirmed,deaths,recovered,confirmed_new,deaths_new,recovered_new
2020-01-22,azerbaijan,,40.1431,47.5769,0,0,0.0,0,0,0.0
2020-01-23,azerbaijan,,40.1431,47.5769,0,0,0.0,0,0,0.0
2020-01-24,azerbaijan,,40.1431,47.5769,0,0,0.0,0,0,0.0
2020-01-25,azerbaijan,,40.1431,47.5769,0,0,0.0,0,0,0.0
2020-01-26,azerbaijan,,40.1431,47.5769,0,0,0.0,0,0,0.0
2020-01-27,azerbaijan,,40.1431,47.5769,0,0,0.0,0,0,0.0
2020-01-28,azerbaijan,,40.1431,47.5769,0,0,0.0,0,0,0.0
2020-01-29,azerbaijan,,40.1431,47.5769,0,0,0.0,0,0,0.0
2020-01-30,azerbaijan,,40.1431,47.5769,0,0,0.0,0,0,0.0
2020-01-31,azerbaijan,,40.1431,47.5769,0,0,0.0,0,0,0.0
2020-02-01,azerbaijan,,40.1431,47.5769,0,0,0.0,0,0,0.0
2020-02-02,azerbaijan,,40.1431,47.5769,0,0,0.0,0,0,0.0
2020-02-03,azerbaijan,,40.1431,47.5769,0,0,0.0,0,0,0.0
2020-02-04,azerbaijan,,40.1431,47.5769,0,0,0.0,0,0,0.0
2020-02-05,azerbaijan,,40.1431,47.5769,0,0,0.0,0,0,0.0
2020-02-06,azerbaijan,,40.1431,47.5769,0,0,0.0,0,0,0.0
2020-02-07,azerbaijan,,40.1431,47.5769,0,0,0.0,0,0,0.0
2020-02-08,azerbaijan,,40.1431,47.5769,0,0,0.0,0,0,0.0
2020-02-09,azerbaijan,,40.1431,47.5769,0,0,0.0,0,0,0.0
2020-02-10,azerbaijan,,40.1431,47.5769,0,0,0.0,0,0,0.0
2020-02-11,azerbaijan,,40.1431,47.5769,0,0,0.0,0,0,0.0
2020-02-12,azerbaijan,,40.1431,47.5769,0,0,0.0,0,0,0.0
2020-02-13,azerbaijan,,40.1431,47.5769,0,0,0.0,0,0,0.0
2020-02-14,azerbaijan,,40.1431,47.5769,0,0,0.0,0,0,0.0
2020-02-15,azerbaijan,,40.1431,47.5769,0,0,0.0,0,0,0.0
2020-02-16,azerbaijan,,40.1431,47.5769,0,0,0.0,0,0,0.0
2020-02-17,azerbaijan,,40.1431,47.5769,0,0,0.0,0,0,0.0
2020-02-18,azerbaijan,,40.1431,47.5769,0,0,0.0,0,0,0.0
2020-02-19,azerbaijan,,40.1431,47.5769,0,0,0.0,0,0,0.0
2020-02-20,azerbaijan,,40.1431,47.5769,0,0,0.0,0,0,0.0
2020-02-21,azerbaijan,,40.1431,47.5769,0,0,0.0,0,0,0.0
2020-02-22,azerbaijan,,40.1431,47.5769,0,0,0.0,0,0,0.0
2020-02-23,azerbaijan,,40.1431,47.5769,0,0,0.0,0,0,0.0
2020-02-24,azerbaijan,,40.1431,47.5769,0,0,0.0,0,0,0.0
2020-02-25,azerbaijan,,40.1431,47.5769,0,0,0.0,0,0,0.0
2020-02-26,azerbaijan,,40.1431,47.5769,0,0,0.0,0,0,0.0
2020-02-27,azerbaijan,,40.1431,47.5769,0,0,0.0,0,0,0.0
2020-02-28,azerbaijan,,40.1431,47.5769,0,0,0.0,0,0,0.0
2020-02-29,azerbaijan,,40.1431,47.5769,0,0,0.0,0,0,0.0
2020-03-01,azerbaijan,,40.1431,47.5769,3,0,0.0,3,0,0.0
2020-03-02,azerbaijan,,40.1431,47.5769,3,0,0.0,0,0,0.0
2020-03-03,azerbaijan,,40.1431,47.5769,3,0,0.0,0,0,0.0
2020-03-04,azerbaijan,,40.1431,47.5769,3,0,0.0,0,0,0.0
2020-03-05,azerbaijan,,40.1431,47.5769,6,0,0.0,3,0,0.0
2020-03-06,azerbaijan,,40.1431,47.5769,6,0,0.0,0,0,0.0
2020-03-07,azerbaijan,,40.1431,47.5769,9,0,0.0,3,0,0.0
2020-03-08,azerbaijan,,40.1431,47.5769,9,0,0.0,0,0,0.0
2020-03-09,azerbaijan,,40.1431,47.5769,9,0,0.0,0,0,0.0
2020-03-10,azerbaijan,,40.1431,47.5769,11,0,0.0,2,0,0.0
2020-03-11,azerbaijan,,40.1431,47.5769,11,0,3.0,0,0,3.0
2020-03-12,azerbaijan,,40.1431,47.5769,11,0,3.0,0,0,0.0
2020-03-13,azerbaijan,,40.1431,47.5769,15,1,3.0,4,1,0.0
2020-03-14,azerbaijan,,40.1431,47.5769,15,1,3.0,0,0,0.0
2020-03-15,azerbaijan,,40.1431,47.5769,23,1,6.0,8,0,3.0
2020-03-16,azerbaijan,,40.1431,47.5769,28,1,6.0,5,0,0.0
2020-03-17,azerbaijan,,40.1431,47.5769,28,1,6.0,0,0,0.0
2020-03-18,azerbaijan,,40.1431,47.5769,28,1,6.0,0,0,0.0
2020-03-19,azerbaijan,,40.1431,47.5769,44,1,6.0,16,0,0.0
2020-03-20,azerbaijan,,40.1431,47.5769,44,1,6.0,0,0,0.0
2020-03-21,azerbaijan,,40.1431,47.5769,53,1,11.0,9,0,5.0
2020-03-22,azerbaijan,,40.1431,47.5769,65,1,10.0,12,0,-1.0
2020-03-23,azerbaijan,,40.1431,47.5769,72,1,10.0,7,0,0.0
2020-03-24,azerbaijan,,40.1431,47.5769,87,1,10.0,15,0,0.0
2020-03-25,azerbaijan,,40.1431,47.5769,93,2,10.0,6,1,0.0
2020-03-26,azerbaijan,,40.1431,47.5769,122,3,15.0,29,1,5.0
2020-03-27,azerbaijan,,40.1431,47.5769,165,3,15.0,43,0,0.0
2020-03-28,azerbaijan,,40.1431,47.5769,182,4,15.0,17,1,0.0
2020-03-29,azerbaijan,,40.1431,47.5769,209,4,15.0,27,0,0.0
2020-03-30,azerbaijan,,40.1431,47.5769,273,4,26.0,64,0,11.0
2020-03-31,azerbaijan,,40.1431,47.5769,298,5,26.0,25,1,0.0
2020-04-01,azerbaijan,,40.1431,47.5769,359,5,26.0,61,0,0.0
2020-04-02,azerbaijan,,40.1431,47.5769,400,5,26.0,41,0,0.0
2020-04-03,azerbaijan,,40.1431,47.5769,443,5,32.0,43,0,6.0
2020-04-04,azerbaijan,,40.1431,47.5769,521,5,32.0,78,0,0.0
2020-04-05,azerbaijan,,40.1431,47.5769,584,7,32.0,63,2,0.0
2020-04-06,azerbaijan,,40.1431,47.5769,641,7,44.0,57,0,12.0
2020-04-07,azerbaijan,,40.1431,47.5769,717,8,44.0,76,1,0.0
2020-04-08,azerbaijan,,40.1431,47.5769,822,8,63.0,105,0,19.0
2020-04-09,azerbaijan,,40.1431,47.5769,926,9,101.0,104,1,38.0
2020-04-10,azerbaijan,,40.1431,47.5769,991,10,159.0,65,1,58.0
2020-04-11,azerbaijan,,40.1431,47.5769,1058,11,200.0,67,1,41.0
2020-04-12,azerbaijan,,40.1431,47.5769,1098,11,250.0,40,0,50.0
2020-04-13,azerbaijan,,40.1431,47.5769,1148,12,289.0,50,1,39.0
2020-04-14,azerbaijan,,40.1431,47.5769,1197,13,351.0,49,1,62.0
2020-04-15,azerbaijan,,40.1431,47.5769,1253,13,404.0,56,0,53.0
2020-04-16,azerbaijan,,40.1431,47.5769,1283,15,460.0,30,2,56.0
2020-04-17,azerbaijan,,40.1431,47.5769,1340,15,528.0,57,0,68.0
2020-04-18,azerbaijan,,40.1431,47.5769,1373,18,590.0,33,3,62.0
2020-04-19,azerbaijan,,40.1431,47.5769,1398,19,712.0,25,1,122.0
2020-04-20,azerbaijan,,40.1431,47.5769,1436,19,791.0,38,0,79.0
2020-04-21,azerbaijan,,40.1431,47.5769,1480,20,865.0,44,1,74.0
2020-04-22,azerbaijan,,40.1431,47.5769,1518,20,907.0,38,0,42.0
2020-04-23,azerbaijan,,40.1431,47.5769,1548,20,948.0,30,0,41.0
2020-04-24,azerbaijan,,40.1431,47.5769,1592,21,1013.0,44,1,65.0
2020-04-25,azerbaijan,,40.1431,47.5769,1617,21,1080.0,25,0,67.0
2020-04-26,azerbaijan,,40.1431,47.5769,1645,21,1139.0,28,0,59.0
2020-04-27,azerbaijan,,40.1431,47.5769,1678,22,1162.0,33,1,23.0
2020-04-28,azerbaijan,,40.1431,47.5769,1717,22,1221.0,39,0,59.0
2020-04-29,azerbaijan,,40.1431,47.5769,1766,23,1267.0,49,1,46.0
2020-04-30,azerbaijan,,40.1431,47.5769,1804,24,1325.0,38,1,58.0
2020-05-01,azerbaijan,,40.1431,47.5769,1854,25,1365.0,50,1,40.0
2020-05-02,azerbaijan,,40.1431,47.5769,1894,25,1411.0,40,0,46.0
2020-05-03,azerbaijan,,40.1431,47.5769,1932,25,1441.0,38,0,30.0
2020-05-04,azerbaijan,,40.1431,47.5769,1984,26,1480.0,52,1,39.0
2020-05-05,azerbaijan,,40.1431,47.5769,2060,26,1508.0,76,0,28.0
2020-05-06,azerbaijan,,40.1431,47.5769,2127,28,1536.0,67,2,28.0
2020-05-07,azerbaijan,,40.1431,47.5769,2204,28,1551.0,77,0,15.0
2020-05-08,azerbaijan,,40.1431,47.5769,2279,28,1576.0,75,0,25.0
2020-05-09,azerbaijan,,40.1431,47.5769,2422,31,1620.0,143,3,44.0
2020-05-10,azerbaijan,,40.1431,47.5769,2519,32,1650.0,97,1,30.0
2020-05-11,azerbaijan,,40.1431,47.5769,2589,32,1680.0,70,0,30.0
2020-05-12,azerbaijan,,40.1431,47.5769,2693,33,1680.0,104,1,0.0
2020-05-13,azerbaijan,,40.1431,47.5769,2758,35,1789.0,65,2,109.0
2020-05-14,azerbaijan,,40.1431,47.5769,2879,35,1833.0,121,0,44.0
2020-05-15,azerbaijan,,40.1431,47.5769,2980,36,1886.0,101,1,53.0
2020-05-16,azerbaijan,,40.1431,47.5769,3138,36,1944.0,158,0,58.0
2020-05-17,azerbaijan,,40.1431,47.5769,3274,39,2015.0,136,3,71.0
2020-05-18,azerbaijan,,40.1431,47.5769,3387,40,2055.0,113,1,40.0
2020-05-19,azerbaijan,,40.1431,47.5769,3518,41,2198.0,131,1,143.0
2020-05-20,azerbaijan,,40.1431,47.5769,3631,43,2253.0,113,2,55.0
2020-05-21,azerbaijan,,40.1431,47.5769,3749,44,2340.0,118,1,87.0
2020-05-22,azerbaijan,,40.1431,47.5769,3855,46,2399.0,106,2,59.0
2020-05-23,azerbaijan,,40.1431,47.5769,3982,49,2506.0,127,3,107.0
2020-05-24,azerbaijan,,40.1431,47.5769,4122,49,2607.0,140,0,101.0
2020-05-25,azerbaijan,,40.1431,47.5769,4271,51,2741.0,149,2,134.0
2020-05-26,azerbaijan,,40.1431,47.5769,4403,52,2819.0,132,1,78.0
2020-05-27,azerbaijan,,40.1431,47.5769,4568,54,2897.0,165,2,78.0
2020-05-28,azerbaijan,,40.1431,47.5769,4759,56,3022.0,191,2,125.0
2020-05-29,azerbaijan,,40.1431,47.5769,4989,58,3125.0,230,2,103.0
2020-05-30,azerbaijan,,40.1431,47.5769,5246,61,3327.0,257,3,202.0
2020-05-31,azerbaijan,,40.1431,47.5769,5494,63,3428.0,248,2,101.0
2020-06-01,azerbaijan,,40.1431,47.5769,5662,68,3508.0,168,5,80.0
2020-06-02,azerbaijan,,40.1431,47.5769,5935,71,3564.0,273,3,56.0
2020-06-03,azerbaijan,,40.1431,47.5769,6260,76,3665.0,325,5,101.0
2020-06-04,azerbaijan,,40.1431,47.5769,6522,78,3737.0,262,2,72.0
2020-06-05,azerbaijan,,40.1431,47.5769,6860,82,3871.0,338,4,134.0
2020-06-06,azerbaijan,,40.1431,47.5769,7239,84,4024.0,379,2,153.0
2020-06-07,azerbaijan,,40.1431,47.5769,7553,88,4149.0,314,4,125.0
2020-06-08,azerbaijan,,40.1431,47.5769,7876,93,4377.0,323,5,228.0
2020-06-09,azerbaijan,,40.1431,47.5769,8191,98,4606.0,315,5,229.0
2020-06-10,azerbaijan,,40.1431,47.5769,8530,102,4720.0,339,4,114.0
2020-06-11,azerbaijan,,40.1431,47.5769,8882,108,4930.0,352,6,210.0
2020-06-12,azerbaijan,,40.1431,47.5769,9218,113,5116.0,336,5,186.0
2020-06-13,azerbaijan,,40.1431,47.5769,9570,115,5309.0,352,2,193.0
2020-06-14,azerbaijan,,40.1431,47.5769,9957,119,5583.0,387,4,274.0
2020-06-15,azerbaijan,,40.1431,47.5769,10324,122,5739.0,367,3,156.0
2020-06-16,azerbaijan,,40.1431,47.5769,10662,126,5948.0,338,4,209.0
2020-06-17,azerbaijan,,40.1431,47.5769,10991,133,6075.0,329,7,127.0
2020-06-18,azerbaijan,,40.1431,47.5769,11329,139,6192.0,338,6,117.0
2020-06-19,azerbaijan,,40.1431,47.5769,11767,143,6325.0,438,4,133.0
2020-06-20,azerbaijan,,40.1431,47.5769,12238,148,6516.0,471,5,191.0
2020-06-21,azerbaijan,,40.1431,47.5769,12729,154,6799.0,491,6,283.0
2020-06-22,azerbaijan,,40.1431,47.5769,13207,161,7168.0,478,7,369.0
2020-06-23,azerbaijan,,40.1431,47.5769,13715,167,7503.0,508,6,335.0
2020-06-24,azerbaijan,,40.1431,47.5769,14305,174,7768.0,590,7,265.0
2020-06-25,azerbaijan,,40.1431,47.5769,14852,180,8059.0,547,6,291.0
2020-06-26,azerbaijan,,40.1431,47.5769,15369,187,8364.0,517,7,305.0
2020-06-27,azerbaijan,,40.1431,47.5769,15890,193,8719.0,521,6,355.0
2020-06-28,azerbaijan,,40.1431,47.5769,16424,198,9026.0,534,5,307.0
2020-06-29,azerbaijan,,40.1431,47.5769,16968,206,9369.0,544,8,343.0
2020-06-30,azerbaijan,,40.1431,47.5769,17524,213,9715.0,556,7,346.0
2020-07-01,azerbaijan,,40.1431,47.5769,18112,220,10061.0,588,7,346.0
2020-07-02,azerbaijan,,40.1431,47.5769,18684,228,10425.0,572,8,364.0
2020-07-03,azerbaijan,,40.1431,47.5769,19267,235,10820.0,583,7,395.0
2020-07-04,azerbaijan,,40.1431,47.5769,19801,241,11291.0,534,6,471.0
2020-07-05,azerbaijan,,40.1431,47.5769,20324,250,11742.0,523,9,451.0
2020-07-06,azerbaijan,,40.1431,47.5769,20837,258,12182.0,513,8,440.0
2020-07-07,azerbaijan,,40.1431,47.5769,21374,265,12635.0,537,7,453.0
2020-07-08,azerbaijan,,40.1431,47.5769,21916,274,13100.0,542,9,465.0
2020-07-09,azerbaijan,,40.1431,47.5769,22464,284,13591.0,548,10,491.0
2020-07-10,azerbaijan,,40.1431,47.5769,22990,292,14093.0,526,8,502.0
2020-07-11,azerbaijan,,40.1431,47.5769,23521,298,14607.0,531,6,514.0
2020-07-12,azerbaijan,,40.1431,47.5769,24041,306,15093.0,520,8,486.0
2020-07-13,azerbaijan,,40.1431,47.5769,24570,313,15640.0,529,7,547.0
2020-07-14,azerbaijan,,40.1431,47.5769,25113,319,16150.0,543,6,510.0
2020-07-15,azerbaijan,,40.1431,47.5769,25672,326,16695.0,559,7,545.0
2020-07-16,azerbaijan,,40.1431,47.5769,26165,334,17256.0,493,8,561.0
2020-07-17,azerbaijan,,40.1431,47.5769,26636,341,17805.0,471,7,549.0
2020-07-18,azerbaijan,,40.1431,47.5769,27133,349,18450.0,497,8,645.0
2020-07-19,azerbaijan,,40.1431,47.5769,27521,354,18967.0,388,5,517.0
2020-07-20,azerbaijan,,40.1431,47.5769,27890,363,19490.0,369,9,523.0
2020-07-21,azerbaijan,,40.1431,47.5769,28242,376,19939.0,352,13,449.0
2020-07-22,azerbaijan,,40.1431,47.5769,28633,385,20443.0,391,9,504.0
2020-07-23,azerbaijan,,40.1431,47.5769,28980,391,20974.0,347,6,531.0
2020-07-24,azerbaijan,,40.1431,47.5769,29312,400,21547.0,332,9,573.0
2020-07-25,azerbaijan,,40.1431,47.5769,29633,408,22082.0,321,8,535.0
2020-07-26,azerbaijan,,40.1431,47.5769,30050,417,22684.0,417,9,602.0
2020-07-27,azerbaijan,,40.1431,47.5769,30446,423,23242.0,396,6,558.0
2020-07-28,azerbaijan,,40.1431,47.5769,30858,430,23873.0,412,7,631.0
2020-07-29,azerbaijan,,40.1431,47.5769,31221,438,24495.0,363,8,622.0
2020-07-30,azerbaijan,,40.1431,47.5769,31560,441,25168.0,339,3,673.0
2020-07-31,azerbaijan,,40.1431,47.5769,31878,448,25882.0,318,7,714.0
