date,country,state,lat,long,confirmed,deaths,recovered,confirmed_new,deaths_new,recovered_new
2020-01-22,bangladesh,,23.685,90.3563,0,0,0.0,0,0,0.0
2020-01-23,bangladesh,,23.685,90.3563,0,0,0.0,0,0,0.0
2020-01-24,bangladesh,,23.685,90.3563,0,0,0.0,0,0,0.0
2020-01-25,bangladesh,,23.685,90.3563,0,0,0.0,0,0,0.0
2020-01-26,bangladesh,,23.685,90.3563,0,0,0.0,0,0,0.0
2020-01-27,bangladesh,,23.685,90.3563,0,0,0.0,0,0,0.0
2020-01-28,bangladesh,,23.685,90.3563,0,0,0.0,0,0,0.0
2020-01-29,bangladesh,,23.685,90.3563,0,0,0.0,0,0,0.0
2020-01-30,bangladesh,,23.685,90.3563,0,0,0.0,0,0,0.0
2020-01-31,bangladesh,,23.685,90.3563,0,0,0.0,0,0,0.0
2020-02-01,bangladesh,,23.685,90.3563,0,0,0.0,0,0,0.0
2020-02-02,bangladesh,,23.685,90.3563,0,0,0.0,0,0,0.0
2020-02-03,bangladesh,,23.685,90.3563,0,0,0.0,0,0,0.0
2020-02-04,bangladesh,,23.685,90.3563,0,0,0.0,0,0,0.0
2020-02-05,bangladesh,,23.685,90.3563,0,0,0.0,0,0,0.0
2020-02-06,bangladesh,,23.685,90.3563,0,0,0.0,0,0,0.0
2020-02-07,bangladesh,,23.685,90.3563,0,0,0.0,0,0,0.0
2020-02-08,bangladesh,,23.685,90.3563,0,0,0.0,0,0,0.0
2020-02-09,bangladesh,,23.685,90.3563,0,0,0.0,0,0,0.0
2020-02-10,bangladesh,,23.685,90.3563,0,0,0.0,0,0,0.0
2020-02-11,bangladesh,,23.685,90.3563,0,0,0.0,0,0,0.0
2020-02-12,bangladesh,,23.685,90.3563,0,0,0.0,0,0,0.0
2020-02-13,bangladesh,,23.685,90.3563,0,0,0.0,0,0,0.0
2020-02-14,bangladesh,,23.685,90.3563,0,0,0.0,0,0,0.0
2020-02-15,bangladesh,,23.685,90.3563,0,0,0.0,0,0,0.0
2020-02-16,bangladesh,,23.685,90.3563,0,0,0.0,0,0,0.0
2020-02-17,bangladesh,,23.685,90.3563,0,0,0.0,0,0,0.0
2020-02-18,bangladesh,,23.685,90.3563,0,0,0.0,0,0,0.0
2020-02-19,bangladesh,,23.685,90.3563,0,0,0.0,0,0,0.0
2020-02-20,bangladesh,,23.685,90.3563,0,0,0.0,0,0,0.0
2020-02-21,bangladesh,,23.685,90.3563,0,0,0.0,0,0,0.0
2020-02-22,bangladesh,,23.685,90.3563,0,0,0.0,0,0,0.0
2020-02-23,bangladesh,,23.685,90.3563,0,0,0.0,0,0,0.0
2020-02-24,bangladesh,,23.685,90.3563,0,0,0.0,0,0,0.0
2020-02-25,bangladesh,,23.685,90.3563,0,0,0.0,0,0,0.0
2020-02-26,bangladesh,,23.685,90.3563,0,0,0.0,0,0,0.0
2020-02-27,bangladesh,,23.685,90.3563,0,0,0.0,0,0,0.0
2020-02-28,bangladesh,,23.685,90.3563,0,0,0.0,0,0,0.0
2020-02-29,bangladesh,,23.685,90.3563,0,0,0.0,0,0,0.0
2020-03-01,bangladesh,,23.685,90.3563,0,0,0.0,0,0,0.0
2020-03-02,bangladesh,,23.685,90.3563,0,0,0.0,0,0,0.0
2020-03-03,bangladesh,,23.685,90.3563,0,0,0.0,0,0,0.0
2020-03-04,bangladesh,,23.685,90.3563,0,0,0.0,0,0,0.0
2020-03-05,bangladesh,,23.685,90.3563,0,0,0.0,0,0,0.0
2020-03-06,bangladesh,,23.685,90.3563,0,0,0.0,0,0,0.0
2020-03-07,bangladesh,,23.685,90.3563,0,0,0.0,0,0,0.0
2020-03-08,bangladesh,,23.685,90.3563,3,0,0.0,3,0,0.0
2020-03-09,bangladesh,,23.685,90.3563,3,0,0.0,0,0,0.0
2020-03-10,bangladesh,,23.685,90.3563,3,0,0.0,0,0,0.0
2020-03-11,bangladesh,,23.685,90.3563,3,0,0.0,0,0,0.0
2020-03-12,bangladesh,,23.685,90.3563,3,0,0.0,0,0,0.0
2020-03-13,bangladesh,,23.685,90.3563,3,0,0.0,0,0,0.0
2020-03-14,bangladesh,,23.685,90.3563,3,0,0.0,0,0,0.0
2020-03-15,bangladesh,,23.685,90.3563,5,0,0.0,2,0,0.0
2020-03-16,bangladesh,,23.685,90.3563,8,0,2.0,3,0,2.0
2020-03-17,bangladesh,,23.685,90.3563,10,0,3.0,2,0,1.0
2020-03-18,bangladesh,,23.685,90.3563,14,1,3.0,4,1,0.0
2020-03-19,bangladesh,,23.685,90.3563,17,1,3.0,3,0,0.0
2020-03-20,bangladesh,,23.685,90.3563,20,1,3.0,3,0,0.0
2020-03-21,bangladesh,,23.685,90.3563,25,2,3.0,5,1,0.0
2020-03-22,bangladesh,,23.685,90.3563,27,2,3.0,2,0,0.0
2020-03-23,bangladesh,,23.685,90.3563,33,3,3.0,6,1,0.0
2020-03-24,bangladesh,,23.685,90.3563,39,4,5.0,6,1,2.0
2020-03-25,bangladesh,,23.685,90.3563,39,5,7.0,0,1,2.0
2020-03-26,bangladesh,,23.685,90.3563,44,5,11.0,5,0,4.0
2020-03-27,bangladesh,,23.685,90.3563,48,5,11.0,4,0,0.0
2020-03-28,bangladesh,,23.685,90.3563,48,5,15.0,0,0,4.0
2020-03-29,bangladesh,,23.685,90.3563,48,5,15.0,0,0,0.0
2020-03-30,bangladesh,,23.685,90.3563,49,5,19.0,1,0,4.0
2020-03-31,bangladesh,,23.685,90.3563,51,5,25.0,2,0,6.0
2020-04-01,bangladesh,,23.685,90.3563,54,6,25.0,3,1,0.0
2020-04-02,bangladesh,,23.685,90.3563,56,6,25.0,2,0,0.0
2020-04-03,bangladesh,,23.685,90.3563,61,6,26.0,5,0,1.0
2020-04-04,bangladesh,,23.685,90.3563,70,8,30.0,9,2,4.0
2020-04-05,bangladesh,,23.685,90.3563,88,9,33.0,18,1,3.0
2020-04-06,bangladesh,,23.685,90.3563,123,12,33.0,35,3,0.0
2020-04-07,bangladesh,,23.685,90.3563,164,17,33.0,41,5,0.0
2020-04-08,bangladesh,,23.685,90.3563,218,20,33.0,54,3,0.0
2020-04-09,bangladesh,,23.685,90.3563,330,21,33.0,112,1,0.0
2020-04-10,bangladesh,,23.685,90.3563,424,27,33.0,94,6,0.0
2020-04-11,bangladesh,,23.685,90.3563,482,30,36.0,58,3,3.0
2020-04-12,bangladesh,,23.685,90.3563,621,34,39.0,139,4,3.0
2020-04-13,bangladesh,,23.685,90.3563,803,39,42.0,182,5,3.0
2020-04-14,bangladesh,,23.685,90.3563,1012,46,42.0,209,7,0.0
2020-04-15,bangladesh,,23.685,90.3563,1231,50,49.0,219,4,7.0
2020-04-16,bangladesh,,23.685,90.3563,1572,60,49.0,341,10,0.0
2020-04-17,bangladesh,,23.685,90.3563,1838,75,58.0,266,15,9.0
2020-04-18,bangladesh,,23.685,90.3563,2144,84,66.0,306,9,8.0
2020-04-19,bangladesh,,23.685,90.3563,2456,91,75.0,312,7,9.0
2020-04-20,bangladesh,,23.685,90.3563,2948,101,85.0,492,10,10.0
2020-04-21,bangladesh,,23.685,90.3563,3382,110,87.0,434,9,2.0
2020-04-22,bangladesh,,23.685,90.3563,3772,120,92.0,390,10,5.0
2020-04-23,bangladesh,,23.685,90.3563,4186,127,108.0,414,7,16.0
2020-04-24,bangladesh,,23.685,90.3563,4689,131,112.0,503,4,4.0
2020-04-25,bangladesh,,23.685,90.3563,4998,140,113.0,309,9,1.0
2020-04-26,bangladesh,,23.685,90.3563,5416,145,122.0,418,5,9.0
2020-04-27,bangladesh,,23.685,90.3563,5913,152,131.0,497,7,9.0
2020-04-28,bangladesh,,23.685,90.3563,6462,155,139.0,549,3,8.0
2020-04-29,bangladesh,,23.685,90.3563,7103,163,150.0,641,8,11.0
2020-04-30,bangladesh,,23.685,90.3563,7667,168,160.0,564,5,10.0
2020-05-01,bangladesh,,23.685,90.3563,8238,170,174.0,571,2,14.0
2020-05-02,bangladesh,,23.685,90.3563,8790,175,177.0,552,5,3.0
2020-05-03,bangladesh,,23.685,90.3563,9455,177,1063.0,665,2,886.0
2020-05-04,bangladesh,,23.685,90.3563,10143,182,1209.0,688,5,146.0
2020-05-05,bangladesh,,23.685,90.3563,10929,183,1403.0,786,1,194.0
2020-05-06,bangladesh,,23.685,90.3563,11719,186,1403.0,790,3,0.0
2020-05-07,bangladesh,,23.685,90.3563,12425,199,1910.0,706,13,507.0
2020-05-08,bangladesh,,23.685,90.3563,13134,206,2101.0,709,7,191.0
2020-05-09,bangladesh,,23.685,90.3563,13770,214,2414.0,636,8,313.0
2020-05-10,bangladesh,,23.685,90.3563,14657,228,2650.0,887,14,236.0
2020-05-11,bangladesh,,23.685,90.3563,15691,239,2902.0,1034,11,252.0
2020-05-12,bangladesh,,23.685,90.3563,16660,250,3147.0,969,11,245.0
2020-05-13,bangladesh,,23.685,90.3563,17822,269,3361.0,1162,19,214.0
2020-05-14,bangladesh,,23.685,90.3563,18863,283,3361.0,1041,14,0.0
2020-05-15,bangladesh,,23.685,90.3563,20065,298,3882.0,1202,15,521.0
2020-05-16,bangladesh,,23.685,90.3563,20995,314,4117.0,930,16,235.0
2020-05-17,bangladesh,,23.685,90.3563,22268,328,4373.0,1273,14,256.0
2020-05-18,bangladesh,,23.685,90.3563,23870,349,4585.0,1602,21,212.0
2020-05-19,bangladesh,,23.685,90.3563,25121,370,4993.0,1251,21,408.0
2020-05-20,bangladesh,,23.685,90.3563,26738,386,5207.0,1617,16,214.0
2020-05-21,bangladesh,,23.685,90.3563,28511,408,5602.0,1773,22,395.0
2020-05-22,bangladesh,,23.685,90.3563,30205,432,6190.0,1694,24,588.0
2020-05-23,bangladesh,,23.685,90.3563,32078,452,6486.0,1873,20,296.0
2020-05-24,bangladesh,,23.685,90.3563,33610,480,6901.0,1532,28,415.0
2020-05-25,bangladesh,,23.685,90.3563,35585,501,7334.0,1975,21,433.0
2020-05-26,bangladesh,,23.685,90.3563,36751,522,7579.0,1166,21,245.0
2020-05-27,bangladesh,,23.685,90.3563,38292,544,7925.0,1541,22,346.0
2020-05-28,bangladesh,,23.685,90.3563,40321,559,8425.0,2029,15,500.0
2020-05-29,bangladesh,,23.685,90.3563,42844,582,9015.0,2523,23,590.0
2020-05-30,bangladesh,,23.685,90.3563,44608,610,9375.0,1764,28,360.0
2020-05-31,bangladesh,,23.685,90.3563,47153,650,9781.0,2545,40,406.0
2020-06-01,bangladesh,,23.685,90.3563,49534,672,10597.0,2381,22,816.0
2020-06-02,bangladesh,,23.685,90.3563,52445,709,11120.0,2911,37,523.0
2020-06-03,bangladesh,,23.685,90.3563,55140,746,11590.0,2695,37,470.0
2020-06-04,bangladesh,,23.685,90.3563,57563,781,12161.0,2423,35,571.0
2020-06-05,bangladesh,,23.685,90.3563,60391,811,12804.0,2828,30,643.0
2020-06-06,bangladesh,,23.685,90.3563,63026,846,13325.0,2635,35,521.0
2020-06-07,bangladesh,,23.685,90.3563,65769,888,13903.0,2743,42,578.0
2020-06-08,bangladesh,,23.685,90.3563,68504,930,14560.0,2735,42,657.0
2020-06-09,bangladesh,,23.685,90.3563,71675,975,15337.0,3171,45,777.0
2020-06-10,bangladesh,,23.685,90.3563,74865,1012,15900.0,3190,37,563.0
2020-06-11,bangladesh,,23.685,90.3563,78052,1049,16747.0,3187,37,847.0
2020-06-12,bangladesh,,23.685,90.3563,81523,1095,17249.0,3471,46,502.0
2020-06-13,bangladesh,,23.685,90.3563,84379,1139,17828.0,2856,44,579.0
2020-06-14,bangladesh,,23.685,90.3563,87520,1171,18730.0,3141,32,902.0
2020-06-15,bangladesh,,23.685,90.3563,90619,1209,18731.0,3099,38,1.0
2020-06-16,bangladesh,,23.685,90.3563,94481,1262,36264.0,3862,53,17533.0
2020-06-17,bangladesh,,23.685,90.3563,98489,1305,38189.0,4008,43,1925.0
2020-06-18,bangladesh,,23.685,90.3563,102292,1343,40164.0,3803,38,1975.0
2020-06-19,bangladesh,,23.685,90.3563,105535,1388,42945.0,3243,45,2781.0
2020-06-20,bangladesh,,23.685,90.3563,108775,1425,43993.0,3240,37,1048.0
2020-06-21,bangladesh,,23.685,90.3563,112306,1464,45077.0,3531,39,1084.0
2020-06-22,bangladesh,,23.685,90.3563,115786,1502,46755.0,3480,38,1678.0
2020-06-23,bangladesh,,23.685,90.3563,119198,1545,47635.0,3412,43,880.0
2020-06-24,bangladesh,,23.685,90.3563,122660,1582,49666.0,3462,37,2031.0
2020-06-25,bangladesh,,23.685,90.3563,126606,1621,51495.0,3946,39,1829.0
2020-06-26,bangladesh,,23.685,90.3563,130474,1661,53133.0,3868,40,1638.0
2020-06-27,bangladesh,,23.685,90.3563,133978,1695,54318.0,3504,34,1185.0
2020-06-28,bangladesh,,23.685,90.3563,137787,1738,55727.0,3809,43,1409.0
2020-06-29,bangladesh,,23.685,90.3563,141801,1783,57780.0,4014,45,2053.0
2020-06-30,bangladesh,,23.685,90.3563,145483,1847,59624.0,3682,64,1844.0
2020-07-01,bangladesh,,23.685,90.3563,149258,1888,62108.0,3775,41,2484.0
2020-07-02,bangladesh,,23.685,90.3563,153277,1926,66442.0,4019,38,4334.0
2020-07-03,bangladesh,,23.685,90.3563,156391,1968,68048.0,3114,42,1606.0
2020-07-04,bangladesh,,23.685,90.3563,159679,1997,70721.0,3288,29,2673.0
2020-07-05,bangladesh,,23.685,90.3563,162417,2052,72625.0,2738,55,1904.0
2020-07-06,bangladesh,,23.685,90.3563,165618,2096,76149.0,3201,44,3524.0
2020-07-07,bangladesh,,23.685,90.3563,168645,2151,78102.0,3027,55,1953.0
2020-07-08,bangladesh,,23.685,90.3563,172134,2197,80838.0,3489,46,2736.0
2020-07-09,bangladesh,,23.685,90.3563,175494,2238,84544.0,3360,41,3706.0
2020-07-10,bangladesh,,23.685,90.3563,178443,2275,86406.0,2949,37,1862.0
2020-07-11,bangladesh,,23.685,90.3563,181129,2305,88034.0,2686,30,1628.0
2020-07-12,bangladesh,,23.685,90.3563,183795,2352,93614.0,2666,47,5580.0
2020-07-13,bangladesh,,23.685,90.3563,186894,2391,98317.0,3099,39,4703.0
2020-07-14,bangladesh,,23.685,90.3563,190057,2424,103227.0,3163,33,4910.0
2020-07-15,bangladesh,,23.685,90.3563,193590,2457,105523.0,3533,33,2296.0
2020-07-16,bangladesh,,23.685,90.3563,196323,2496,106963.0,2733,39,1440.0
2020-07-17,bangladesh,,23.685,90.3563,199357,2547,108725.0,3034,51,1762.0
2020-07-18,bangladesh,,23.685,90.3563,202066,2581,110098.0,2709,34,1373.0
2020-07-19,bangladesh,,23.685,90.3563,204525,2618,111642.0,2459,37,1544.0
2020-07-20,bangladesh,,23.685,90.3563,207453,2668,113556.0,2928,50,1914.0
2020-07-21,bangladesh,,23.685,90.3563,210510,2709,115397.0,3057,41,1841.0
2020-07-22,bangladesh,,23.685,90.3563,213254,2751,117202.0,2744,42,1805.0
2020-07-23,bangladesh,,23.685,90.3563,216110,2801,119208.0,2856,50,2006.0
2020-07-24,bangladesh,,23.685,90.3563,218658,2836,120976.0,2548,35,1768.0
2020-07-25,bangladesh,,23.685,90.3563,221178,2874,122090.0,2520,38,1114.0
2020-07-26,bangladesh,,23.685,90.3563,223453,2928,123882.0,2275,54,1792.0
2020-07-27,bangladesh,,23.685,90.3563,226225,2965,125683.0,2772,37,1801.0
2020-07-28,bangladesh,,23.685,90.3563,229185,3000,127414.0,2960,35,1731.0
2020-07-29,bangladesh,,23.685,90.3563,232194,3035,130292.0,3009,35,2878.0
2020-07-30,bangladesh,,23.685,90.3563,234889,3083,132960.0,2695,48,2668.0
2020-07-31,bangladesh,,23.685,90.3563,237661,3111,135136.0,2772,28,2176.0
