date,country,state,lat,long,confirmed,deaths,recovered,confirmed_new,deaths_new,recovered_new
2020-01-22,belarus,,53.7098,27.9534,0,0,0.0,0,0,0.0
2020-01-23,belarus,,53.7098,27.9534,0,0,0.0,0,0,0.0
2020-01-24,belarus,,53.7098,27.9534,0,0,0.0,0,0,0.0
2020-01-25,belarus,,53.7098,27.9534,0,0,0.0,0,0,0.0
2020-01-26,belarus,,53.7098,27.9534,0,0,0.0,0,0,0.0
2020-01-27,belarus,,53.7098,27.9534,0,0,0.0,0,0,0.0
2020-01-28,belarus,,53.7098,27.9534,0,0,0.0,0,0,0.0
2020-01-29,belarus,,53.7098,27.9534,0,0,0.0,0,0,0.0
2020-01-30,belarus,,53.7098,27.9534,0,0,0.0,0,0,0.0
2020-01-31,belarus,,53.7098,27.9534,0,0,0.0,0,0,0.0
2020-02-01,belarus,,53.7098,27.9534,0,0,0.0,0,0,0.0
2020-02-02,belarus,,53.7098,27.9534,0,0,0.0,0,0,0.0
2020-02-03,belarus,,53.7098,27.9534,0,0,0.0,0,0,0.0
2020-02-04,belarus,,53.7098,27.9534,0,0,0.0,0,0,0.0
2020-02-05,belarus,,53.7098,27.9534,0,0,0.0,0,0,0.0
2020-02-06,belarus,,53.7098,27.9534,0,0,0.0,0,0,0.0
2020-02-07,belarus,,53.7098,27.9534,0,0,0.0,0,0,0.0
2020-02-08,belarus,,53.7098,27.9534,0,0,0.0,0,0,0.0
2020-02-09,belarus,,53.7098,27.9534,0,0,0.0,0,0,0.0
2020-02-10,belarus,,53.7098,27.9534,0,0,0.0,0,0,0.0
2020-02-11,belarus,,53.7098,27.9534,0,0,0.0,0,0,0.0
2020-02-12,belarus,,53.7098,27.9534,0,0,0.0,0,0,0.0
2020-02-13,belarus,,53.7098,27.9534,0,0,0.0,0,0,0.0
2020-02-14,belarus,,53.7098,27.9534,0,0,0.0,0,0,0.0
2020-02-15,belarus,,53.7098,27.9534,0,0,0.0,0,0,0.0
2020-02-16,belarus,,53.7098,27.9534,0,0,0.0,0,0,0.0
2020-02-17,belarus,,53.7098,27.9534,0,0,0.0,0,0,0.0
2020-02-18,belarus,,53.7098,27.9534,0,0,0.0,0,0,0.0
2020-02-19,belarus,,53.7098,27.9534,0,0,0.0,0,0,0.0
2020-02-20,belarus,,53.7098,27.9534,0,0,0.0,0,0,0.0
2020-02-21,belarus,,53.7098,27.9534,0,0,0.0,0,0,0.0
2020-02-22,belarus,,53.7098,27.9534,0,0,0.0,0,0,0.0
2020-02-23,belarus,,53.7098,27.9534,0,0,0.0,0,0,0.0
2020-02-24,belarus,,53.7098,27.9534,0,0,0.0,0,0,0.0
2020-02-25,belarus,,53.7098,27.9534,0,0,0.0,0,0,0.0
2020-02-26,belarus,,53.7098,27.9534,0,0,0.0,0,0,0.0
2020-02-27,belarus,,53.7098,27.9534,0,0,0.0,0,0,0.0
2020-02-28,belarus,,53.7098,27.9534,1,0,0.0,1,0,0.0
2020-02-29,belarus,,53.7098,27.9534,1,0,0.0,0,0,0.0
2020-03-01,belarus,,53.7098,27.9534,1,0,0.0,0,0,0.0
2020-03-02,belarus,,53.7098,27.9534,1,0,0.0,0,0,0.0
2020-03-03,belarus,,53.7098,27.9534,1,0,0.0,0,0,0.0
2020-03-04,belarus,,53.7098,27.9534,6,0,0.0,5,0,0.0
2020-03-05,belarus,,53.7098,27.9534,6,0,0.0,0,0,0.0
2020-03-06,belarus,,53.7098,27.9534,6,0,0.0,0,0,0.0
2020-03-07,belarus,,53.7098,27.9534,6,0,0.0,0,0,0.0
2020-03-08,belarus,,53.7098,27.9534,6,0,0.0,0,0,0.0
2020-03-09,belarus,,53.7098,27.9534,6,0,1.0,0,0,1.0
2020-03-10,belarus,,53.7098,27.9534,9,0,3.0,3,0,2.0
2020-03-11,belarus,,53.7098,27.9534,9,0,3.0,0,0,0.0
2020-03-12,belarus,,53.7098,27.9534,12,0,3.0,3,0,0.0
2020-03-13,belarus,,53.7098,27.9534,27,0,3.0,15,0,0.0
2020-03-14,belarus,,53.7098,27.9534,27,0,3.0,0,0,0.0
2020-03-15,belarus,,53.7098,27.9534,27,0,3.0,0,0,0.0
2020-03-16,belarus,,53.7098,27.9534,36,0,3.0,9,0,0.0
2020-03-17,belarus,,53.7098,27.9534,36,0,3.0,0,0,0.0
2020-03-18,belarus,,53.7098,27.9534,51,0,5.0,15,0,2.0
2020-03-19,belarus,,53.7098,27.9534,51,0,5.0,0,0,0.0
2020-03-20,belarus,,53.7098,27.9534,69,0,5.0,18,0,0.0
2020-03-21,belarus,,53.7098,27.9534,76,0,15.0,7,0,10.0
2020-03-22,belarus,,53.7098,27.9534,76,0,15.0,0,0,0.0
2020-03-23,belarus,,53.7098,27.9534,81,0,15.0,5,0,0.0
2020-03-24,belarus,,53.7098,27.9534,81,0,22.0,0,0,7.0
2020-03-25,belarus,,53.7098,27.9534,86,0,29.0,5,0,7.0
2020-03-26,belarus,,53.7098,27.9534,86,0,29.0,0,0,0.0
2020-03-27,belarus,,53.7098,27.9534,94,0,32.0,8,0,3.0
2020-03-28,belarus,,53.7098,27.9534,94,0,32.0,0,0,0.0
2020-03-29,belarus,,53.7098,27.9534,94,0,32.0,0,0,0.0
2020-03-30,belarus,,53.7098,27.9534,152,0,32.0,58,0,0.0
2020-03-31,belarus,,53.7098,27.9534,152,1,47.0,0,1,15.0
2020-04-01,belarus,,53.7098,27.9534,163,2,53.0,11,1,6.0
2020-04-02,belarus,,53.7098,27.9534,304,4,53.0,141,2,0.0
2020-04-03,belarus,,53.7098,27.9534,351,4,53.0,47,0,0.0
2020-04-04,belarus,,53.7098,27.9534,440,5,53.0,89,1,0.0
2020-04-05,belarus,,53.7098,27.9534,562,8,52.0,122,3,-1.0
2020-04-06,belarus,,53.7098,27.9534,700,13,53.0,138,5,1.0
2020-04-07,belarus,,53.7098,27.9534,861,13,54.0,161,0,1.0
2020-04-08,belarus,,53.7098,27.9534,1066,13,77.0,205,0,23.0
2020-04-09,belarus,,53.7098,27.9534,1486,16,139.0,420,3,62.0
2020-04-10,belarus,,53.7098,27.9534,1981,19,169.0,495,3,30.0
2020-04-11,belarus,,53.7098,27.9534,2226,23,172.0,245,4,3.0
2020-04-12,belarus,,53.7098,27.9534,2578,26,203.0,352,3,31.0
2020-04-13,belarus,,53.7098,27.9534,2919,29,203.0,341,3,0.0
2020-04-14,belarus,,53.7098,27.9534,3281,33,203.0,362,4,0.0
2020-04-15,belarus,,53.7098,27.9534,3728,36,203.0,447,3,0.0
2020-04-16,belarus,,53.7098,27.9534,4204,40,203.0,476,4,0.0
2020-04-17,belarus,,53.7098,27.9534,4779,42,342.0,575,2,139.0
2020-04-18,belarus,,53.7098,27.9534,5297,45,342.0,518,3,0.0
2020-04-19,belarus,,53.7098,27.9534,5807,47,494.0,510,2,152.0
2020-04-20,belarus,,53.7098,27.9534,6264,51,514.0,457,4,20.0
2020-04-21,belarus,,53.7098,27.9534,6723,55,577.0,459,4,63.0
2020-04-22,belarus,,53.7098,27.9534,7281,58,769.0,558,3,192.0
2020-04-23,belarus,,53.7098,27.9534,8022,60,938.0,741,2,169.0
2020-04-24,belarus,,53.7098,27.9534,8773,63,1120.0,751,3,182.0
2020-04-25,belarus,,53.7098,27.9534,9590,67,1573.0,817,4,453.0
2020-04-26,belarus,,53.7098,27.9534,10463,72,1695.0,873,5,122.0
2020-04-27,belarus,,53.7098,27.9534,11289,75,1740.0,826,3,45.0
2020-04-28,belarus,,53.7098,27.9534,12208,79,1993.0,919,4,253.0
2020-04-29,belarus,,53.7098,27.9534,13181,84,2072.0,973,5,79.0
2020-04-30,belarus,,53.7098,27.9534,14027,89,2386.0,846,5,314.0
2020-05-01,belarus,,53.7098,27.9534,14917,93,2918.0,890,4,532.0
2020-05-02,belarus,,53.7098,27.9534,15828,97,3117.0,911,4,199.0
2020-05-03,belarus,,53.7098,27.9534,16705,99,3196.0,877,2,79.0
2020-05-04,belarus,,53.7098,27.9534,17489,103,3259.0,784,4,63.0
2020-05-05,belarus,,53.7098,27.9534,18350,107,3771.0,861,4,512.0
2020-05-06,belarus,,53.7098,27.9534,19255,112,4388.0,905,5,617.0
2020-05-07,belarus,,53.7098,27.9534,20168,116,5067.0,913,4,679.0
2020-05-08,belarus,,53.7098,27.9534,21101,121,5484.0,933,5,417.0
2020-05-09,belarus,,53.7098,27.9534,22052,126,6050.0,951,5,566.0
2020-05-10,belarus,,53.7098,27.9534,22973,131,6406.0,921,5,356.0
2020-05-11,belarus,,53.7098,27.9534,23906,135,6531.0,933,4,125.0
2020-05-12,belarus,,53.7098,27.9534,24873,142,6974.0,967,7,443.0
2020-05-13,belarus,,53.7098,27.9534,25825,146,7711.0,952,4,737.0
2020-05-14,belarus,,53.7098,27.9534,26772,151,8168.0,947,5,457.0
2020-05-15,belarus,,53.7098,27.9534,27730,156,8807.0,958,5,639.0
2020-05-16,belarus,,53.7098,27.9534,28681,160,9498.0,951,4,691.0
2020-05-17,belarus,,53.7098,27.9534,29650,165,9932.0,969,5,434.0
2020-05-18,belarus,,53.7098,27.9534,30572,171,10130.0,922,6,198.0
2020-05-19,belarus,,53.7098,27.9534,31508,175,10620.0,936,4,490.0
2020-05-20,belarus,,53.7098,27.9534,32426,179,11415.0,918,4,795.0
2020-05-21,belarus,,53.7098,27.9534,33371,185,12057.0,945,6,642.0
2020-05-22,belarus,,53.7098,27.9534,34303,190,12833.0,932,5,776.0
2020-05-23,belarus,,53.7098,27.9534,35244,194,13528.0,941,4,695.0
2020-05-24,belarus,,53.7098,27.9534,36198,199,14155.0,954,5,627.0
2020-05-25,belarus,,53.7098,27.9534,37144,204,14449.0,946,5,294.0
2020-05-26,belarus,,53.7098,27.9534,38059,208,15086.0,915,4,637.0
2020-05-27,belarus,,53.7098,27.9534,38956,214,15923.0,897,6,837.0
2020-05-28,belarus,,53.7098,27.9534,39858,219,16660.0,902,5,737.0
2020-05-29,belarus,,53.7098,27.9534,40764,224,17390.0,906,5,730.0
2020-05-30,belarus,,53.7098,27.9534,41658,229,17964.0,894,5,574.0
2020-05-31,belarus,,53.7098,27.9534,42556,235,18514.0,898,6,550.0
2020-06-01,belarus,,53.7098,27.9534,43403,240,18776.0,847,5,262.0
2020-06-02,belarus,,53.7098,27.9534,44255,243,19195.0,852,3,419.0
2020-06-03,belarus,,53.7098,27.9534,45116,248,20171.0,861,5,976.0
2020-06-04,belarus,,53.7098,27.9534,45981,253,21162.0,865,5,991.0
2020-06-05,belarus,,53.7098,27.9534,46868,259,22066.0,887,6,904.0
2020-06-06,belarus,,53.7098,27.9534,47751,263,23015.0,883,4,949.0
2020-06-07,belarus,,53.7098,27.9534,48630,269,23647.0,879,6,632.0
2020-06-08,belarus,,53.7098,27.9534,49453,276,23880.0,823,7,233.0
2020-06-09,belarus,,53.7098,27.9534,50265,282,24506.0,812,6,626.0
2020-06-10,belarus,,53.7098,27.9534,51066,288,25667.0,801,6,1161.0
2020-06-11,belarus,,53.7098,27.9534,51816,293,26643.0,750,5,976.0
2020-06-12,belarus,,53.7098,27.9534,52520,298,27760.0,704,5,1117.0
2020-06-13,belarus,,53.7098,27.9534,53241,303,29111.0,721,5,1351.0
2020-06-14,belarus,,53.7098,27.9534,53973,308,30103.0,732,5,992.0
2020-06-15,belarus,,53.7098,27.9534,54680,312,30420.0,707,4,317.0
2020-06-16,belarus,,53.7098,27.9534,55369,318,31273.0,689,6,853.0
2020-06-17,belarus,,53.7098,27.9534,56032,324,32735.0,663,6,1462.0
2020-06-18,belarus,,53.7098,27.9534,56657,331,34023.0,625,7,1288.0
2020-06-19,belarus,,53.7098,27.9534,57333,337,35275.0,676,6,1252.0
2020-06-20,belarus,,53.7098,27.9534,57936,343,36749.0,603,6,1474.0
2020-06-21,belarus,,53.7098,27.9534,58505,346,37666.0,569,3,917.0
2020-06-22,belarus,,53.7098,27.9534,59023,351,37923.0,518,5,257.0
2020-06-23,belarus,,53.7098,27.9534,59487,357,38688.0,464,6,765.0
2020-06-24,belarus,,53.7098,27.9534,59945,362,40136.0,458,5,1448.0
2020-06-25,belarus,,53.7098,27.9534,60382,367,41448.0,437,5,1312.0
2020-06-26,belarus,,53.7098,27.9534,60713,373,42689.0,331,6,1241.0
2020-06-27,belarus,,53.7098,27.9534,61095,377,44126.0,382,4,1437.0
2020-06-28,belarus,,53.7098,27.9534,61475,383,45027.0,380,6,901.0
2020-06-29,belarus,,53.7098,27.9534,61790,387,45213.0,315,4,186.0
2020-06-30,belarus,,53.7098,27.9534,62118,392,46054.0,328,5,841.0
2020-07-01,belarus,,53.7098,27.9534,62424,398,47553.0,306,6,1499.0
2020-07-02,belarus,,53.7098,27.9534,62698,405,48738.0,274,7,1185.0
2020-07-03,belarus,,53.7098,27.9534,62997,412,49909.0,299,7,1171.0
2020-07-04,belarus,,53.7098,27.9534,63270,418,50669.0,273,6,760.0
2020-07-05,belarus,,53.7098,27.9534,63554,423,50871.0,284,5,202.0
2020-07-06,belarus,,53.7098,27.9534,63804,429,51120.0,250,6,249.0
2020-07-07,belarus,,53.7098,27.9534,64003,436,51902.0,199,7,782.0
2020-07-08,belarus,,53.7098,27.9534,64224,443,52854.0,221,7,952.0
2020-07-09,belarus,,53.7098,27.9534,64411,449,53609.0,187,6,755.0
2020-07-10,belarus,,53.7098,27.9534,64604,454,54254.0,193,5,645.0
2020-07-11,belarus,,53.7098,27.9534,64767,459,54919.0,163,5,665.0
2020-07-12,belarus,,53.7098,27.9534,64932,464,55380.0,165,5,461.0
2020-07-13,belarus,,53.7098,27.9534,65114,468,55492.0,182,4,112.0
2020-07-14,belarus,,53.7098,27.9534,65269,474,55799.0,155,6,307.0
2020-07-15,belarus,,53.7098,27.9534,65443,480,56379.0,174,6,580.0
2020-07-16,belarus,,53.7098,27.9534,65623,485,56915.0,180,5,536.0
2020-07-17,belarus,,53.7098,27.9534,65782,491,57370.0,159,6,455.0
2020-07-18,belarus,,53.7098,27.9534,65953,495,57856.0,171,4,486.0
2020-07-19,belarus,,53.7098,27.9534,66095,499,58204.0,142,4,348.0
2020-07-20,belarus,,53.7098,27.9534,66213,503,58290.0,118,4,86.0
2020-07-21,belarus,,53.7098,27.9534,66348,507,58592.0,135,4,302.0
2020-07-22,belarus,,53.7098,27.9534,66521,513,59061.0,173,6,469.0
2020-07-23,belarus,,53.7098,27.9534,66688,519,59439.0,167,6,378.0
2020-07-24,belarus,,53.7098,27.9534,66846,524,59755.0,158,5,316.0
2020-07-25,belarus,,53.7098,27.9534,67002,530,60092.0,156,6,337.0
2020-07-26,belarus,,53.7098,27.9534,67132,534,60425.0,130,4,333.0
2020-07-27,belarus,,53.7098,27.9534,67251,538,60492.0,119,4,67.0
2020-07-28,belarus,,53.7098,27.9534,67366,543,60669.0,115,5,177.0
2020-07-29,belarus,,53.7098,27.9534,67518,548,61442.0,152,5,773.0
2020-07-30,belarus,,53.7098,27.9534,67665,553,61765.0,147,5,323.0
2020-07-31,belarus,,53.7098,27.9534,67808,559,62444.0,143,6,679.0
