date,country,state,lat,long,confirmed,deaths,recovered,confirmed_new,deaths_new,recovered_new
2020-01-22,bulgaria,,42.7339,25.4858,0,0,0.0,0,0,0.0
2020-01-23,bulgaria,,42.7339,25.4858,0,0,0.0,0,0,0.0
2020-01-24,bulgaria,,42.7339,25.4858,0,0,0.0,0,0,0.0
2020-01-25,bulgaria,,42.7339,25.4858,0,0,0.0,0,0,0.0
2020-01-26,bulgaria,,42.7339,25.4858,0,0,0.0,0,0,0.0
2020-01-27,bulgaria,,42.7339,25.4858,0,0,0.0,0,0,0.0
2020-01-28,bulgaria,,42.7339,25.4858,0,0,0.0,0,0,0.0
2020-01-29,bulgaria,,42.7339,25.4858,0,0,0.0,0,0,0.0
2020-01-30,bulgaria,,42.7339,25.4858,0,0,0.0,0,0,0.0
2020-01-31,bulgaria,,42.7339,25.4858,0,0,0.0,0,0,0.0
2020-02-01,bulgaria,,42.7339,25.4858,0,0,0.0,0,0,0.0
2020-02-02,bulgaria,,42.7339,25.4858,0,0,0.0,0,0,0.0
2020-02-03,bulgaria,,42.7339,25.4858,0,0,0.0,0,0,0.0
2020-02-04,bulgaria,,42.7339,25.4858,0,0,0.0,0,0,0.0
2020-02-05,bulgaria,,42.7339,25.4858,0,0,0.0,0,0,0.0
2020-02-06,bulgaria,,42.7339,25.4858,0,0,0.0,0,0,0.0
2020-02-07,bulgaria,,42.7339,25.4858,0,0,0.0,0,0,0.0
2020-02-08,bulgaria,,42.7339,25.4858,0,0,0.0,0,0,0.0
2020-02-09,bulgaria,,42.7339,25.4858,0,0,0.0,0,0,0.0
2020-02-10,bulgaria,,42.7339,25.4858,0,0,0.0,0,0,0.0
2020-02-11,bulgaria,,42.7339,25.4858,0,0,0.0,0,0,0.0
2020-02-12,bulgaria,,42.7339,25.4858,0,0,0.0,0,0,0.0
2020-02-13,bulgaria,,42.7339,25.4858,0,0,0.0,0,0,0.0
2020-02-14,bulgaria,,42.7339,25.4858,0,0,0.0,0,0,0.0
2020-02-15,bulgaria,,42.7339,25.4858,0,0,0.0,0,0,0.0
2020-02-16,bulgaria,,42.7339,25.4858,0,0,0.0,0,0,0.0
2020-02-17,bulgaria,,42.7339,25.4858,0,0,0.0,0,0,0.0
2020-02-18,bulgaria,,42.7339,25.4858,0,0,0.0,0,0,0.0
2020-02-19,bulgaria,,42.7339,25.4858,0,0,0.0,0,0,0.0
2020-02-20,bulgaria,,42.7339,25.4858,0,0,0.0,0,0,0.0
2020-02-21,bulgaria,,42.7339,25.4858,0,0,0.0,0,0,0.0
2020-02-22,bulgaria,,42.7339,25.4858,0,0,0.0,0,0,0.0
2020-02-23,bulgaria,,42.7339,25.4858,0,0,0.0,0,0,0.0
2020-02-24,bulgaria,,42.7339,25.4858,0,0,0.0,0,0,0.0
2020-02-25,bulgaria,,42.7339,25.4858,0,0,0.0,0,0,0.0
2020-02-26,bulgaria,,42.7339,25.4858,0,0,0.0,0,0,0.0
2020-02-27,bulgaria,,42.7339,25.4858,0,0,0.0,0,0,0.0
2020-02-28,bulgaria,,42.7339,25.4858,0,0,0.0,0,0,0.0
2020-02-29,bulgaria,,42.7339,25.4858,0,0,0.0,0,0,0.0
2020-03-01,bulgaria,,42.7339,25.4858,0,0,0.0,0,0,0.0
2020-03-02,bulgaria,,42.7339,25.4858,0,0,0.0,0,0,0.0
2020-03-03,bulgaria,,42.7339,25.4858,0,0,0.0,0,0,0.0
2020-03-04,bulgaria,,42.7339,25.4858,0,0,0.0,0,0,0.0
2020-03-05,bulgaria,,42.7339,25.4858,0,0,0.0,0,0,0.0
2020-03-06,bulgaria,,42.7339,25.4858,0,0,0.0,0,0,0.0
2020-03-07,bulgaria,,42.7339,25.4858,0,0,0.0,0,0,0.0
2020-03-08,bulgaria,,42.7339,25.4858,4,0,0.0,4,0,0.0
2020-03-09,bulgaria,,42.7339,25.4858,4,0,0.0,0,0,0.0
2020-03-10,bulgaria,,42.7339,25.4858,4,0,0.0,0,0,0.0
2020-03-11,bulgaria,,42.7339,25.4858,7,1,0.0,3,1,0.0
2020-03-12,bulgaria,,42.7339,25.4858,7,1,0.0,0,0,0.0
2020-03-13,bulgaria,,42.7339,25.4858,23,1,0.0,16,0,0.0
2020-03-14,bulgaria,,42.7339,25.4858,41,2,0.0,18,1,0.0
2020-03-15,bulgaria,,42.7339,25.4858,51,2,0.0,10,0,0.0
2020-03-16,bulgaria,,42.7339,25.4858,52,2,0.0,1,0,0.0
2020-03-17,bulgaria,,42.7339,25.4858,67,2,0.0,15,0,0.0
2020-03-18,bulgaria,,42.7339,25.4858,92,2,0.0,25,0,0.0
2020-03-19,bulgaria,,42.7339,25.4858,94,3,0.0,2,1,0.0
2020-03-20,bulgaria,,42.7339,25.4858,127,3,0.0,33,0,0.0
2020-03-21,bulgaria,,42.7339,25.4858,163,3,3.0,36,0,3.0
2020-03-22,bulgaria,,42.7339,25.4858,187,3,3.0,24,0,0.0
2020-03-23,bulgaria,,42.7339,25.4858,201,3,3.0,14,0,0.0
2020-03-24,bulgaria,,42.7339,25.4858,218,3,3.0,17,0,0.0
2020-03-25,bulgaria,,42.7339,25.4858,242,3,4.0,24,0,1.0
2020-03-26,bulgaria,,42.7339,25.4858,264,3,8.0,22,0,4.0
2020-03-27,bulgaria,,42.7339,25.4858,293,3,9.0,29,0,1.0
2020-03-28,bulgaria,,42.7339,25.4858,331,7,11.0,38,4,2.0
2020-03-29,bulgaria,,42.7339,25.4858,346,8,14.0,15,1,3.0
2020-03-30,bulgaria,,42.7339,25.4858,359,8,17.0,13,0,3.0
2020-03-31,bulgaria,,42.7339,25.4858,399,8,17.0,40,0,0.0
2020-04-01,bulgaria,,42.7339,25.4858,422,10,20.0,23,2,3.0
2020-04-02,bulgaria,,42.7339,25.4858,457,10,25.0,35,0,5.0
2020-04-03,bulgaria,,42.7339,25.4858,485,14,30.0,28,4,5.0
2020-04-04,bulgaria,,42.7339,25.4858,503,17,34.0,18,3,4.0
2020-04-05,bulgaria,,42.7339,25.4858,531,20,37.0,28,3,3.0
2020-04-06,bulgaria,,42.7339,25.4858,549,22,39.0,18,2,2.0
2020-04-07,bulgaria,,42.7339,25.4858,577,23,42.0,28,1,3.0
2020-04-08,bulgaria,,42.7339,25.4858,593,24,42.0,16,1,0.0
2020-04-09,bulgaria,,42.7339,25.4858,618,24,48.0,25,0,6.0
2020-04-10,bulgaria,,42.7339,25.4858,635,25,54.0,17,1,6.0
2020-04-11,bulgaria,,42.7339,25.4858,661,28,62.0,26,3,8.0
2020-04-12,bulgaria,,42.7339,25.4858,675,29,68.0,14,1,6.0
2020-04-13,bulgaria,,42.7339,25.4858,685,32,71.0,10,3,3.0
2020-04-14,bulgaria,,42.7339,25.4858,713,35,81.0,28,3,10.0
2020-04-15,bulgaria,,42.7339,25.4858,747,36,105.0,34,1,24.0
2020-04-16,bulgaria,,42.7339,25.4858,800,38,122.0,53,2,17.0
2020-04-17,bulgaria,,42.7339,25.4858,846,41,141.0,46,3,19.0
2020-04-18,bulgaria,,42.7339,25.4858,878,41,153.0,32,0,12.0
2020-04-19,bulgaria,,42.7339,25.4858,894,42,161.0,16,1,8.0
2020-04-20,bulgaria,,42.7339,25.4858,929,43,167.0,35,1,6.0
2020-04-21,bulgaria,,42.7339,25.4858,975,45,170.0,46,2,3.0
2020-04-22,bulgaria,,42.7339,25.4858,1024,49,174.0,49,4,4.0
2020-04-23,bulgaria,,42.7339,25.4858,1097,52,190.0,73,3,16.0
2020-04-24,bulgaria,,42.7339,25.4858,1234,54,197.0,137,2,7.0
2020-04-25,bulgaria,,42.7339,25.4858,1247,55,197.0,13,1,0.0
2020-04-26,bulgaria,,42.7339,25.4858,1300,56,205.0,53,1,8.0
2020-04-27,bulgaria,,42.7339,25.4858,1363,58,206.0,63,2,1.0
2020-04-28,bulgaria,,42.7339,25.4858,1399,58,222.0,36,0,16.0
2020-04-29,bulgaria,,42.7339,25.4858,1447,64,243.0,48,6,21.0
2020-04-30,bulgaria,,42.7339,25.4858,1506,66,266.0,59,2,23.0
2020-05-01,bulgaria,,42.7339,25.4858,1555,68,276.0,49,2,10.0
2020-05-02,bulgaria,,42.7339,25.4858,1594,72,287.0,39,4,11.0
2020-05-03,bulgaria,,42.7339,25.4858,1618,73,308.0,24,1,21.0
2020-05-04,bulgaria,,42.7339,25.4858,1652,78,321.0,34,5,13.0
2020-05-05,bulgaria,,42.7339,25.4858,1704,80,342.0,52,2,21.0
2020-05-06,bulgaria,,42.7339,25.4858,1778,84,360.0,74,4,18.0
2020-05-07,bulgaria,,42.7339,25.4858,1829,84,384.0,51,0,24.0
2020-05-08,bulgaria,,42.7339,25.4858,1872,86,401.0,43,2,17.0
2020-05-09,bulgaria,,42.7339,25.4858,1921,90,422.0,49,4,21.0
2020-05-10,bulgaria,,42.7339,25.4858,1965,91,444.0,44,1,22.0
2020-05-11,bulgaria,,42.7339,25.4858,1990,93,461.0,25,2,17.0
2020-05-12,bulgaria,,42.7339,25.4858,2023,95,476.0,33,2,15.0
2020-05-13,bulgaria,,42.7339,25.4858,2069,96,499.0,46,1,23.0
2020-05-14,bulgaria,,42.7339,25.4858,2100,99,531.0,31,3,32.0
2020-05-15,bulgaria,,42.7339,25.4858,2138,102,545.0,38,3,14.0
2020-05-16,bulgaria,,42.7339,25.4858,2175,105,573.0,37,3,28.0
2020-05-17,bulgaria,,42.7339,25.4858,2211,108,598.0,36,3,25.0
2020-05-18,bulgaria,,42.7339,25.4858,2235,110,612.0,24,2,14.0
2020-05-19,bulgaria,,42.7339,25.4858,2259,112,646.0,24,2,34.0
2020-05-20,bulgaria,,42.7339,25.4858,2292,116,684.0,33,4,38.0
2020-05-21,bulgaria,,42.7339,25.4858,2331,120,727.0,39,4,43.0
2020-05-22,bulgaria,,42.7339,25.4858,2372,125,769.0,41,5,42.0
2020-05-23,bulgaria,,42.7339,25.4858,2408,126,808.0,36,1,39.0
2020-05-24,bulgaria,,42.7339,25.4858,2427,130,840.0,19,4,32.0
2020-05-25,bulgaria,,42.7339,25.4858,2433,130,862.0,6,0,22.0
2020-05-26,bulgaria,,42.7339,25.4858,2443,130,880.0,10,0,18.0
2020-05-27,bulgaria,,42.7339,25.4858,2460,133,912.0,17,3,32.0
2020-05-28,bulgaria,,42.7339,25.4858,2477,134,965.0,17,1,53.0
2020-05-29,bulgaria,,42.7339,25.4858,2485,136,1016.0,8,2,51.0
2020-05-30,bulgaria,,42.7339,25.4858,2499,139,1064.0,14,3,48.0
2020-05-31,bulgaria,,42.7339,25.4858,2513,140,1074.0,14,1,10.0
2020-06-01,bulgaria,,42.7339,25.4858,2519,140,1090.0,6,0,16.0
2020-06-02,bulgaria,,42.7339,25.4858,2538,144,1123.0,19,4,33.0
2020-06-03,bulgaria,,42.7339,25.4858,2560,146,1206.0,22,2,83.0
2020-06-04,bulgaria,,42.7339,25.4858,2585,147,1322.0,25,1,116.0
2020-06-05,bulgaria,,42.7339,25.4858,2627,159,1390.0,42,12,68.0
2020-06-06,bulgaria,,42.7339,25.4858,2711,160,1545.0,84,1,155.0
2020-06-07,bulgaria,,42.7339,25.4858,2727,160,1548.0,16,0,3.0
2020-06-08,bulgaria,,42.7339,25.4858,2810,164,1587.0,83,4,39.0
2020-06-09,bulgaria,,42.7339,25.4858,2889,167,1623.0,79,3,36.0
2020-06-10,bulgaria,,42.7339,25.4858,2993,167,1664.0,104,0,41.0
2020-06-11,bulgaria,,42.7339,25.4858,3086,168,1688.0,93,1,24.0
2020-06-12,bulgaria,,42.7339,25.4858,3191,172,1716.0,105,4,28.0
2020-06-13,bulgaria,,42.7339,25.4858,3266,172,1723.0,75,0,7.0
2020-06-14,bulgaria,,42.7339,25.4858,3290,174,1730.0,24,2,7.0
2020-06-15,bulgaria,,42.7339,25.4858,3341,176,1784.0,51,2,54.0
2020-06-16,bulgaria,,42.7339,25.4858,3453,181,1817.0,112,5,33.0
2020-06-17,bulgaria,,42.7339,25.4858,3542,184,1880.0,89,3,63.0
2020-06-18,bulgaria,,42.7339,25.4858,3674,190,1941.0,132,6,61.0
2020-06-19,bulgaria,,42.7339,25.4858,3755,193,2008.0,81,3,67.0
2020-06-20,bulgaria,,42.7339,25.4858,3872,199,2027.0,117,6,19.0
2020-06-21,bulgaria,,42.7339,25.4858,3905,199,2074.0,33,0,47.0
2020-06-22,bulgaria,,42.7339,25.4858,3984,207,2171.0,79,8,97.0
2020-06-23,bulgaria,,42.7339,25.4858,4114,208,2217.0,130,1,46.0
2020-06-24,bulgaria,,42.7339,25.4858,4242,209,2263.0,128,1,46.0
2020-06-25,bulgaria,,42.7339,25.4858,4408,211,2370.0,166,2,107.0
2020-06-26,bulgaria,,42.7339,25.4858,4513,215,2457.0,105,4,87.0
2020-06-27,bulgaria,,42.7339,25.4858,4625,216,2475.0,112,1,18.0
2020-06-28,bulgaria,,42.7339,25.4858,4691,219,2508.0,66,3,33.0
2020-06-29,bulgaria,,42.7339,25.4858,4831,223,2582.0,140,4,74.0
2020-06-30,bulgaria,,42.7339,25.4858,4989,230,2676.0,158,7,94.0
2020-07-01,bulgaria,,42.7339,25.4858,5154,232,2722.0,165,2,46.0
2020-07-02,bulgaria,,42.7339,25.4858,5315,232,2802.0,161,0,80.0
2020-07-03,bulgaria,,42.7339,25.4858,5497,239,2892.0,182,7,90.0
2020-07-04,bulgaria,,42.7339,25.4858,5677,241,2898.0,180,2,6.0
2020-07-05,bulgaria,,42.7339,25.4858,5740,246,2915.0,63,5,17.0
2020-07-06,bulgaria,,42.7339,25.4858,5914,250,3000.0,174,4,85.0
2020-07-07,bulgaria,,42.7339,25.4858,6102,254,3037.0,188,4,37.0
2020-07-08,bulgaria,,42.7339,25.4858,6342,259,3166.0,240,5,129.0
2020-07-09,bulgaria,,42.7339,25.4858,6672,262,3229.0,330,3,63.0
2020-07-10,bulgaria,,42.7339,25.4858,6964,267,3308.0,292,5,79.0
2020-07-11,bulgaria,,42.7339,25.4858,7175,267,3311.0,211,0,3.0
2020-07-12,bulgaria,,42.7339,25.4858,7252,268,3319.0,77,1,8.0
2020-07-13,bulgaria,,42.7339,25.4858,7411,276,3517.0,159,8,198.0
2020-07-14,bulgaria,,42.7339,25.4858,7645,283,3663.0,234,7,146.0
2020-07-15,bulgaria,,42.7339,25.4858,7877,289,3841.0,232,6,178.0
2020-07-16,bulgaria,,42.7339,25.4858,8144,293,3927.0,267,4,86.0
2020-07-17,bulgaria,,42.7339,25.4858,8442,297,4033.0,298,4,106.0
2020-07-18,bulgaria,,42.7339,25.4858,8638,299,4081.0,196,2,48.0
2020-07-19,bulgaria,,42.7339,25.4858,8733,300,4106.0,95,1,25.0
2020-07-20,bulgaria,,42.7339,25.4858,8929,308,4205.0,196,8,99.0
2020-07-21,bulgaria,,42.7339,25.4858,9254,313,4521.0,325,5,316.0
2020-07-22,bulgaria,,42.7339,25.4858,9584,321,4643.0,330,8,122.0
2020-07-23,bulgaria,,42.7339,25.4858,9853,329,5031.0,269,8,388.0
2020-07-24,bulgaria,,42.7339,25.4858,10123,337,5252.0,270,8,221.0
2020-07-25,bulgaria,,42.7339,25.4858,10312,338,5306.0,189,1,54.0
2020-07-26,bulgaria,,42.7339,25.4858,10427,340,5355.0,115,2,49.0
2020-07-27,bulgaria,,42.7339,25.4858,10621,347,5585.0,194,7,230.0
2020-07-28,bulgaria,,42.7339,25.4858,10871,355,5766.0,250,8,181.0
2020-07-29,bulgaria,,42.7339,25.4858,11155,368,5971.0,284,13,205.0
2020-07-30,bulgaria,,42.7339,25.4858,11420,374,6173.0,265,6,202.0
2020-07-31,bulgaria,,42.7339,25.4858,11690,383,6319.0,270,9,146.0
