date,country,state,lat,long,confirmed,deaths,recovered,confirmed_new,deaths_new,recovered_new
2020-01-22,cabo-verde,,16.5388,-23.0418,0,0,0.0,0,0,0.0
2020-01-23,cabo-verde,,16.5388,-23.0418,0,0,0.0,0,0,0.0
2020-01-24,cabo-verde,,16.5388,-23.0418,0,0,0.0,0,0,0.0
2020-01-25,cabo-verde,,16.5388,-23.0418,0,0,0.0,0,0,0.0
2020-01-26,cabo-verde,,16.5388,-23.0418,0,0,0.0,0,0,0.0
2020-01-27,cabo-verde,,16.5388,-23.0418,0,0,0.0,0,0,0.0
2020-01-28,cabo-verde,,16.5388,-23.0418,0,0,0.0,0,0,0.0
2020-01-29,cabo-verde,,16.5388,-23.0418,0,0,0.0,0,0,0.0
2020-01-30,cabo-verde,,16.5388,-23.0418,0,0,0.0,0,0,0.0
2020-01-31,cabo-verde,,16.5388,-23.0418,0,0,0.0,0,0,0.0
2020-02-01,cabo-verde,,16.5388,-23.0418,0,0,0.0,0,0,0.0
2020-02-02,cabo-verde,,16.5388,-23.0418,0,0,0.0,0,0,0.0
2020-02-03,cabo-verde,,16.5388,-23.0418,0,0,0.0,0,0,0.0
2020-02-04,cabo-verde,,16.5388,-23.0418,0,0,0.0,0,0,0.0
2020-02-05,cabo-verde,,16.5388,-23.0418,0,0,0.0,0,0,0.0
2020-02-06,cabo-verde,,16.5388,-23.0418,0,0,0.0,0,0,0.0
2020-02-07,cabo-verde,,16.5388,-23.0418,0,0,0.0,0,0,0.0
2020-02-08,cabo-verde,,16.5388,-23.0418,0,0,0.0,0,0,0.0
2020-02-09,cabo-verde,,16.5388,-23.0418,0,0,0.0,0,0,0.0
2020-02-10,cabo-verde,,16.5388,-23.0418,0,0,0.0,0,0,0.0
2020-02-11,cabo-verde,,16.5388,-23.0418,0,0,0.0,0,0,0.0
2020-02-12,cabo-verde,,16.5388,-23.0418,0,0,0.0,0,0,0.0
2020-02-13,cabo-verde,,16.5388,-23.0418,0,0,0.0,0,0,0.0
2020-02-14,cabo-verde,,16.5388,-23.0418,0,0,0.0,0,0,0.0
2020-02-15,cabo-verde,,16.5388,-23.0418,0,0,0.0,0,0,0.0
2020-02-16,cabo-verde,,16.5388,-23.0418,0,0,0.0,0,0,0.0
2020-02-17,cabo-verde,,16.5388,-23.0418,0,0,0.0,0,0,0.0
2020-02-18,cabo-verde,,16.5388,-23.0418,0,0,0.0,0,0,0.0
2020-02-19,cabo-verde,,16.5388,-23.0418,0,0,0.0,0,0,0.0
2020-02-20,cabo-verde,,16.5388,-23.0418,0,0,0.0,0,0,0.0
2020-02-21,cabo-verde,,16.5388,-23.0418,0,0,0.0,0,0,0.0
2020-02-22,cabo-verde,,16.5388,-23.0418,0,0,0.0,0,0,0.0
2020-02-23,cabo-verde,,16.5388,-23.0418,0,0,0.0,0,0,0.0
2020-02-24,cabo-verde,,16.5388,-23.0418,0,0,0.0,0,0,0.0
2020-02-25,cabo-verde,,16.5388,-23.0418,0,0,0.0,0,0,0.0
2020-02-26,cabo-verde,,16.5388,-23.0418,0,0,0.0,0,0,0.0
2020-02-27,cabo-verde,,16.5388,-23.0418,0,0,0.0,0,0,0.0
2020-02-28,cabo-verde,,16.5388,-23.0418,0,0,0.0,0,0,0.0
2020-02-29,cabo-verde,,16.5388,-23.0418,0,0,0.0,0,0,0.0
2020-03-01,cabo-verde,,16.5388,-23.0418,0,0,0.0,0,0,0.0
2020-03-02,cabo-verde,,16.5388,-23.0418,0,0,0.0,0,0,0.0
2020-03-03,cabo-verde,,16.5388,-23.0418,0,0,0.0,0,0,0.0
2020-03-04,cabo-verde,,16.5388,-23.0418,0,0,0.0,0,0,0.0
2020-03-05,cabo-verde,,16.5388,-23.0418,0,0,0.0,0,0,0.0
2020-03-06,cabo-verde,,16.5388,-23.0418,0,0,0.0,0,0,0.0
2020-03-07,cabo-verde,,16.5388,-23.0418,0,0,0.0,0,0,0.0
2020-03-08,cabo-verde,,16.5388,-23.0418,0,0,0.0,0,0,0.0
2020-03-09,cabo-verde,,16.5388,-23.0418,0,0,0.0,0,0,0.0
2020-03-10,cabo-verde,,16.5388,-23.0418,0,0,0.0,0,0,0.0
2020-03-11,cabo-verde,,16.5388,-23.0418,0,0,0.0,0,0,0.0
2020-03-12,cabo-verde,,16.5388,-23.0418,0,0,0.0,0,0,0.0
2020-03-13,cabo-verde,,16.5388,-23.0418,0,0,0.0,0,0,0.0
2020-03-14,cabo-verde,,16.5388,-23.0418,0,0,0.0,0,0,0.0
2020-03-15,cabo-verde,,16.5388,-23.0418,0,0,0.0,0,0,0.0
2020-03-16,cabo-verde,,16.5388,-23.0418,0,0,0.0,0,0,0.0
2020-03-17,cabo-verde,,16.5388,-23.0418,0,0,0.0,0,0,0.0
2020-03-18,cabo-verde,,16.5388,-23.0418,0,0,0.0,0,0,0.0
2020-03-19,cabo-verde,,16.5388,-23.0418,0,0,0.0,0,0,0.0
2020-03-20,cabo-verde,,16.5388,-23.0418,1,0,0.0,1,0,0.0
2020-03-21,cabo-verde,,16.5388,-23.0418,3,0,0.0,2,0,0.0
2020-03-22,cabo-verde,,16.5388,-23.0418,3,0,0.0,0,0,0.0
2020-03-23,cabo-verde,,16.5388,-23.0418,3,0,0.0,0,0,0.0
2020-03-24,cabo-verde,,16.5388,-23.0418,3,1,0.0,0,1,0.0
2020-03-25,cabo-verde,,16.5388,-23.0418,4,1,0.0,1,0,0.0
2020-03-26,cabo-verde,,16.5388,-23.0418,4,1,0.0,0,0,0.0
2020-03-27,cabo-verde,,16.5388,-23.0418,5,1,0.0,1,0,0.0
2020-03-28,cabo-verde,,16.5388,-23.0418,5,1,0.0,0,0,0.0
2020-03-29,cabo-verde,,16.5388,-23.0418,6,1,0.0,1,0,0.0
2020-03-30,cabo-verde,,16.5388,-23.0418,6,1,0.0,0,0,0.0
2020-03-31,cabo-verde,,16.5388,-23.0418,6,1,0.0,0,0,0.0
2020-04-01,cabo-verde,,16.5388,-23.0418,6,1,0.0,0,0,0.0
2020-04-02,cabo-verde,,16.5388,-23.0418,6,1,0.0,0,0,0.0
2020-04-03,cabo-verde,,16.5388,-23.0418,6,1,0.0,0,0,0.0
2020-04-04,cabo-verde,,16.5388,-23.0418,7,1,0.0,1,0,0.0
2020-04-05,cabo-verde,,16.5388,-23.0418,7,1,0.0,0,0,0.0
2020-04-06,cabo-verde,,16.5388,-23.0418,7,1,1.0,0,0,1.0
2020-04-07,cabo-verde,,16.5388,-23.0418,7,1,1.0,0,0,0.0
2020-04-08,cabo-verde,,16.5388,-23.0418,7,1,1.0,0,0,0.0
2020-04-09,cabo-verde,,16.5388,-23.0418,7,1,1.0,0,0,0.0
2020-04-10,cabo-verde,,16.5388,-23.0418,7,1,1.0,0,0,0.0
2020-04-11,cabo-verde,,16.5388,-23.0418,8,1,1.0,1,0,0.0
2020-04-12,cabo-verde,,16.5388,-23.0418,8,1,1.0,0,0,0.0
2020-04-13,cabo-verde,,16.5388,-23.0418,10,1,1.0,2,0,0.0
2020-04-14,cabo-verde,,16.5388,-23.0418,11,1,1.0,1,0,0.0
2020-04-15,cabo-verde,,16.5388,-23.0418,56,1,1.0,45,0,0.0
2020-04-16,cabo-verde,,16.5388,-23.0418,56,1,1.0,0,0,0.0
2020-04-17,cabo-verde,,16.5388,-23.0418,56,1,1.0,0,0,0.0
2020-04-18,cabo-verde,,16.5388,-23.0418,58,1,1.0,2,0,0.0
2020-04-19,cabo-verde,,16.5388,-23.0418,61,1,1.0,3,0,0.0
2020-04-20,cabo-verde,,16.5388,-23.0418,67,1,1.0,6,0,0.0
2020-04-21,cabo-verde,,16.5388,-23.0418,68,1,1.0,1,0,0.0
2020-04-22,cabo-verde,,16.5388,-23.0418,73,1,1.0,5,0,0.0
2020-04-23,cabo-verde,,16.5388,-23.0418,82,1,1.0,9,0,0.0
2020-04-24,cabo-verde,,16.5388,-23.0418,88,1,1.0,6,0,0.0
2020-04-25,cabo-verde,,16.5388,-23.0418,90,1,1.0,2,0,0.0
2020-04-26,cabo-verde,,16.5388,-23.0418,106,1,1.0,16,0,0.0
2020-04-27,cabo-verde,,16.5388,-23.0418,109,1,1.0,3,0,0.0
2020-04-28,cabo-verde,,16.5388,-23.0418,114,1,2.0,5,0,1.0
2020-04-29,cabo-verde,,16.5388,-23.0418,114,1,2.0,0,0,0.0
2020-04-30,cabo-verde,,16.5388,-23.0418,121,1,4.0,7,0,2.0
2020-05-01,cabo-verde,,16.5388,-23.0418,122,1,18.0,1,0,14.0
2020-05-02,cabo-verde,,16.5388,-23.0418,152,2,18.0,30,1,0.0
2020-05-03,cabo-verde,,16.5388,-23.0418,165,2,33.0,13,0,15.0
2020-05-04,cabo-verde,,16.5388,-23.0418,175,2,37.0,10,0,4.0
2020-05-05,cabo-verde,,16.5388,-23.0418,186,2,37.0,11,0,0.0
2020-05-06,cabo-verde,,16.5388,-23.0418,191,2,38.0,5,0,1.0
2020-05-07,cabo-verde,,16.5388,-23.0418,218,2,38.0,27,0,0.0
2020-05-08,cabo-verde,,16.5388,-23.0418,230,2,44.0,12,0,6.0
2020-05-09,cabo-verde,,16.5388,-23.0418,236,2,56.0,6,0,12.0
2020-05-10,cabo-verde,,16.5388,-23.0418,246,2,56.0,10,0,0.0
2020-05-11,cabo-verde,,16.5388,-23.0418,260,2,58.0,14,0,2.0
2020-05-12,cabo-verde,,16.5388,-23.0418,267,2,58.0,7,0,0.0
2020-05-13,cabo-verde,,16.5388,-23.0418,289,2,61.0,22,0,3.0
2020-05-14,cabo-verde,,16.5388,-23.0418,315,2,67.0,26,0,6.0
2020-05-15,cabo-verde,,16.5388,-23.0418,326,2,67.0,11,0,0.0
2020-05-16,cabo-verde,,16.5388,-23.0418,328,3,84.0,2,1,17.0
2020-05-17,cabo-verde,,16.5388,-23.0418,328,3,84.0,0,0,0.0
2020-05-18,cabo-verde,,16.5388,-23.0418,328,3,85.0,0,0,1.0
2020-05-19,cabo-verde,,16.5388,-23.0418,335,3,85.0,7,0,0.0
2020-05-20,cabo-verde,,16.5388,-23.0418,349,3,85.0,14,0,0.0
2020-05-21,cabo-verde,,16.5388,-23.0418,356,3,95.0,7,0,10.0
2020-05-22,cabo-verde,,16.5388,-23.0418,362,3,95.0,6,0,0.0
2020-05-23,cabo-verde,,16.5388,-23.0418,371,3,142.0,9,0,47.0
2020-05-24,cabo-verde,,16.5388,-23.0418,380,3,155.0,9,0,13.0
2020-05-25,cabo-verde,,16.5388,-23.0418,390,3,155.0,10,0,0.0
2020-05-26,cabo-verde,,16.5388,-23.0418,390,4,155.0,0,1,0.0
2020-05-27,cabo-verde,,16.5388,-23.0418,390,4,155.0,0,0,0.0
2020-05-28,cabo-verde,,16.5388,-23.0418,390,4,155.0,0,0,0.0
2020-05-29,cabo-verde,,16.5388,-23.0418,405,4,155.0,15,0,0.0
2020-05-30,cabo-verde,,16.5388,-23.0418,421,4,167.0,16,0,12.0
2020-05-31,cabo-verde,,16.5388,-23.0418,435,4,193.0,14,0,26.0
2020-06-01,cabo-verde,,16.5388,-23.0418,458,4,193.0,23,0,0.0
2020-06-02,cabo-verde,,16.5388,-23.0418,466,5,237.0,8,1,44.0
2020-06-03,cabo-verde,,16.5388,-23.0418,477,5,238.0,11,0,1.0
2020-06-04,cabo-verde,,16.5388,-23.0418,502,5,239.0,25,0,1.0
2020-06-05,cabo-verde,,16.5388,-23.0418,536,5,239.0,34,0,0.0
2020-06-06,cabo-verde,,16.5388,-23.0418,542,5,240.0,6,0,1.0
2020-06-07,cabo-verde,,16.5388,-23.0418,554,5,240.0,12,0,0.0
2020-06-08,cabo-verde,,16.5388,-23.0418,567,5,266.0,13,0,26.0
2020-06-09,cabo-verde,,16.5388,-23.0418,585,5,270.0,18,0,4.0
2020-06-10,cabo-verde,,16.5388,-23.0418,615,5,294.0,30,0,24.0
2020-06-11,cabo-verde,,16.5388,-23.0418,657,6,294.0,42,1,0.0
2020-06-12,cabo-verde,,16.5388,-23.0418,697,6,294.0,40,0,0.0
2020-06-13,cabo-verde,,16.5388,-23.0418,726,6,294.0,29,0,0.0
2020-06-14,cabo-verde,,16.5388,-23.0418,750,6,301.0,24,0,7.0
2020-06-15,cabo-verde,,16.5388,-23.0418,760,7,340.0,10,1,39.0
2020-06-16,cabo-verde,,16.5388,-23.0418,781,7,354.0,21,0,14.0
2020-06-17,cabo-verde,,16.5388,-23.0418,792,7,377.0,11,0,23.0
2020-06-18,cabo-verde,,16.5388,-23.0418,823,7,377.0,31,0,0.0
2020-06-19,cabo-verde,,16.5388,-23.0418,848,8,377.0,25,1,0.0
2020-06-20,cabo-verde,,16.5388,-23.0418,863,8,377.0,15,0,0.0
2020-06-21,cabo-verde,,16.5388,-23.0418,890,8,413.0,27,0,36.0
2020-06-22,cabo-verde,,16.5388,-23.0418,944,8,419.0,54,0,6.0
2020-06-23,cabo-verde,,16.5388,-23.0418,982,8,426.0,38,0,7.0
2020-06-24,cabo-verde,,16.5388,-23.0418,999,8,479.0,17,0,53.0
2020-06-25,cabo-verde,,16.5388,-23.0418,1003,8,562.0,4,0,83.0
2020-06-26,cabo-verde,,16.5388,-23.0418,1027,10,568.0,24,2,6.0
2020-06-27,cabo-verde,,16.5388,-23.0418,1091,12,568.0,64,2,0.0
2020-06-28,cabo-verde,,16.5388,-23.0418,1155,12,570.0,64,0,2.0
2020-06-29,cabo-verde,,16.5388,-23.0418,1165,12,608.0,10,0,38.0
2020-06-30,cabo-verde,,16.5388,-23.0418,1227,15,629.0,62,3,21.0
2020-07-01,cabo-verde,,16.5388,-23.0418,1267,15,629.0,40,0,0.0
2020-07-02,cabo-verde,,16.5388,-23.0418,1301,15,629.0,34,0,0.0
2020-07-03,cabo-verde,,16.5388,-23.0418,1382,15,629.0,81,0,0.0
2020-07-04,cabo-verde,,16.5388,-23.0418,1421,16,654.0,39,1,25.0
2020-07-05,cabo-verde,,16.5388,-23.0418,1451,17,655.0,30,1,1.0
2020-07-06,cabo-verde,,16.5388,-23.0418,1463,17,722.0,12,0,67.0
2020-07-07,cabo-verde,,16.5388,-23.0418,1499,18,724.0,36,1,2.0
2020-07-08,cabo-verde,,16.5388,-23.0418,1542,18,730.0,43,0,6.0
2020-07-09,cabo-verde,,16.5388,-23.0418,1552,18,730.0,10,0,0.0
2020-07-10,cabo-verde,,16.5388,-23.0418,1591,19,730.0,39,1,0.0
2020-07-11,cabo-verde,,16.5388,-23.0418,1623,19,748.0,32,0,18.0
2020-07-12,cabo-verde,,16.5388,-23.0418,1623,19,748.0,0,0,0.0
2020-07-13,cabo-verde,,16.5388,-23.0418,1698,19,748.0,75,0,0.0
2020-07-14,cabo-verde,,16.5388,-23.0418,1722,19,772.0,24,0,24.0
2020-07-15,cabo-verde,,16.5388,-23.0418,1780,19,850.0,58,0,78.0
2020-07-16,cabo-verde,,16.5388,-23.0418,1894,19,902.0,114,0,52.0
2020-07-17,cabo-verde,,16.5388,-23.0418,1939,19,902.0,45,0,0.0
2020-07-18,cabo-verde,,16.5388,-23.0418,2014,21,913.0,75,2,11.0
2020-07-19,cabo-verde,,16.5388,-23.0418,2045,21,973.0,31,0,60.0
2020-07-20,cabo-verde,,16.5388,-23.0418,2071,21,1063.0,26,0,90.0
2020-07-21,cabo-verde,,16.5388,-23.0418,2107,21,1100.0,36,0,37.0
2020-07-22,cabo-verde,,16.5388,-23.0418,2154,21,1132.0,47,0,32.0
2020-07-23,cabo-verde,,16.5388,-23.0418,2190,21,1150.0,36,0,18.0
2020-07-24,cabo-verde,,16.5388,-23.0418,2220,22,1216.0,30,1,66.0
2020-07-25,cabo-verde,,16.5388,-23.0418,2258,22,1363.0,38,0,147.0
2020-07-26,cabo-verde,,16.5388,-23.0418,2307,22,1447.0,49,0,84.0
2020-07-27,cabo-verde,,16.5388,-23.0418,2328,22,1550.0,21,0,103.0
2020-07-28,cabo-verde,,16.5388,-23.0418,2354,22,1616.0,26,0,66.0
2020-07-29,cabo-verde,,16.5388,-23.0418,2373,23,1694.0,19,1,78.0
2020-07-30,cabo-verde,,16.5388,-23.0418,2418,23,1694.0,45,0,0.0
2020-07-31,cabo-verde,,16.5388,-23.0418,2451,23,1824.0,33,0,130.0
