date,country,state,lat,long,confirmed,deaths,recovered,confirmed_new,deaths_new,recovered_new
2020-01-22,cameroon,,3.8480000000000003,11.5021,0,0,0.0,0,0,0.0
2020-01-23,cameroon,,3.8480000000000003,11.5021,0,0,0.0,0,0,0.0
2020-01-24,cameroon,,3.8480000000000003,11.5021,0,0,0.0,0,0,0.0
2020-01-25,cameroon,,3.8480000000000003,11.5021,0,0,0.0,0,0,0.0
2020-01-26,cameroon,,3.8480000000000003,11.5021,0,0,0.0,0,0,0.0
2020-01-27,cameroon,,3.8480000000000003,11.5021,0,0,0.0,0,0,0.0
2020-01-28,cameroon,,3.8480000000000003,11.5021,0,0,0.0,0,0,0.0
2020-01-29,cameroon,,3.8480000000000003,11.5021,0,0,0.0,0,0,0.0
2020-01-30,cameroon,,3.8480000000000003,11.5021,0,0,0.0,0,0,0.0
2020-01-31,cameroon,,3.8480000000000003,11.5021,0,0,0.0,0,0,0.0
2020-02-01,cameroon,,3.8480000000000003,11.5021,0,0,0.0,0,0,0.0
2020-02-02,cameroon,,3.8480000000000003,11.5021,0,0,0.0,0,0,0.0
2020-02-03,cameroon,,3.8480000000000003,11.5021,0,0,0.0,0,0,0.0
2020-02-04,cameroon,,3.8480000000000003,11.5021,0,0,0.0,0,0,0.0
2020-02-05,cameroon,,3.8480000000000003,11.5021,0,0,0.0,0,0,0.0
2020-02-06,cameroon,,3.8480000000000003,11.5021,0,0,0.0,0,0,0.0
2020-02-07,cameroon,,3.8480000000000003,11.5021,0,0,0.0,0,0,0.0
2020-02-08,cameroon,,3.8480000000000003,11.5021,0,0,0.0,0,0,0.0
2020-02-09,cameroon,,3.8480000000000003,11.5021,0,0,0.0,0,0,0.0
2020-02-10,cameroon,,3.8480000000000003,11.5021,0,0,0.0,0,0,0.0
2020-02-11,cameroon,,3.8480000000000003,11.5021,0,0,0.0,0,0,0.0
2020-02-12,cameroon,,3.8480000000000003,11.5021,0,0,0.0,0,0,0.0
2020-02-13,cameroon,,3.8480000000000003,11.5021,0,0,0.0,0,0,0.0
2020-02-14,cameroon,,3.8480000000000003,11.5021,0,0,0.0,0,0,0.0
2020-02-15,cameroon,,3.8480000000000003,11.5021,0,0,0.0,0,0,0.0
2020-02-16,cameroon,,3.8480000000000003,11.5021,0,0,0.0,0,0,0.0
2020-02-17,cameroon,,3.8480000000000003,11.5021,0,0,0.0,0,0,0.0
2020-02-18,cameroon,,3.8480000000000003,11.5021,0,0,0.0,0,0,0.0
2020-02-19,cameroon,,3.8480000000000003,11.5021,0,0,0.0,0,0,0.0
2020-02-20,cameroon,,3.8480000000000003,11.5021,0,0,0.0,0,0,0.0
2020-02-21,cameroon,,3.8480000000000003,11.5021,0,0,0.0,0,0,0.0
2020-02-22,cameroon,,3.8480000000000003,11.5021,0,0,0.0,0,0,0.0
2020-02-23,cameroon,,3.8480000000000003,11.5021,0,0,0.0,0,0,0.0
2020-02-24,cameroon,,3.8480000000000003,11.5021,0,0,0.0,0,0,0.0
2020-02-25,cameroon,,3.8480000000000003,11.5021,0,0,0.0,0,0,0.0
2020-02-26,cameroon,,3.8480000000000003,11.5021,0,0,0.0,0,0,0.0
2020-02-27,cameroon,,3.8480000000000003,11.5021,0,0,0.0,0,0,0.0
2020-02-28,cameroon,,3.8480000000000003,11.5021,0,0,0.0,0,0,0.0
2020-02-29,cameroon,,3.8480000000000003,11.5021,0,0,0.0,0,0,0.0
2020-03-01,cameroon,,3.8480000000000003,11.5021,0,0,0.0,0,0,0.0
2020-03-02,cameroon,,3.8480000000000003,11.5021,0,0,0.0,0,0,0.0
2020-03-03,cameroon,,3.8480000000000003,11.5021,0,0,0.0,0,0,0.0
2020-03-04,cameroon,,3.8480000000000003,11.5021,0,0,0.0,0,0,0.0
2020-03-05,cameroon,,3.8480000000000003,11.5021,0,0,0.0,0,0,0.0
2020-03-06,cameroon,,3.8480000000000003,11.5021,1,0,0.0,1,0,0.0
2020-03-07,cameroon,,3.8480000000000003,11.5021,1,0,0.0,0,0,0.0
2020-03-08,cameroon,,3.8480000000000003,11.5021,2,0,0.0,1,0,0.0
2020-03-09,cameroon,,3.8480000000000003,11.5021,2,0,0.0,0,0,0.0
2020-03-10,cameroon,,3.8480000000000003,11.5021,2,0,0.0,0,0,0.0
2020-03-11,cameroon,,3.8480000000000003,11.5021,2,0,0.0,0,0,0.0
2020-03-12,cameroon,,3.8480000000000003,11.5021,2,0,0.0,0,0,0.0
2020-03-13,cameroon,,3.8480000000000003,11.5021,2,0,0.0,0,0,0.0
2020-03-14,cameroon,,3.8480000000000003,11.5021,2,0,0.0,0,0,0.0
2020-03-15,cameroon,,3.8480000000000003,11.5021,2,0,0.0,0,0,0.0
2020-03-16,cameroon,,3.8480000000000003,11.5021,4,0,0.0,2,0,0.0
2020-03-17,cameroon,,3.8480000000000003,11.5021,10,0,0.0,6,0,0.0
2020-03-18,cameroon,,3.8480000000000003,11.5021,10,0,0.0,0,0,0.0
2020-03-19,cameroon,,3.8480000000000003,11.5021,13,0,0.0,3,0,0.0
2020-03-20,cameroon,,3.8480000000000003,11.5021,20,0,0.0,7,0,0.0
2020-03-21,cameroon,,3.8480000000000003,11.5021,27,0,0.0,7,0,0.0
2020-03-22,cameroon,,3.8480000000000003,11.5021,40,0,0.0,13,0,0.0
2020-03-23,cameroon,,3.8480000000000003,11.5021,56,0,0.0,16,0,0.0
2020-03-24,cameroon,,3.8480000000000003,11.5021,66,0,0.0,10,0,0.0
2020-03-25,cameroon,,3.8480000000000003,11.5021,75,1,2.0,9,1,2.0
2020-03-26,cameroon,,3.8480000000000003,11.5021,75,1,2.0,0,0,0.0
2020-03-27,cameroon,,3.8480000000000003,11.5021,91,2,2.0,16,1,0.0
2020-03-28,cameroon,,3.8480000000000003,11.5021,91,2,2.0,0,0,0.0
2020-03-29,cameroon,,3.8480000000000003,11.5021,139,6,5.0,48,4,3.0
2020-03-30,cameroon,,3.8480000000000003,11.5021,139,6,5.0,0,0,0.0
2020-03-31,cameroon,,3.8480000000000003,11.5021,193,6,5.0,54,0,0.0
2020-04-01,cameroon,,3.8480000000000003,11.5021,233,6,10.0,40,0,5.0
2020-04-02,cameroon,,3.8480000000000003,11.5021,306,7,10.0,73,1,0.0
2020-04-03,cameroon,,3.8480000000000003,11.5021,509,8,17.0,203,1,7.0
2020-04-04,cameroon,,3.8480000000000003,11.5021,555,9,17.0,46,1,0.0
2020-04-05,cameroon,,3.8480000000000003,11.5021,650,9,17.0,95,0,0.0
2020-04-06,cameroon,,3.8480000000000003,11.5021,658,9,17.0,8,0,0.0
2020-04-07,cameroon,,3.8480000000000003,11.5021,658,9,43.0,0,0,26.0
2020-04-08,cameroon,,3.8480000000000003,11.5021,730,10,60.0,72,1,17.0
2020-04-09,cameroon,,3.8480000000000003,11.5021,730,10,60.0,0,0,0.0
2020-04-10,cameroon,,3.8480000000000003,11.5021,820,12,98.0,90,2,38.0
2020-04-11,cameroon,,3.8480000000000003,11.5021,820,12,98.0,0,0,0.0
2020-04-12,cameroon,,3.8480000000000003,11.5021,820,12,98.0,0,0,0.0
2020-04-13,cameroon,,3.8480000000000003,11.5021,820,12,98.0,0,0,0.0
2020-04-14,cameroon,,3.8480000000000003,11.5021,848,14,130.0,28,2,32.0
2020-04-15,cameroon,,3.8480000000000003,11.5021,848,17,165.0,0,3,35.0
2020-04-16,cameroon,,3.8480000000000003,11.5021,996,22,164.0,148,5,-1.0
2020-04-17,cameroon,,3.8480000000000003,11.5021,996,22,164.0,0,0,0.0
2020-04-18,cameroon,,3.8480000000000003,11.5021,1017,22,177.0,21,0,13.0
2020-04-19,cameroon,,3.8480000000000003,11.5021,1017,42,305.0,0,20,128.0
2020-04-20,cameroon,,3.8480000000000003,11.5021,1163,42,305.0,146,0,0.0
2020-04-21,cameroon,,3.8480000000000003,11.5021,1163,43,329.0,0,1,24.0
2020-04-22,cameroon,,3.8480000000000003,11.5021,1163,43,397.0,0,0,68.0
2020-04-23,cameroon,,3.8480000000000003,11.5021,1334,43,668.0,171,0,271.0
2020-04-24,cameroon,,3.8480000000000003,11.5021,1430,43,668.0,96,0,0.0
2020-04-25,cameroon,,3.8480000000000003,11.5021,1518,53,697.0,88,10,29.0
2020-04-26,cameroon,,3.8480000000000003,11.5021,1621,56,786.0,103,3,89.0
2020-04-27,cameroon,,3.8480000000000003,11.5021,1705,58,805.0,84,2,19.0
2020-04-28,cameroon,,3.8480000000000003,11.5021,1705,58,915.0,0,0,110.0
2020-04-29,cameroon,,3.8480000000000003,11.5021,1832,61,934.0,127,3,19.0
2020-04-30,cameroon,,3.8480000000000003,11.5021,1832,61,934.0,0,0,0.0
2020-05-01,cameroon,,3.8480000000000003,11.5021,1832,61,934.0,0,0,0.0
2020-05-02,cameroon,,3.8480000000000003,11.5021,2077,64,953.0,245,3,19.0
2020-05-03,cameroon,,3.8480000000000003,11.5021,2077,64,953.0,0,0,0.0
2020-05-04,cameroon,,3.8480000000000003,11.5021,2104,64,953.0,27,0,0.0
2020-05-05,cameroon,,3.8480000000000003,11.5021,2104,64,953.0,0,0,0.0
2020-05-06,cameroon,,3.8480000000000003,11.5021,2265,108,1000.0,161,44,47.0
2020-05-07,cameroon,,3.8480000000000003,11.5021,2267,108,1002.0,2,0,2.0
2020-05-08,cameroon,,3.8480000000000003,11.5021,2267,108,1002.0,0,0,0.0
2020-05-09,cameroon,,3.8480000000000003,11.5021,2274,108,1232.0,7,0,230.0
2020-05-10,cameroon,,3.8480000000000003,11.5021,2579,114,1465.0,305,6,233.0
2020-05-11,cameroon,,3.8480000000000003,11.5021,2689,125,1524.0,110,11,59.0
2020-05-12,cameroon,,3.8480000000000003,11.5021,2689,125,1524.0,0,0,0.0
2020-05-13,cameroon,,3.8480000000000003,11.5021,2800,136,1543.0,111,11,19.0
2020-05-14,cameroon,,3.8480000000000003,11.5021,2954,139,1553.0,154,3,10.0
2020-05-15,cameroon,,3.8480000000000003,11.5021,3105,140,1567.0,151,1,14.0
2020-05-16,cameroon,,3.8480000000000003,11.5021,3105,140,1567.0,0,0,0.0
2020-05-17,cameroon,,3.8480000000000003,11.5021,3105,140,1567.0,0,0,0.0
2020-05-18,cameroon,,3.8480000000000003,11.5021,3529,140,1567.0,424,0,0.0
2020-05-19,cameroon,,3.8480000000000003,11.5021,3529,140,1567.0,0,0,0.0
2020-05-20,cameroon,,3.8480000000000003,11.5021,3733,146,1595.0,204,6,28.0
2020-05-21,cameroon,,3.8480000000000003,11.5021,4288,156,1808.0,555,10,213.0
2020-05-22,cameroon,,3.8480000000000003,11.5021,4400,159,1822.0,112,3,14.0
2020-05-23,cameroon,,3.8480000000000003,11.5021,4400,159,1822.0,0,0,0.0
2020-05-24,cameroon,,3.8480000000000003,11.5021,4890,165,1865.0,490,6,43.0
2020-05-25,cameroon,,3.8480000000000003,11.5021,4890,165,1865.0,0,0,0.0
2020-05-26,cameroon,,3.8480000000000003,11.5021,5436,175,1996.0,546,10,131.0
2020-05-27,cameroon,,3.8480000000000003,11.5021,5436,175,1996.0,0,0,0.0
2020-05-28,cameroon,,3.8480000000000003,11.5021,5436,175,1996.0,0,0,0.0
2020-05-29,cameroon,,3.8480000000000003,11.5021,5436,177,3326.0,0,2,1330.0
2020-05-30,cameroon,,3.8480000000000003,11.5021,5904,191,3568.0,468,14,242.0
2020-05-31,cameroon,,3.8480000000000003,11.5021,5904,191,3568.0,0,0,0.0
2020-06-01,cameroon,,3.8480000000000003,11.5021,6397,199,3629.0,493,8,61.0
2020-06-02,cameroon,,3.8480000000000003,11.5021,6585,200,3676.0,188,1,47.0
2020-06-03,cameroon,,3.8480000000000003,11.5021,6585,200,3676.0,0,0,0.0
2020-06-04,cameroon,,3.8480000000000003,11.5021,6789,203,3705.0,204,3,29.0
2020-06-05,cameroon,,3.8480000000000003,11.5021,7392,205,4575.0,603,2,870.0
2020-06-06,cameroon,,3.8480000000000003,11.5021,7599,212,4587.0,207,7,12.0
2020-06-07,cameroon,,3.8480000000000003,11.5021,7908,212,4735.0,309,0,148.0
2020-06-08,cameroon,,3.8480000000000003,11.5021,8060,212,4748.0,152,0,13.0
2020-06-09,cameroon,,3.8480000000000003,11.5021,8312,212,4794.0,252,0,46.0
2020-06-10,cameroon,,3.8480000000000003,11.5021,8681,212,4836.0,369,0,42.0
2020-06-11,cameroon,,3.8480000000000003,11.5021,8681,212,4836.0,0,0,0.0
2020-06-12,cameroon,,3.8480000000000003,11.5021,8681,212,4836.0,0,0,0.0
2020-06-13,cameroon,,3.8480000000000003,11.5021,8681,212,4836.0,0,0,0.0
2020-06-14,cameroon,,3.8480000000000003,11.5021,8681,212,4836.0,0,0,0.0
2020-06-15,cameroon,,3.8480000000000003,11.5021,9864,276,5570.0,1183,64,734.0
2020-06-16,cameroon,,3.8480000000000003,11.5021,9864,276,5570.0,0,0,0.0
2020-06-17,cameroon,,3.8480000000000003,11.5021,9864,276,5570.0,0,0,0.0
2020-06-18,cameroon,,3.8480000000000003,11.5021,9864,276,5570.0,0,0,0.0
2020-06-19,cameroon,,3.8480000000000003,11.5021,10638,282,7548.0,774,6,1978.0
2020-06-20,cameroon,,3.8480000000000003,11.5021,11610,301,7702.0,972,19,154.0
2020-06-21,cameroon,,3.8480000000000003,11.5021,11892,303,7710.0,282,2,8.0
2020-06-22,cameroon,,3.8480000000000003,11.5021,12041,308,7740.0,149,5,30.0
2020-06-23,cameroon,,3.8480000000000003,11.5021,12270,313,7774.0,229,5,34.0
2020-06-24,cameroon,,3.8480000000000003,11.5021,12592,313,10100.0,322,0,2326.0
2020-06-25,cameroon,,3.8480000000000003,11.5021,12592,313,10100.0,0,0,0.0
2020-06-26,cameroon,,3.8480000000000003,11.5021,12592,313,10100.0,0,0,0.0
2020-06-27,cameroon,,3.8480000000000003,11.5021,12592,313,10100.0,0,0,0.0
2020-06-28,cameroon,,3.8480000000000003,11.5021,12592,313,10100.0,0,0,0.0
2020-06-29,cameroon,,3.8480000000000003,11.5021,12592,313,10100.0,0,0,0.0
2020-06-30,cameroon,,3.8480000000000003,11.5021,12592,313,10100.0,0,0,0.0
2020-07-01,cameroon,,3.8480000000000003,11.5021,12592,313,10100.0,0,0,0.0
2020-07-02,cameroon,,3.8480000000000003,11.5021,12592,313,10100.0,0,0,0.0
2020-07-03,cameroon,,3.8480000000000003,11.5021,12592,313,10100.0,0,0,0.0
2020-07-04,cameroon,,3.8480000000000003,11.5021,12592,313,10100.0,0,0,0.0
2020-07-05,cameroon,,3.8480000000000003,11.5021,12592,313,10100.0,0,0,0.0
2020-07-06,cameroon,,3.8480000000000003,11.5021,12592,313,10100.0,0,0,0.0
2020-07-07,cameroon,,3.8480000000000003,11.5021,14916,359,11525.0,2324,46,1425.0
2020-07-08,cameroon,,3.8480000000000003,11.5021,14916,359,11525.0,0,0,0.0
2020-07-09,cameroon,,3.8480000000000003,11.5021,14916,359,11525.0,0,0,0.0
2020-07-10,cameroon,,3.8480000000000003,11.5021,14916,359,11525.0,0,0,0.0
2020-07-11,cameroon,,3.8480000000000003,11.5021,15173,359,11928.0,257,0,403.0
2020-07-12,cameroon,,3.8480000000000003,11.5021,15173,359,11928.0,0,0,0.0
2020-07-13,cameroon,,3.8480000000000003,11.5021,15173,359,11928.0,0,0,0.0
2020-07-14,cameroon,,3.8480000000000003,11.5021,15173,359,11928.0,0,0,0.0
2020-07-15,cameroon,,3.8480000000000003,11.5021,15173,359,11928.0,0,0,0.0
2020-07-16,cameroon,,3.8480000000000003,11.5021,16157,373,13728.0,984,14,1800.0
2020-07-17,cameroon,,3.8480000000000003,11.5021,16157,373,13728.0,0,0,0.0
2020-07-18,cameroon,,3.8480000000000003,11.5021,16157,373,13728.0,0,0,0.0
2020-07-19,cameroon,,3.8480000000000003,11.5021,16157,373,13728.0,0,0,0.0
2020-07-20,cameroon,,3.8480000000000003,11.5021,16157,373,13728.0,0,0,0.0
2020-07-21,cameroon,,3.8480000000000003,11.5021,16522,382,13728.0,365,9,0.0
2020-07-22,cameroon,,3.8480000000000003,11.5021,16522,382,13728.0,0,0,0.0
2020-07-23,cameroon,,3.8480000000000003,11.5021,16522,382,13728.0,0,0,0.0
2020-07-24,cameroon,,3.8480000000000003,11.5021,16708,385,14539.0,186,3,811.0
2020-07-25,cameroon,,3.8480000000000003,11.5021,16708,385,14539.0,0,0,0.0
2020-07-26,cameroon,,3.8480000000000003,11.5021,16708,385,14539.0,0,0,0.0
2020-07-27,cameroon,,3.8480000000000003,11.5021,17110,391,14539.0,402,6,0.0
2020-07-28,cameroon,,3.8480000000000003,11.5021,17179,391,14539.0,69,0,0.0
2020-07-29,cameroon,,3.8480000000000003,11.5021,17255,391,15320.0,76,0,781.0
2020-07-30,cameroon,,3.8480000000000003,11.5021,17255,391,15320.0,0,0,0.0
2020-07-31,cameroon,,3.8480000000000003,11.5021,17255,391,15320.0,0,0,0.0
