date,country,state,lat,long,confirmed,deaths,recovered,confirmed_new,deaths_new,recovered_new
2020-01-22,congo-kinshasa,,-4.0383,21.7587,0,0,0.0,0,0,0.0
2020-01-23,congo-kinshasa,,-4.0383,21.7587,0,0,0.0,0,0,0.0
2020-01-24,congo-kinshasa,,-4.0383,21.7587,0,0,0.0,0,0,0.0
2020-01-25,congo-kinshasa,,-4.0383,21.7587,0,0,0.0,0,0,0.0
2020-01-26,congo-kinshasa,,-4.0383,21.7587,0,0,0.0,0,0,0.0
2020-01-27,congo-kinshasa,,-4.0383,21.7587,0,0,0.0,0,0,0.0
2020-01-28,congo-kinshasa,,-4.0383,21.7587,0,0,0.0,0,0,0.0
2020-01-29,congo-kinshasa,,-4.0383,21.7587,0,0,0.0,0,0,0.0
2020-01-30,congo-kinshasa,,-4.0383,21.7587,0,0,0.0,0,0,0.0
2020-01-31,congo-kinshasa,,-4.0383,21.7587,0,0,0.0,0,0,0.0
2020-02-01,congo-kinshasa,,-4.0383,21.7587,0,0,0.0,0,0,0.0
2020-02-02,congo-kinshasa,,-4.0383,21.7587,0,0,0.0,0,0,0.0
2020-02-03,congo-kinshasa,,-4.0383,21.7587,0,0,0.0,0,0,0.0
2020-02-04,congo-kinshasa,,-4.0383,21.7587,0,0,0.0,0,0,0.0
2020-02-05,congo-kinshasa,,-4.0383,21.7587,0,0,0.0,0,0,0.0
2020-02-06,congo-kinshasa,,-4.0383,21.7587,0,0,0.0,0,0,0.0
2020-02-07,congo-kinshasa,,-4.0383,21.7587,0,0,0.0,0,0,0.0
2020-02-08,congo-kinshasa,,-4.0383,21.7587,0,0,0.0,0,0,0.0
2020-02-09,congo-kinshasa,,-4.0383,21.7587,0,0,0.0,0,0,0.0
2020-02-10,congo-kinshasa,,-4.0383,21.7587,0,0,0.0,0,0,0.0
2020-02-11,congo-kinshasa,,-4.0383,21.7587,0,0,0.0,0,0,0.0
2020-02-12,congo-kinshasa,,-4.0383,21.7587,0,0,0.0,0,0,0.0
2020-02-13,congo-kinshasa,,-4.0383,21.7587,0,0,0.0,0,0,0.0
2020-02-14,congo-kinshasa,,-4.0383,21.7587,0,0,0.0,0,0,0.0
2020-02-15,congo-kinshasa,,-4.0383,21.7587,0,0,0.0,0,0,0.0
2020-02-16,congo-kinshasa,,-4.0383,21.7587,0,0,0.0,0,0,0.0
2020-02-17,congo-kinshasa,,-4.0383,21.7587,0,0,0.0,0,0,0.0
2020-02-18,congo-kinshasa,,-4.0383,21.7587,0,0,0.0,0,0,0.0
2020-02-19,congo-kinshasa,,-4.0383,21.7587,0,0,0.0,0,0,0.0
2020-02-20,congo-kinshasa,,-4.0383,21.7587,0,0,0.0,0,0,0.0
2020-02-21,congo-kinshasa,,-4.0383,21.7587,0,0,0.0,0,0,0.0
2020-02-22,congo-kinshasa,,-4.0383,21.7587,0,0,0.0,0,0,0.0
2020-02-23,congo-kinshasa,,-4.0383,21.7587,0,0,0.0,0,0,0.0
2020-02-24,congo-kinshasa,,-4.0383,21.7587,0,0,0.0,0,0,0.0
2020-02-25,congo-kinshasa,,-4.0383,21.7587,0,0,0.0,0,0,0.0
2020-02-26,congo-kinshasa,,-4.0383,21.7587,0,0,0.0,0,0,0.0
2020-02-27,congo-kinshasa,,-4.0383,21.7587,0,0,0.0,0,0,0.0
2020-02-28,congo-kinshasa,,-4.0383,21.7587,0,0,0.0,0,0,0.0
2020-02-29,congo-kinshasa,,-4.0383,21.7587,0,0,0.0,0,0,0.0
2020-03-01,congo-kinshasa,,-4.0383,21.7587,0,0,0.0,0,0,0.0
2020-03-02,congo-kinshasa,,-4.0383,21.7587,0,0,0.0,0,0,0.0
2020-03-03,congo-kinshasa,,-4.0383,21.7587,0,0,0.0,0,0,0.0
2020-03-04,congo-kinshasa,,-4.0383,21.7587,0,0,0.0,0,0,0.0
2020-03-05,congo-kinshasa,,-4.0383,21.7587,0,0,0.0,0,0,0.0
2020-03-06,congo-kinshasa,,-4.0383,21.7587,0,0,0.0,0,0,0.0
2020-03-07,congo-kinshasa,,-4.0383,21.7587,0,0,0.0,0,0,0.0
2020-03-08,congo-kinshasa,,-4.0383,21.7587,0,0,0.0,0,0,0.0
2020-03-09,congo-kinshasa,,-4.0383,21.7587,0,0,0.0,0,0,0.0
2020-03-10,congo-kinshasa,,-4.0383,21.7587,0,0,0.0,0,0,0.0
2020-03-11,congo-kinshasa,,-4.0383,21.7587,1,0,0.0,1,0,0.0
2020-03-12,congo-kinshasa,,-4.0383,21.7587,1,0,0.0,0,0,0.0
2020-03-13,congo-kinshasa,,-4.0383,21.7587,2,0,0.0,1,0,0.0
2020-03-14,congo-kinshasa,,-4.0383,21.7587,2,0,0.0,0,0,0.0
2020-03-15,congo-kinshasa,,-4.0383,21.7587,2,0,0.0,0,0,0.0
2020-03-16,congo-kinshasa,,-4.0383,21.7587,2,0,0.0,0,0,0.0
2020-03-17,congo-kinshasa,,-4.0383,21.7587,3,0,0.0,1,0,0.0
2020-03-18,congo-kinshasa,,-4.0383,21.7587,4,0,0.0,1,0,0.0
2020-03-19,congo-kinshasa,,-4.0383,21.7587,14,0,0.0,10,0,0.0
2020-03-20,congo-kinshasa,,-4.0383,21.7587,18,0,0.0,4,0,0.0
2020-03-21,congo-kinshasa,,-4.0383,21.7587,23,1,0.0,5,1,0.0
2020-03-22,congo-kinshasa,,-4.0383,21.7587,30,1,0.0,7,0,0.0
2020-03-23,congo-kinshasa,,-4.0383,21.7587,36,1,0.0,6,0,0.0
2020-03-24,congo-kinshasa,,-4.0383,21.7587,45,2,0.0,9,1,0.0
2020-03-25,congo-kinshasa,,-4.0383,21.7587,48,2,0.0,3,0,0.0
2020-03-26,congo-kinshasa,,-4.0383,21.7587,51,3,0.0,3,1,0.0
2020-03-27,congo-kinshasa,,-4.0383,21.7587,51,3,2.0,0,0,2.0
2020-03-28,congo-kinshasa,,-4.0383,21.7587,65,6,2.0,14,3,0.0
2020-03-29,congo-kinshasa,,-4.0383,21.7587,65,6,2.0,0,0,0.0
2020-03-30,congo-kinshasa,,-4.0383,21.7587,81,8,2.0,16,2,0.0
2020-03-31,congo-kinshasa,,-4.0383,21.7587,98,8,2.0,17,0,0.0
2020-04-01,congo-kinshasa,,-4.0383,21.7587,109,9,3.0,11,1,1.0
2020-04-02,congo-kinshasa,,-4.0383,21.7587,134,13,3.0,25,4,0.0
2020-04-03,congo-kinshasa,,-4.0383,21.7587,134,13,3.0,0,0,0.0
2020-04-04,congo-kinshasa,,-4.0383,21.7587,154,18,3.0,20,5,0.0
2020-04-05,congo-kinshasa,,-4.0383,21.7587,154,18,3.0,0,0,0.0
2020-04-06,congo-kinshasa,,-4.0383,21.7587,161,18,5.0,7,0,2.0
2020-04-07,congo-kinshasa,,-4.0383,21.7587,180,18,9.0,19,0,4.0
2020-04-08,congo-kinshasa,,-4.0383,21.7587,180,18,9.0,0,0,0.0
2020-04-09,congo-kinshasa,,-4.0383,21.7587,180,18,9.0,0,0,0.0
2020-04-10,congo-kinshasa,,-4.0383,21.7587,215,20,13.0,35,2,4.0
2020-04-11,congo-kinshasa,,-4.0383,21.7587,223,20,16.0,8,0,3.0
2020-04-12,congo-kinshasa,,-4.0383,21.7587,234,20,16.0,11,0,0.0
2020-04-13,congo-kinshasa,,-4.0383,21.7587,235,20,17.0,1,0,1.0
2020-04-14,congo-kinshasa,,-4.0383,21.7587,241,20,20.0,6,0,3.0
2020-04-15,congo-kinshasa,,-4.0383,21.7587,254,21,21.0,13,1,1.0
2020-04-16,congo-kinshasa,,-4.0383,21.7587,267,22,23.0,13,1,2.0
2020-04-17,congo-kinshasa,,-4.0383,21.7587,287,23,25.0,20,1,2.0
2020-04-18,congo-kinshasa,,-4.0383,21.7587,307,25,26.0,20,2,1.0
2020-04-19,congo-kinshasa,,-4.0383,21.7587,327,25,26.0,20,0,0.0
2020-04-20,congo-kinshasa,,-4.0383,21.7587,332,25,27.0,5,0,1.0
2020-04-21,congo-kinshasa,,-4.0383,21.7587,350,25,35.0,18,0,8.0
2020-04-22,congo-kinshasa,,-4.0383,21.7587,359,25,45.0,9,0,10.0
2020-04-23,congo-kinshasa,,-4.0383,21.7587,377,25,47.0,18,0,2.0
2020-04-24,congo-kinshasa,,-4.0383,21.7587,394,25,48.0,17,0,1.0
2020-04-25,congo-kinshasa,,-4.0383,21.7587,416,28,49.0,22,3,1.0
2020-04-26,congo-kinshasa,,-4.0383,21.7587,442,28,50.0,26,0,1.0
2020-04-27,congo-kinshasa,,-4.0383,21.7587,459,28,50.0,17,0,0.0
2020-04-28,congo-kinshasa,,-4.0383,21.7587,471,30,56.0,12,2,6.0
2020-04-29,congo-kinshasa,,-4.0383,21.7587,491,30,59.0,20,0,3.0
2020-04-30,congo-kinshasa,,-4.0383,21.7587,572,31,73.0,81,1,14.0
2020-05-01,congo-kinshasa,,-4.0383,21.7587,604,32,75.0,32,1,2.0
2020-05-02,congo-kinshasa,,-4.0383,21.7587,674,33,75.0,70,1,0.0
2020-05-03,congo-kinshasa,,-4.0383,21.7587,674,33,75.0,0,0,0.0
2020-05-04,congo-kinshasa,,-4.0383,21.7587,682,34,80.0,8,1,5.0
2020-05-05,congo-kinshasa,,-4.0383,21.7587,705,34,90.0,23,0,10.0
2020-05-06,congo-kinshasa,,-4.0383,21.7587,797,35,92.0,92,1,2.0
2020-05-07,congo-kinshasa,,-4.0383,21.7587,863,36,103.0,66,1,11.0
2020-05-08,congo-kinshasa,,-4.0383,21.7587,937,39,130.0,74,3,27.0
2020-05-09,congo-kinshasa,,-4.0383,21.7587,937,39,130.0,0,0,0.0
2020-05-10,congo-kinshasa,,-4.0383,21.7587,991,41,136.0,54,2,6.0
2020-05-11,congo-kinshasa,,-4.0383,21.7587,1024,41,141.0,33,0,5.0
2020-05-12,congo-kinshasa,,-4.0383,21.7587,1102,44,146.0,78,3,5.0
2020-05-13,congo-kinshasa,,-4.0383,21.7587,1169,50,148.0,67,6,2.0
2020-05-14,congo-kinshasa,,-4.0383,21.7587,1242,50,157.0,73,0,9.0
2020-05-15,congo-kinshasa,,-4.0383,21.7587,1298,50,212.0,56,0,55.0
2020-05-16,congo-kinshasa,,-4.0383,21.7587,1455,61,270.0,157,11,58.0
2020-05-17,congo-kinshasa,,-4.0383,21.7587,1455,61,270.0,0,0,0.0
2020-05-18,congo-kinshasa,,-4.0383,21.7587,1538,61,272.0,83,0,2.0
2020-05-19,congo-kinshasa,,-4.0383,21.7587,1629,61,290.0,91,0,18.0
2020-05-20,congo-kinshasa,,-4.0383,21.7587,1731,61,302.0,102,0,12.0
2020-05-21,congo-kinshasa,,-4.0383,21.7587,1835,61,303.0,104,0,1.0
2020-05-22,congo-kinshasa,,-4.0383,21.7587,1945,63,312.0,110,2,9.0
2020-05-23,congo-kinshasa,,-4.0383,21.7587,2025,63,312.0,80,0,0.0
2020-05-24,congo-kinshasa,,-4.0383,21.7587,2141,63,317.0,116,0,5.0
2020-05-25,congo-kinshasa,,-4.0383,21.7587,2297,67,337.0,156,4,20.0
2020-05-26,congo-kinshasa,,-4.0383,21.7587,2403,68,340.0,106,1,3.0
2020-05-27,congo-kinshasa,,-4.0383,21.7587,2546,68,365.0,143,0,25.0
2020-05-28,congo-kinshasa,,-4.0383,21.7587,2660,69,381.0,114,1,16.0
2020-05-29,congo-kinshasa,,-4.0383,21.7587,2833,69,400.0,173,0,19.0
2020-05-30,congo-kinshasa,,-4.0383,21.7587,2966,69,428.0,133,0,28.0
2020-05-31,congo-kinshasa,,-4.0383,21.7587,3070,72,448.0,104,3,20.0
2020-06-01,congo-kinshasa,,-4.0383,21.7587,3195,72,454.0,125,0,6.0
2020-06-02,congo-kinshasa,,-4.0383,21.7587,3326,72,482.0,131,0,28.0
2020-06-03,congo-kinshasa,,-4.0383,21.7587,3495,75,492.0,169,3,10.0
2020-06-04,congo-kinshasa,,-4.0383,21.7587,3644,78,495.0,149,3,3.0
2020-06-05,congo-kinshasa,,-4.0383,21.7587,3764,81,512.0,120,3,17.0
2020-06-06,congo-kinshasa,,-4.0383,21.7587,3878,82,537.0,114,1,25.0
2020-06-07,congo-kinshasa,,-4.0383,21.7587,4016,85,537.0,138,3,0.0
2020-06-08,congo-kinshasa,,-4.0383,21.7587,4106,88,537.0,90,3,0.0
2020-06-09,congo-kinshasa,,-4.0383,21.7587,4259,90,539.0,153,2,2.0
2020-06-10,congo-kinshasa,,-4.0383,21.7587,4390,96,565.0,131,6,26.0
2020-06-11,congo-kinshasa,,-4.0383,21.7587,4515,98,567.0,125,2,2.0
2020-06-12,congo-kinshasa,,-4.0383,21.7587,4637,101,580.0,122,3,13.0
2020-06-13,congo-kinshasa,,-4.0383,21.7587,4724,106,595.0,87,5,15.0
2020-06-14,congo-kinshasa,,-4.0383,21.7587,4778,107,600.0,54,1,5.0
2020-06-15,congo-kinshasa,,-4.0383,21.7587,4837,112,613.0,59,5,13.0
2020-06-16,congo-kinshasa,,-4.0383,21.7587,4974,112,628.0,137,0,15.0
2020-06-17,congo-kinshasa,,-4.0383,21.7587,5100,115,640.0,126,3,12.0
2020-06-18,congo-kinshasa,,-4.0383,21.7587,5283,117,685.0,183,2,45.0
2020-06-19,congo-kinshasa,,-4.0383,21.7587,5477,122,719.0,194,5,34.0
2020-06-20,congo-kinshasa,,-4.0383,21.7587,5672,125,807.0,195,3,88.0
2020-06-21,congo-kinshasa,,-4.0383,21.7587,5826,130,841.0,154,5,34.0
2020-06-22,congo-kinshasa,,-4.0383,21.7587,5924,135,856.0,98,5,15.0
2020-06-23,congo-kinshasa,,-4.0383,21.7587,6027,135,861.0,103,0,5.0
2020-06-24,congo-kinshasa,,-4.0383,21.7587,6213,142,870.0,186,7,9.0
2020-06-25,congo-kinshasa,,-4.0383,21.7587,6411,142,885.0,198,0,15.0
2020-06-26,congo-kinshasa,,-4.0383,21.7587,6552,149,900.0,141,7,15.0
2020-06-27,congo-kinshasa,,-4.0383,21.7587,6690,153,937.0,138,4,37.0
2020-06-28,congo-kinshasa,,-4.0383,21.7587,6827,157,985.0,137,4,48.0
2020-06-29,congo-kinshasa,,-4.0383,21.7587,6939,167,1050.0,112,10,65.0
2020-06-30,congo-kinshasa,,-4.0383,21.7587,7039,170,1426.0,100,3,376.0
2020-07-01,congo-kinshasa,,-4.0383,21.7587,7122,175,1785.0,83,5,359.0
2020-07-02,congo-kinshasa,,-4.0383,21.7587,7189,176,2317.0,67,1,532.0
2020-07-03,congo-kinshasa,,-4.0383,21.7587,7311,179,2684.0,122,3,367.0
2020-07-04,congo-kinshasa,,-4.0383,21.7587,7379,182,2961.0,68,3,277.0
2020-07-05,congo-kinshasa,,-4.0383,21.7587,7411,182,3184.0,32,0,223.0
2020-07-06,congo-kinshasa,,-4.0383,21.7587,7432,182,3226.0,21,0,42.0
2020-07-07,congo-kinshasa,,-4.0383,21.7587,7432,182,3226.0,0,0,0.0
2020-07-08,congo-kinshasa,,-4.0383,21.7587,7432,182,3226.0,0,0,0.0
2020-07-09,congo-kinshasa,,-4.0383,21.7587,7846,189,3513.0,414,7,287.0
2020-07-10,congo-kinshasa,,-4.0383,21.7587,7905,189,3513.0,59,0,0.0
2020-07-11,congo-kinshasa,,-4.0383,21.7587,7971,189,3615.0,66,0,102.0
2020-07-12,congo-kinshasa,,-4.0383,21.7587,8033,189,3615.0,62,0,0.0
2020-07-13,congo-kinshasa,,-4.0383,21.7587,8075,190,3620.0,42,1,5.0
2020-07-14,congo-kinshasa,,-4.0383,21.7587,8135,190,3948.0,60,0,328.0
2020-07-15,congo-kinshasa,,-4.0383,21.7587,8163,192,3983.0,28,2,35.0
2020-07-16,congo-kinshasa,,-4.0383,21.7587,8199,193,4248.0,36,1,265.0
2020-07-17,congo-kinshasa,,-4.0383,21.7587,8249,193,4248.0,50,0,0.0
2020-07-18,congo-kinshasa,,-4.0383,21.7587,8324,193,4313.0,75,0,65.0
2020-07-19,congo-kinshasa,,-4.0383,21.7587,8403,194,4335.0,79,1,22.0
2020-07-20,congo-kinshasa,,-4.0383,21.7587,8443,194,4335.0,40,0,0.0
2020-07-21,congo-kinshasa,,-4.0383,21.7587,8534,196,4528.0,91,2,193.0
2020-07-22,congo-kinshasa,,-4.0383,21.7587,8626,197,4790.0,92,1,262.0
2020-07-23,congo-kinshasa,,-4.0383,21.7587,8720,201,5105.0,94,4,315.0
2020-07-24,congo-kinshasa,,-4.0383,21.7587,8767,201,5109.0,47,0,4.0
2020-07-25,congo-kinshasa,,-4.0383,21.7587,8801,204,5305.0,34,3,196.0
2020-07-26,congo-kinshasa,,-4.0383,21.7587,8831,204,5510.0,30,0,205.0
2020-07-27,congo-kinshasa,,-4.0383,21.7587,8844,208,5700.0,13,4,190.0
2020-07-28,congo-kinshasa,,-4.0383,21.7587,8873,208,5930.0,29,0,230.0
2020-07-29,congo-kinshasa,,-4.0383,21.7587,8931,210,6095.0,58,2,165.0
2020-07-30,congo-kinshasa,,-4.0383,21.7587,9010,215,6437.0,79,5,342.0
2020-07-31,congo-kinshasa,,-4.0383,21.7587,9070,215,6796.0,60,0,359.0
