date,country,state,lat,long,confirmed,deaths,recovered,confirmed_new,deaths_new,recovered_new
2020-01-22,cote-d-ivoire,,7.54,-5.5471,0,0,0.0,0,0,0.0
2020-01-23,cote-d-ivoire,,7.54,-5.5471,0,0,0.0,0,0,0.0
2020-01-24,cote-d-ivoire,,7.54,-5.5471,0,0,0.0,0,0,0.0
2020-01-25,cote-d-ivoire,,7.54,-5.5471,0,0,0.0,0,0,0.0
2020-01-26,cote-d-ivoire,,7.54,-5.5471,0,0,0.0,0,0,0.0
2020-01-27,cote-d-ivoire,,7.54,-5.5471,0,0,0.0,0,0,0.0
2020-01-28,cote-d-ivoire,,7.54,-5.5471,0,0,0.0,0,0,0.0
2020-01-29,cote-d-ivoire,,7.54,-5.5471,0,0,0.0,0,0,0.0
2020-01-30,cote-d-ivoire,,7.54,-5.5471,0,0,0.0,0,0,0.0
2020-01-31,cote-d-ivoire,,7.54,-5.5471,0,0,0.0,0,0,0.0
2020-02-01,cote-d-ivoire,,7.54,-5.5471,0,0,0.0,0,0,0.0
2020-02-02,cote-d-ivoire,,7.54,-5.5471,0,0,0.0,0,0,0.0
2020-02-03,cote-d-ivoire,,7.54,-5.5471,0,0,0.0,0,0,0.0
2020-02-04,cote-d-ivoire,,7.54,-5.5471,0,0,0.0,0,0,0.0
2020-02-05,cote-d-ivoire,,7.54,-5.5471,0,0,0.0,0,0,0.0
2020-02-06,cote-d-ivoire,,7.54,-5.5471,0,0,0.0,0,0,0.0
2020-02-07,cote-d-ivoire,,7.54,-5.5471,0,0,0.0,0,0,0.0
2020-02-08,cote-d-ivoire,,7.54,-5.5471,0,0,0.0,0,0,0.0
2020-02-09,cote-d-ivoire,,7.54,-5.5471,0,0,0.0,0,0,0.0
2020-02-10,cote-d-ivoire,,7.54,-5.5471,0,0,0.0,0,0,0.0
2020-02-11,cote-d-ivoire,,7.54,-5.5471,0,0,0.0,0,0,0.0
2020-02-12,cote-d-ivoire,,7.54,-5.5471,0,0,0.0,0,0,0.0
2020-02-13,cote-d-ivoire,,7.54,-5.5471,0,0,0.0,0,0,0.0
2020-02-14,cote-d-ivoire,,7.54,-5.5471,0,0,0.0,0,0,0.0
2020-02-15,cote-d-ivoire,,7.54,-5.5471,0,0,0.0,0,0,0.0
2020-02-16,cote-d-ivoire,,7.54,-5.5471,0,0,0.0,0,0,0.0
2020-02-17,cote-d-ivoire,,7.54,-5.5471,0,0,0.0,0,0,0.0
2020-02-18,cote-d-ivoire,,7.54,-5.5471,0,0,0.0,0,0,0.0
2020-02-19,cote-d-ivoire,,7.54,-5.5471,0,0,0.0,0,0,0.0
2020-02-20,cote-d-ivoire,,7.54,-5.5471,0,0,0.0,0,0,0.0
2020-02-21,cote-d-ivoire,,7.54,-5.5471,0,0,0.0,0,0,0.0
2020-02-22,cote-d-ivoire,,7.54,-5.5471,0,0,0.0,0,0,0.0
2020-02-23,cote-d-ivoire,,7.54,-5.5471,0,0,0.0,0,0,0.0
2020-02-24,cote-d-ivoire,,7.54,-5.5471,0,0,0.0,0,0,0.0
2020-02-25,cote-d-ivoire,,7.54,-5.5471,0,0,0.0,0,0,0.0
2020-02-26,cote-d-ivoire,,7.54,-5.5471,0,0,0.0,0,0,0.0
2020-02-27,cote-d-ivoire,,7.54,-5.5471,0,0,0.0,0,0,0.0
2020-02-28,cote-d-ivoire,,7.54,-5.5471,0,0,0.0,0,0,0.0
2020-02-29,cote-d-ivoire,,7.54,-5.5471,0,0,0.0,0,0,0.0
2020-03-01,cote-d-ivoire,,7.54,-5.5471,0,0,0.0,0,0,0.0
2020-03-02,cote-d-ivoire,,7.54,-5.5471,0,0,0.0,0,0,0.0
2020-03-03,cote-d-ivoire,,7.54,-5.5471,0,0,0.0,0,0,0.0
2020-03-04,cote-d-ivoire,,7.54,-5.5471,0,0,0.0,0,0,0.0
2020-03-05,cote-d-ivoire,,7.54,-5.5471,0,0,0.0,0,0,0.0
2020-03-06,cote-d-ivoire,,7.54,-5.5471,0,0,0.0,0,0,0.0
2020-03-07,cote-d-ivoire,,7.54,-5.5471,0,0,0.0,0,0,0.0
2020-03-08,cote-d-ivoire,,7.54,-5.5471,0,0,0.0,0,0,0.0
2020-03-09,cote-d-ivoire,,7.54,-5.5471,0,0,0.0,0,0,0.0
2020-03-10,cote-d-ivoire,,7.54,-5.5471,0,0,0.0,0,0,0.0
2020-03-11,cote-d-ivoire,,7.54,-5.5471,1,0,0.0,1,0,0.0
2020-03-12,cote-d-ivoire,,7.54,-5.5471,1,0,0.0,0,0,0.0
2020-03-13,cote-d-ivoire,,7.54,-5.5471,1,0,0.0,0,0,0.0
2020-03-14,cote-d-ivoire,,7.54,-5.5471,1,0,0.0,0,0,0.0
2020-03-15,cote-d-ivoire,,7.54,-5.5471,1,0,0.0,0,0,0.0
2020-03-16,cote-d-ivoire,,7.54,-5.5471,1,0,0.0,0,0,0.0
2020-03-17,cote-d-ivoire,,7.54,-5.5471,5,0,1.0,4,0,1.0
2020-03-18,cote-d-ivoire,,7.54,-5.5471,6,0,1.0,1,0,0.0
2020-03-19,cote-d-ivoire,,7.54,-5.5471,9,0,1.0,3,0,0.0
2020-03-20,cote-d-ivoire,,7.54,-5.5471,9,0,1.0,0,0,0.0
2020-03-21,cote-d-ivoire,,7.54,-5.5471,14,0,1.0,5,0,0.0
2020-03-22,cote-d-ivoire,,7.54,-5.5471,14,0,1.0,0,0,0.0
2020-03-23,cote-d-ivoire,,7.54,-5.5471,25,0,1.0,11,0,0.0
2020-03-24,cote-d-ivoire,,7.54,-5.5471,73,0,2.0,48,0,1.0
2020-03-25,cote-d-ivoire,,7.54,-5.5471,80,0,3.0,7,0,1.0
2020-03-26,cote-d-ivoire,,7.54,-5.5471,96,0,3.0,16,0,0.0
2020-03-27,cote-d-ivoire,,7.54,-5.5471,101,0,3.0,5,0,0.0
2020-03-28,cote-d-ivoire,,7.54,-5.5471,101,0,3.0,0,0,0.0
2020-03-29,cote-d-ivoire,,7.54,-5.5471,165,1,4.0,64,1,1.0
2020-03-30,cote-d-ivoire,,7.54,-5.5471,168,1,6.0,3,0,2.0
2020-03-31,cote-d-ivoire,,7.54,-5.5471,179,1,7.0,11,0,1.0
2020-04-01,cote-d-ivoire,,7.54,-5.5471,190,1,9.0,11,0,2.0
2020-04-02,cote-d-ivoire,,7.54,-5.5471,194,1,15.0,4,0,6.0
2020-04-03,cote-d-ivoire,,7.54,-5.5471,218,1,19.0,24,0,4.0
2020-04-04,cote-d-ivoire,,7.54,-5.5471,245,1,25.0,27,0,6.0
2020-04-05,cote-d-ivoire,,7.54,-5.5471,261,3,37.0,16,2,12.0
2020-04-06,cote-d-ivoire,,7.54,-5.5471,323,3,41.0,62,0,4.0
2020-04-07,cote-d-ivoire,,7.54,-5.5471,349,3,41.0,26,0,0.0
2020-04-08,cote-d-ivoire,,7.54,-5.5471,384,3,48.0,35,0,7.0
2020-04-09,cote-d-ivoire,,7.54,-5.5471,444,3,52.0,60,0,4.0
2020-04-10,cote-d-ivoire,,7.54,-5.5471,444,3,52.0,0,0,0.0
2020-04-11,cote-d-ivoire,,7.54,-5.5471,533,4,58.0,89,1,6.0
2020-04-12,cote-d-ivoire,,7.54,-5.5471,574,5,85.0,41,1,27.0
2020-04-13,cote-d-ivoire,,7.54,-5.5471,626,6,89.0,52,1,4.0
2020-04-14,cote-d-ivoire,,7.54,-5.5471,638,6,114.0,12,0,25.0
2020-04-15,cote-d-ivoire,,7.54,-5.5471,638,6,114.0,0,0,0.0
2020-04-16,cote-d-ivoire,,7.54,-5.5471,654,6,146.0,16,0,32.0
2020-04-17,cote-d-ivoire,,7.54,-5.5471,688,6,193.0,34,0,47.0
2020-04-18,cote-d-ivoire,,7.54,-5.5471,801,8,239.0,113,2,46.0
2020-04-19,cote-d-ivoire,,7.54,-5.5471,847,9,260.0,46,1,21.0
2020-04-20,cote-d-ivoire,,7.54,-5.5471,847,9,260.0,0,0,0.0
2020-04-21,cote-d-ivoire,,7.54,-5.5471,916,13,303.0,69,4,43.0
2020-04-22,cote-d-ivoire,,7.54,-5.5471,952,14,310.0,36,1,7.0
2020-04-23,cote-d-ivoire,,7.54,-5.5471,1004,14,359.0,52,0,49.0
2020-04-24,cote-d-ivoire,,7.54,-5.5471,1077,14,419.0,73,0,60.0
2020-04-25,cote-d-ivoire,,7.54,-5.5471,1077,14,419.0,0,0,0.0
2020-04-26,cote-d-ivoire,,7.54,-5.5471,1150,14,468.0,73,0,49.0
2020-04-27,cote-d-ivoire,,7.54,-5.5471,1164,14,499.0,14,0,31.0
2020-04-28,cote-d-ivoire,,7.54,-5.5471,1183,14,525.0,19,0,26.0
2020-04-29,cote-d-ivoire,,7.54,-5.5471,1238,14,557.0,55,0,32.0
2020-04-30,cote-d-ivoire,,7.54,-5.5471,1275,14,574.0,37,0,17.0
2020-05-01,cote-d-ivoire,,7.54,-5.5471,1333,15,597.0,58,1,23.0
2020-05-02,cote-d-ivoire,,7.54,-5.5471,1362,15,622.0,29,0,25.0
2020-05-03,cote-d-ivoire,,7.54,-5.5471,1398,17,653.0,36,2,31.0
2020-05-04,cote-d-ivoire,,7.54,-5.5471,1432,17,693.0,34,0,40.0
2020-05-05,cote-d-ivoire,,7.54,-5.5471,1464,18,701.0,32,1,8.0
2020-05-06,cote-d-ivoire,,7.54,-5.5471,1516,18,721.0,52,0,20.0
2020-05-07,cote-d-ivoire,,7.54,-5.5471,1571,20,742.0,55,2,21.0
2020-05-08,cote-d-ivoire,,7.54,-5.5471,1602,20,754.0,31,0,12.0
2020-05-09,cote-d-ivoire,,7.54,-5.5471,1667,21,769.0,65,1,15.0
2020-05-10,cote-d-ivoire,,7.54,-5.5471,1700,21,794.0,33,0,25.0
2020-05-11,cote-d-ivoire,,7.54,-5.5471,1730,21,818.0,30,0,24.0
2020-05-12,cote-d-ivoire,,7.54,-5.5471,1857,21,820.0,127,0,2.0
2020-05-13,cote-d-ivoire,,7.54,-5.5471,1912,24,902.0,55,3,82.0
2020-05-14,cote-d-ivoire,,7.54,-5.5471,1971,24,930.0,59,0,28.0
2020-05-15,cote-d-ivoire,,7.54,-5.5471,2017,24,942.0,46,0,12.0
2020-05-16,cote-d-ivoire,,7.54,-5.5471,2061,25,987.0,44,1,45.0
2020-05-17,cote-d-ivoire,,7.54,-5.5471,2109,27,1004.0,48,2,17.0
2020-05-18,cote-d-ivoire,,7.54,-5.5471,2119,28,1040.0,10,1,36.0
2020-05-19,cote-d-ivoire,,7.54,-5.5471,2153,28,1050.0,34,0,10.0
2020-05-20,cote-d-ivoire,,7.54,-5.5471,2231,29,1083.0,78,1,33.0
2020-05-21,cote-d-ivoire,,7.54,-5.5471,2301,29,1100.0,70,0,17.0
2020-05-22,cote-d-ivoire,,7.54,-5.5471,2341,29,1146.0,40,0,46.0
2020-05-23,cote-d-ivoire,,7.54,-5.5471,2366,30,1188.0,25,1,42.0
2020-05-24,cote-d-ivoire,,7.54,-5.5471,2376,30,1219.0,10,0,31.0
2020-05-25,cote-d-ivoire,,7.54,-5.5471,2423,30,1257.0,47,0,38.0
2020-05-26,cote-d-ivoire,,7.54,-5.5471,2477,30,1286.0,54,0,29.0
2020-05-27,cote-d-ivoire,,7.54,-5.5471,2556,31,1302.0,79,1,16.0
2020-05-28,cote-d-ivoire,,7.54,-5.5471,2641,32,1326.0,85,1,24.0
2020-05-29,cote-d-ivoire,,7.54,-5.5471,2750,32,1370.0,109,0,44.0
2020-05-30,cote-d-ivoire,,7.54,-5.5471,2799,33,1385.0,49,1,15.0
2020-05-31,cote-d-ivoire,,7.54,-5.5471,2833,33,1435.0,34,0,50.0
2020-06-01,cote-d-ivoire,,7.54,-5.5471,2951,33,1467.0,118,0,32.0
2020-06-02,cote-d-ivoire,,7.54,-5.5471,3024,33,1501.0,73,0,34.0
2020-06-03,cote-d-ivoire,,7.54,-5.5471,3110,35,1530.0,86,2,29.0
2020-06-04,cote-d-ivoire,,7.54,-5.5471,3262,35,1584.0,152,0,54.0
2020-06-05,cote-d-ivoire,,7.54,-5.5471,3431,36,1604.0,169,1,20.0
2020-06-06,cote-d-ivoire,,7.54,-5.5471,3557,36,1750.0,126,0,146.0
2020-06-07,cote-d-ivoire,,7.54,-5.5471,3739,36,1818.0,182,0,68.0
2020-06-08,cote-d-ivoire,,7.54,-5.5471,3881,38,1869.0,142,2,51.0
2020-06-09,cote-d-ivoire,,7.54,-5.5471,3995,38,2045.0,114,0,176.0
2020-06-10,cote-d-ivoire,,7.54,-5.5471,4181,41,2174.0,186,3,129.0
2020-06-11,cote-d-ivoire,,7.54,-5.5471,4404,41,2212.0,223,0,38.0
2020-06-12,cote-d-ivoire,,7.54,-5.5471,4684,45,2263.0,280,4,51.0
2020-06-13,cote-d-ivoire,,7.54,-5.5471,4848,45,2397.0,164,0,134.0
2020-06-14,cote-d-ivoire,,7.54,-5.5471,5084,45,2505.0,236,0,108.0
2020-06-15,cote-d-ivoire,,7.54,-5.5471,5439,46,2590.0,355,1,85.0
2020-06-16,cote-d-ivoire,,7.54,-5.5471,5679,46,2637.0,240,0,47.0
2020-06-17,cote-d-ivoire,,7.54,-5.5471,6063,48,2749.0,384,2,112.0
2020-06-18,cote-d-ivoire,,7.54,-5.5471,6444,49,2863.0,381,1,114.0
2020-06-19,cote-d-ivoire,,7.54,-5.5471,6874,49,2942.0,430,0,79.0
2020-06-20,cote-d-ivoire,,7.54,-5.5471,7276,52,2992.0,402,3,50.0
2020-06-21,cote-d-ivoire,,7.54,-5.5471,7492,54,3068.0,216,2,76.0
2020-06-22,cote-d-ivoire,,7.54,-5.5471,7677,56,3493.0,185,2,425.0
2020-06-23,cote-d-ivoire,,7.54,-5.5471,7904,58,3182.0,227,2,-311.0
2020-06-24,cote-d-ivoire,,7.54,-5.5471,8164,58,3419.0,260,0,237.0
2020-06-25,cote-d-ivoire,,7.54,-5.5471,8334,60,3487.0,170,2,68.0
2020-06-26,cote-d-ivoire,,7.54,-5.5471,8739,64,3587.0,405,4,100.0
2020-06-27,cote-d-ivoire,,7.54,-5.5471,8944,66,3722.0,205,2,135.0
2020-06-28,cote-d-ivoire,,7.54,-5.5471,9101,66,3808.0,157,0,86.0
2020-06-29,cote-d-ivoire,,7.54,-5.5471,9214,66,3996.0,113,0,188.0
2020-06-30,cote-d-ivoire,,7.54,-5.5471,9499,68,4273.0,285,2,277.0
2020-07-01,cote-d-ivoire,,7.54,-5.5471,9702,68,4381.0,203,0,108.0
2020-07-02,cote-d-ivoire,,7.54,-5.5471,9992,68,4660.0,290,0,279.0
2020-07-03,cote-d-ivoire,,7.54,-5.5471,10244,70,4726.0,252,2,66.0
2020-07-04,cote-d-ivoire,,7.54,-5.5471,10462,72,4807.0,218,2,81.0
2020-07-05,cote-d-ivoire,,7.54,-5.5471,10772,74,5067.0,310,2,260.0
2020-07-06,cote-d-ivoire,,7.54,-5.5471,10966,75,5384.0,194,1,317.0
2020-07-07,cote-d-ivoire,,7.54,-5.5471,11194,76,5487.0,228,1,103.0
2020-07-08,cote-d-ivoire,,7.54,-5.5471,11504,78,5571.0,310,2,84.0
2020-07-09,cote-d-ivoire,,7.54,-5.5471,11750,79,5752.0,246,1,181.0
2020-07-10,cote-d-ivoire,,7.54,-5.5471,12052,81,6080.0,302,2,328.0
2020-07-11,cote-d-ivoire,,7.54,-5.5471,12443,82,6357.0,391,1,277.0
2020-07-12,cote-d-ivoire,,7.54,-5.5471,12766,84,6654.0,323,2,297.0
2020-07-13,cote-d-ivoire,,7.54,-5.5471,12872,84,6810.0,106,0,156.0
2020-07-14,cote-d-ivoire,,7.54,-5.5471,13037,87,6908.0,165,3,98.0
2020-07-15,cote-d-ivoire,,7.54,-5.5471,13403,87,7146.0,366,0,238.0
2020-07-16,cote-d-ivoire,,7.54,-5.5471,13554,87,7363.0,151,0,217.0
2020-07-17,cote-d-ivoire,,7.54,-5.5471,13696,87,7607.0,142,0,244.0
2020-07-18,cote-d-ivoire,,7.54,-5.5471,13912,91,8000.0,216,4,393.0
2020-07-19,cote-d-ivoire,,7.54,-5.5471,14119,92,8366.0,207,1,366.0
2020-07-20,cote-d-ivoire,,7.54,-5.5471,14312,92,8659.0,193,0,293.0
2020-07-21,cote-d-ivoire,,7.54,-5.5471,14531,93,8857.0,219,1,198.0
2020-07-22,cote-d-ivoire,,7.54,-5.5471,14733,93,8995.0,202,0,138.0
2020-07-23,cote-d-ivoire,,7.54,-5.5471,15001,93,9282.0,268,0,287.0
2020-07-24,cote-d-ivoire,,7.54,-5.5471,15253,94,9499.0,252,1,217.0
2020-07-25,cote-d-ivoire,,7.54,-5.5471,15494,94,9880.0,241,0,381.0
2020-07-26,cote-d-ivoire,,7.54,-5.5471,15596,96,10178.0,102,2,298.0
2020-07-27,cote-d-ivoire,,7.54,-5.5471,15655,96,10361.0,59,0,183.0
2020-07-28,cote-d-ivoire,,7.54,-5.5471,15713,98,10537.0,58,2,176.0
2020-07-29,cote-d-ivoire,,7.54,-5.5471,15813,99,10793.0,100,1,256.0
2020-07-30,cote-d-ivoire,,7.54,-5.5471,15978,100,11160.0,165,1,367.0
2020-07-31,cote-d-ivoire,,7.54,-5.5471,16047,102,11428.0,69,2,268.0
