date,country,state,lat,long,confirmed,deaths,recovered,confirmed_new,deaths_new,recovered_new
2020-01-22,cuba,,21.521757,-77.78116700000002,0,0,0.0,0,0,0.0
2020-01-23,cuba,,21.521757,-77.78116700000002,0,0,0.0,0,0,0.0
2020-01-24,cuba,,21.521757,-77.78116700000002,0,0,0.0,0,0,0.0
2020-01-25,cuba,,21.521757,-77.78116700000002,0,0,0.0,0,0,0.0
2020-01-26,cuba,,21.521757,-77.78116700000002,0,0,0.0,0,0,0.0
2020-01-27,cuba,,21.521757,-77.78116700000002,0,0,0.0,0,0,0.0
2020-01-28,cuba,,21.521757,-77.78116700000002,0,0,0.0,0,0,0.0
2020-01-29,cuba,,21.521757,-77.78116700000002,0,0,0.0,0,0,0.0
2020-01-30,cuba,,21.521757,-77.78116700000002,0,0,0.0,0,0,0.0
2020-01-31,cuba,,21.521757,-77.78116700000002,0,0,0.0,0,0,0.0
2020-02-01,cuba,,21.521757,-77.78116700000002,0,0,0.0,0,0,0.0
2020-02-02,cuba,,21.521757,-77.78116700000002,0,0,0.0,0,0,0.0
2020-02-03,cuba,,21.521757,-77.78116700000002,0,0,0.0,0,0,0.0
2020-02-04,cuba,,21.521757,-77.78116700000002,0,0,0.0,0,0,0.0
2020-02-05,cuba,,21.521757,-77.78116700000002,0,0,0.0,0,0,0.0
2020-02-06,cuba,,21.521757,-77.78116700000002,0,0,0.0,0,0,0.0
2020-02-07,cuba,,21.521757,-77.78116700000002,0,0,0.0,0,0,0.0
2020-02-08,cuba,,21.521757,-77.78116700000002,0,0,0.0,0,0,0.0
2020-02-09,cuba,,21.521757,-77.78116700000002,0,0,0.0,0,0,0.0
2020-02-10,cuba,,21.521757,-77.78116700000002,0,0,0.0,0,0,0.0
2020-02-11,cuba,,21.521757,-77.78116700000002,0,0,0.0,0,0,0.0
2020-02-12,cuba,,21.521757,-77.78116700000002,0,0,0.0,0,0,0.0
2020-02-13,cuba,,21.521757,-77.78116700000002,0,0,0.0,0,0,0.0
2020-02-14,cuba,,21.521757,-77.78116700000002,0,0,0.0,0,0,0.0
2020-02-15,cuba,,21.521757,-77.78116700000002,0,0,0.0,0,0,0.0
2020-02-16,cuba,,21.521757,-77.78116700000002,0,0,0.0,0,0,0.0
2020-02-17,cuba,,21.521757,-77.78116700000002,0,0,0.0,0,0,0.0
2020-02-18,cuba,,21.521757,-77.78116700000002,0,0,0.0,0,0,0.0
2020-02-19,cuba,,21.521757,-77.78116700000002,0,0,0.0,0,0,0.0
2020-02-20,cuba,,21.521757,-77.78116700000002,0,0,0.0,0,0,0.0
2020-02-21,cuba,,21.521757,-77.78116700000002,0,0,0.0,0,0,0.0
2020-02-22,cuba,,21.521757,-77.78116700000002,0,0,0.0,0,0,0.0
2020-02-23,cuba,,21.521757,-77.78116700000002,0,0,0.0,0,0,0.0
2020-02-24,cuba,,21.521757,-77.78116700000002,0,0,0.0,0,0,0.0
2020-02-25,cuba,,21.521757,-77.78116700000002,0,0,0.0,0,0,0.0
2020-02-26,cuba,,21.521757,-77.78116700000002,0,0,0.0,0,0,0.0
2020-02-27,cuba,,21.521757,-77.78116700000002,0,0,0.0,0,0,0.0
2020-02-28,cuba,,21.521757,-77.78116700000002,0,0,0.0,0,0,0.0
2020-02-29,cuba,,21.521757,-77.78116700000002,0,0,0.0,0,0,0.0
2020-03-01,cuba,,21.521757,-77.78116700000002,0,0,0.0,0,0,0.0
2020-03-02,cuba,,21.521757,-77.78116700000002,0,0,0.0,0,0,0.0
2020-03-03,cuba,,21.521757,-77.78116700000002,0,0,0.0,0,0,0.0
2020-03-04,cuba,,21.521757,-77.78116700000002,0,0,0.0,0,0,0.0
2020-03-05,cuba,,21.521757,-77.78116700000002,0,0,0.0,0,0,0.0
2020-03-06,cuba,,21.521757,-77.78116700000002,0,0,0.0,0,0,0.0
2020-03-07,cuba,,21.521757,-77.78116700000002,0,0,0.0,0,0,0.0
2020-03-08,cuba,,21.521757,-77.78116700000002,0,0,0.0,0,0,0.0
2020-03-09,cuba,,21.521757,-77.78116700000002,0,0,0.0,0,0,0.0
2020-03-10,cuba,,21.521757,-77.78116700000002,0,0,0.0,0,0,0.0
2020-03-11,cuba,,21.521757,-77.78116700000002,0,0,0.0,0,0,0.0
2020-03-12,cuba,,21.521757,-77.78116700000002,3,0,0.0,3,0,0.0
2020-03-13,cuba,,21.521757,-77.78116700000002,4,0,0.0,1,0,0.0
2020-03-14,cuba,,21.521757,-77.78116700000002,4,0,0.0,0,0,0.0
2020-03-15,cuba,,21.521757,-77.78116700000002,4,0,0.0,0,0,0.0
2020-03-16,cuba,,21.521757,-77.78116700000002,4,0,0.0,0,0,0.0
2020-03-17,cuba,,21.521757,-77.78116700000002,5,0,0.0,1,0,0.0
2020-03-18,cuba,,21.521757,-77.78116700000002,7,1,0.0,2,1,0.0
2020-03-19,cuba,,21.521757,-77.78116700000002,11,1,0.0,4,0,0.0
2020-03-20,cuba,,21.521757,-77.78116700000002,16,1,0.0,5,0,0.0
2020-03-21,cuba,,21.521757,-77.78116700000002,21,1,0.0,5,0,0.0
2020-03-22,cuba,,21.521757,-77.78116700000002,35,1,0.0,14,0,0.0
2020-03-23,cuba,,21.521757,-77.78116700000002,40,1,0.0,5,0,0.0
2020-03-24,cuba,,21.521757,-77.78116700000002,48,1,1.0,8,0,1.0
2020-03-25,cuba,,21.521757,-77.78116700000002,57,1,1.0,9,0,0.0
2020-03-26,cuba,,21.521757,-77.78116700000002,67,2,1.0,10,1,0.0
2020-03-27,cuba,,21.521757,-77.78116700000002,80,2,4.0,13,0,3.0
2020-03-28,cuba,,21.521757,-77.78116700000002,119,3,4.0,39,1,0.0
2020-03-29,cuba,,21.521757,-77.78116700000002,139,3,4.0,20,0,0.0
2020-03-30,cuba,,21.521757,-77.78116700000002,170,4,4.0,31,1,0.0
2020-03-31,cuba,,21.521757,-77.78116700000002,186,6,8.0,16,2,4.0
2020-04-01,cuba,,21.521757,-77.78116700000002,212,6,12.0,26,0,4.0
2020-04-02,cuba,,21.521757,-77.78116700000002,233,6,13.0,21,0,1.0
2020-04-03,cuba,,21.521757,-77.78116700000002,269,6,15.0,36,0,2.0
2020-04-04,cuba,,21.521757,-77.78116700000002,288,6,15.0,19,0,0.0
2020-04-05,cuba,,21.521757,-77.78116700000002,320,8,15.0,32,2,0.0
2020-04-06,cuba,,21.521757,-77.78116700000002,350,9,18.0,30,1,3.0
2020-04-07,cuba,,21.521757,-77.78116700000002,396,11,27.0,46,2,9.0
2020-04-08,cuba,,21.521757,-77.78116700000002,457,12,27.0,61,1,0.0
2020-04-09,cuba,,21.521757,-77.78116700000002,515,15,28.0,58,3,1.0
2020-04-10,cuba,,21.521757,-77.78116700000002,564,15,51.0,49,0,23.0
2020-04-11,cuba,,21.521757,-77.78116700000002,620,16,77.0,56,1,26.0
2020-04-12,cuba,,21.521757,-77.78116700000002,669,18,92.0,49,2,15.0
2020-04-13,cuba,,21.521757,-77.78116700000002,726,21,121.0,57,3,29.0
2020-04-14,cuba,,21.521757,-77.78116700000002,766,21,132.0,40,0,11.0
2020-04-15,cuba,,21.521757,-77.78116700000002,814,24,151.0,48,3,19.0
2020-04-16,cuba,,21.521757,-77.78116700000002,862,27,171.0,48,3,20.0
2020-04-17,cuba,,21.521757,-77.78116700000002,923,31,192.0,61,4,21.0
2020-04-18,cuba,,21.521757,-77.78116700000002,986,32,227.0,63,1,35.0
2020-04-19,cuba,,21.521757,-77.78116700000002,1035,34,255.0,49,2,28.0
2020-04-20,cuba,,21.521757,-77.78116700000002,1087,36,285.0,52,2,30.0
2020-04-21,cuba,,21.521757,-77.78116700000002,1137,38,309.0,50,2,24.0
2020-04-22,cuba,,21.521757,-77.78116700000002,1189,40,341.0,52,2,32.0
2020-04-23,cuba,,21.521757,-77.78116700000002,1235,43,365.0,46,3,24.0
2020-04-24,cuba,,21.521757,-77.78116700000002,1285,49,416.0,50,6,51.0
2020-04-25,cuba,,21.521757,-77.78116700000002,1337,51,437.0,52,2,21.0
2020-04-26,cuba,,21.521757,-77.78116700000002,1369,54,501.0,32,3,64.0
2020-04-27,cuba,,21.521757,-77.78116700000002,1389,56,525.0,20,2,24.0
2020-04-28,cuba,,21.521757,-77.78116700000002,1437,58,575.0,48,2,50.0
2020-04-29,cuba,,21.521757,-77.78116700000002,1467,58,617.0,30,0,42.0
2020-04-30,cuba,,21.521757,-77.78116700000002,1501,61,681.0,34,3,64.0
2020-05-01,cuba,,21.521757,-77.78116700000002,1537,64,714.0,36,3,33.0
2020-05-02,cuba,,21.521757,-77.78116700000002,1611,66,765.0,74,2,51.0
2020-05-03,cuba,,21.521757,-77.78116700000002,1649,67,827.0,38,1,62.0
2020-05-04,cuba,,21.521757,-77.78116700000002,1668,69,876.0,19,2,49.0
2020-05-05,cuba,,21.521757,-77.78116700000002,1685,69,954.0,17,0,78.0
2020-05-06,cuba,,21.521757,-77.78116700000002,1703,69,1001.0,18,0,47.0
2020-05-07,cuba,,21.521757,-77.78116700000002,1729,73,1031.0,26,4,30.0
2020-05-08,cuba,,21.521757,-77.78116700000002,1741,74,1078.0,12,1,47.0
2020-05-09,cuba,,21.521757,-77.78116700000002,1754,74,1140.0,13,0,62.0
2020-05-10,cuba,,21.521757,-77.78116700000002,1766,77,1193.0,12,3,53.0
2020-05-11,cuba,,21.521757,-77.78116700000002,1783,77,1229.0,17,0,36.0
2020-05-12,cuba,,21.521757,-77.78116700000002,1804,78,1277.0,21,1,48.0
2020-05-13,cuba,,21.521757,-77.78116700000002,1810,79,1326.0,6,1,49.0
2020-05-14,cuba,,21.521757,-77.78116700000002,1830,79,1383.0,20,0,57.0
2020-05-15,cuba,,21.521757,-77.78116700000002,1840,79,1425.0,10,0,42.0
2020-05-16,cuba,,21.521757,-77.78116700000002,1862,79,1460.0,22,0,35.0
2020-05-17,cuba,,21.521757,-77.78116700000002,1872,79,1495.0,10,0,35.0
2020-05-18,cuba,,21.521757,-77.78116700000002,1881,79,1505.0,9,0,10.0
2020-05-19,cuba,,21.521757,-77.78116700000002,1887,79,1538.0,6,0,33.0
2020-05-20,cuba,,21.521757,-77.78116700000002,1900,79,1573.0,13,0,35.0
2020-05-21,cuba,,21.521757,-77.78116700000002,1908,80,1603.0,8,1,30.0
2020-05-22,cuba,,21.521757,-77.78116700000002,1916,81,1631.0,8,1,28.0
2020-05-23,cuba,,21.521757,-77.78116700000002,1931,81,1671.0,15,0,40.0
2020-05-24,cuba,,21.521757,-77.78116700000002,1941,82,1689.0,10,1,18.0
2020-05-25,cuba,,21.521757,-77.78116700000002,1947,82,1704.0,6,0,15.0
2020-05-26,cuba,,21.521757,-77.78116700000002,1963,82,1709.0,16,0,5.0
2020-05-27,cuba,,21.521757,-77.78116700000002,1974,82,1724.0,11,0,15.0
2020-05-28,cuba,,21.521757,-77.78116700000002,1983,82,1734.0,9,0,10.0
2020-05-29,cuba,,21.521757,-77.78116700000002,2005,82,1760.0,22,0,26.0
2020-05-30,cuba,,21.521757,-77.78116700000002,2025,83,1795.0,20,1,35.0
2020-05-31,cuba,,21.521757,-77.78116700000002,2045,83,1809.0,20,0,14.0
2020-06-01,cuba,,21.521757,-77.78116700000002,2083,83,1826.0,38,0,17.0
2020-06-02,cuba,,21.521757,-77.78116700000002,2092,83,1827.0,9,0,1.0
2020-06-03,cuba,,21.521757,-77.78116700000002,2107,83,1830.0,15,0,3.0
2020-06-04,cuba,,21.521757,-77.78116700000002,2119,83,1839.0,12,0,9.0
2020-06-05,cuba,,21.521757,-77.78116700000002,2133,83,1848.0,14,0,9.0
2020-06-06,cuba,,21.521757,-77.78116700000002,2173,83,1855.0,40,0,7.0
2020-06-07,cuba,,21.521757,-77.78116700000002,2191,83,1862.0,18,0,7.0
2020-06-08,cuba,,21.521757,-77.78116700000002,2200,83,1868.0,9,0,6.0
2020-06-09,cuba,,21.521757,-77.78116700000002,2205,83,1880.0,5,0,12.0
2020-06-10,cuba,,21.521757,-77.78116700000002,2211,83,1886.0,6,0,6.0
2020-06-11,cuba,,21.521757,-77.78116700000002,2219,84,1893.0,8,1,7.0
2020-06-12,cuba,,21.521757,-77.78116700000002,2233,84,1902.0,14,0,9.0
2020-06-13,cuba,,21.521757,-77.78116700000002,2238,84,1923.0,5,0,21.0
2020-06-14,cuba,,21.521757,-77.78116700000002,2248,84,1948.0,10,0,25.0
2020-06-15,cuba,,21.521757,-77.78116700000002,2262,84,1965.0,14,0,17.0
2020-06-16,cuba,,21.521757,-77.78116700000002,2273,84,1994.0,11,0,29.0
2020-06-17,cuba,,21.521757,-77.78116700000002,2280,84,1999.0,7,0,5.0
2020-06-18,cuba,,21.521757,-77.78116700000002,2295,85,2020.0,15,1,21.0
2020-06-19,cuba,,21.521757,-77.78116700000002,2305,85,2037.0,10,0,17.0
2020-06-20,cuba,,21.521757,-77.78116700000002,2309,85,2071.0,4,0,34.0
2020-06-21,cuba,,21.521757,-77.78116700000002,2312,85,2103.0,3,0,32.0
2020-06-22,cuba,,21.521757,-77.78116700000002,2315,85,2113.0,3,0,10.0
2020-06-23,cuba,,21.521757,-77.78116700000002,2318,85,2123.0,3,0,10.0
2020-06-24,cuba,,21.521757,-77.78116700000002,2319,85,2130.0,1,0,7.0
2020-06-25,cuba,,21.521757,-77.78116700000002,2321,85,2171.0,2,0,41.0
2020-06-26,cuba,,21.521757,-77.78116700000002,2325,85,2180.0,4,0,9.0
2020-06-27,cuba,,21.521757,-77.78116700000002,2330,86,2187.0,5,1,7.0
2020-06-28,cuba,,21.521757,-77.78116700000002,2332,86,2201.0,2,0,14.0
2020-06-29,cuba,,21.521757,-77.78116700000002,2340,86,2211.0,8,0,10.0
2020-06-30,cuba,,21.521757,-77.78116700000002,2341,86,2214.0,1,0,3.0
2020-07-01,cuba,,21.521757,-77.78116700000002,2348,86,2218.0,7,0,4.0
2020-07-02,cuba,,21.521757,-77.78116700000002,2353,86,2221.0,5,0,3.0
2020-07-03,cuba,,21.521757,-77.78116700000002,2361,86,2224.0,8,0,3.0
2020-07-04,cuba,,21.521757,-77.78116700000002,2369,86,2227.0,8,0,3.0
2020-07-05,cuba,,21.521757,-77.78116700000002,2372,86,2229.0,3,0,2.0
2020-07-06,cuba,,21.521757,-77.78116700000002,2380,86,2234.0,8,0,5.0
2020-07-07,cuba,,21.521757,-77.78116700000002,2395,86,2240.0,15,0,6.0
2020-07-08,cuba,,21.521757,-77.78116700000002,2399,86,2242.0,4,0,2.0
2020-07-09,cuba,,21.521757,-77.78116700000002,2403,86,2244.0,4,0,2.0
2020-07-10,cuba,,21.521757,-77.78116700000002,2413,86,2249.0,10,0,5.0
2020-07-11,cuba,,21.521757,-77.78116700000002,2420,87,2254.0,7,1,5.0
2020-07-12,cuba,,21.521757,-77.78116700000002,2426,87,2258.0,6,0,4.0
2020-07-13,cuba,,21.521757,-77.78116700000002,2428,87,2268.0,2,0,10.0
2020-07-14,cuba,,21.521757,-77.78116700000002,2432,87,2275.0,4,0,7.0
2020-07-15,cuba,,21.521757,-77.78116700000002,2438,87,2277.0,6,0,2.0
2020-07-16,cuba,,21.521757,-77.78116700000002,2440,87,2285.0,2,0,8.0
2020-07-17,cuba,,21.521757,-77.78116700000002,2444,87,2300.0,4,0,15.0
2020-07-18,cuba,,21.521757,-77.78116700000002,2445,87,2304.0,1,0,4.0
2020-07-19,cuba,,21.521757,-77.78116700000002,2446,87,2308.0,1,0,4.0
2020-07-20,cuba,,21.521757,-77.78116700000002,2446,87,2308.0,0,0,0.0
2020-07-21,cuba,,21.521757,-77.78116700000002,2449,87,2321.0,3,0,13.0
2020-07-22,cuba,,21.521757,-77.78116700000002,2462,87,2326.0,13,0,5.0
2020-07-23,cuba,,21.521757,-77.78116700000002,2466,87,2339.0,4,0,13.0
2020-07-24,cuba,,21.521757,-77.78116700000002,2469,87,2341.0,3,0,2.0
2020-07-25,cuba,,21.521757,-77.78116700000002,2478,87,2345.0,9,0,4.0
2020-07-26,cuba,,21.521757,-77.78116700000002,2495,87,2349.0,17,0,4.0
2020-07-27,cuba,,21.521757,-77.78116700000002,2532,87,2351.0,37,0,2.0
2020-07-28,cuba,,21.521757,-77.78116700000002,2555,87,2352.0,23,0,1.0
2020-07-29,cuba,,21.521757,-77.78116700000002,2588,87,2353.0,33,0,1.0
2020-07-30,cuba,,21.521757,-77.78116700000002,2597,87,2355.0,9,0,2.0
2020-07-31,cuba,,21.521757,-77.78116700000002,2608,87,2355.0,11,0,0.0
