date,country,state,lat,long,confirmed,deaths,recovered,confirmed_new,deaths_new,recovered_new
2020-01-22,cyprus,,35.1264,33.4299,0,0,0.0,0,0,0.0
2020-01-23,cyprus,,35.1264,33.4299,0,0,0.0,0,0,0.0
2020-01-24,cyprus,,35.1264,33.4299,0,0,0.0,0,0,0.0
2020-01-25,cyprus,,35.1264,33.4299,0,0,0.0,0,0,0.0
2020-01-26,cyprus,,35.1264,33.4299,0,0,0.0,0,0,0.0
2020-01-27,cyprus,,35.1264,33.4299,0,0,0.0,0,0,0.0
2020-01-28,cyprus,,35.1264,33.4299,0,0,0.0,0,0,0.0
2020-01-29,cyprus,,35.1264,33.4299,0,0,0.0,0,0,0.0
2020-01-30,cyprus,,35.1264,33.4299,0,0,0.0,0,0,0.0
2020-01-31,cyprus,,35.1264,33.4299,0,0,0.0,0,0,0.0
2020-02-01,cyprus,,35.1264,33.4299,0,0,0.0,0,0,0.0
2020-02-02,cyprus,,35.1264,33.4299,0,0,0.0,0,0,0.0
2020-02-03,cyprus,,35.1264,33.4299,0,0,0.0,0,0,0.0
2020-02-04,cyprus,,35.1264,33.4299,0,0,0.0,0,0,0.0
2020-02-05,cyprus,,35.1264,33.4299,0,0,0.0,0,0,0.0
2020-02-06,cyprus,,35.1264,33.4299,0,0,0.0,0,0,0.0
2020-02-07,cyprus,,35.1264,33.4299,0,0,0.0,0,0,0.0
2020-02-08,cyprus,,35.1264,33.4299,0,0,0.0,0,0,0.0
2020-02-09,cyprus,,35.1264,33.4299,0,0,0.0,0,0,0.0
2020-02-10,cyprus,,35.1264,33.4299,0,0,0.0,0,0,0.0
2020-02-11,cyprus,,35.1264,33.4299,0,0,0.0,0,0,0.0
2020-02-12,cyprus,,35.1264,33.4299,0,0,0.0,0,0,0.0
2020-02-13,cyprus,,35.1264,33.4299,0,0,0.0,0,0,0.0
2020-02-14,cyprus,,35.1264,33.4299,0,0,0.0,0,0,0.0
2020-02-15,cyprus,,35.1264,33.4299,0,0,0.0,0,0,0.0
2020-02-16,cyprus,,35.1264,33.4299,0,0,0.0,0,0,0.0
2020-02-17,cyprus,,35.1264,33.4299,0,0,0.0,0,0,0.0
2020-02-18,cyprus,,35.1264,33.4299,0,0,0.0,0,0,0.0
2020-02-19,cyprus,,35.1264,33.4299,0,0,0.0,0,0,0.0
2020-02-20,cyprus,,35.1264,33.4299,0,0,0.0,0,0,0.0
2020-02-21,cyprus,,35.1264,33.4299,0,0,0.0,0,0,0.0
2020-02-22,cyprus,,35.1264,33.4299,0,0,0.0,0,0,0.0
2020-02-23,cyprus,,35.1264,33.4299,0,0,0.0,0,0,0.0
2020-02-24,cyprus,,35.1264,33.4299,0,0,0.0,0,0,0.0
2020-02-25,cyprus,,35.1264,33.4299,0,0,0.0,0,0,0.0
2020-02-26,cyprus,,35.1264,33.4299,0,0,0.0,0,0,0.0
2020-02-27,cyprus,,35.1264,33.4299,0,0,0.0,0,0,0.0
2020-02-28,cyprus,,35.1264,33.4299,0,0,0.0,0,0,0.0
2020-02-29,cyprus,,35.1264,33.4299,0,0,0.0,0,0,0.0
2020-03-01,cyprus,,35.1264,33.4299,0,0,0.0,0,0,0.0
2020-03-02,cyprus,,35.1264,33.4299,0,0,0.0,0,0,0.0
2020-03-03,cyprus,,35.1264,33.4299,0,0,0.0,0,0,0.0
2020-03-04,cyprus,,35.1264,33.4299,0,0,0.0,0,0,0.0
2020-03-05,cyprus,,35.1264,33.4299,0,0,0.0,0,0,0.0
2020-03-06,cyprus,,35.1264,33.4299,0,0,0.0,0,0,0.0
2020-03-07,cyprus,,35.1264,33.4299,0,0,0.0,0,0,0.0
2020-03-08,cyprus,,35.1264,33.4299,0,0,0.0,0,0,0.0
2020-03-09,cyprus,,35.1264,33.4299,2,0,0.0,2,0,0.0
2020-03-10,cyprus,,35.1264,33.4299,3,0,0.0,1,0,0.0
2020-03-11,cyprus,,35.1264,33.4299,6,0,0.0,3,0,0.0
2020-03-12,cyprus,,35.1264,33.4299,6,0,0.0,0,0,0.0
2020-03-13,cyprus,,35.1264,33.4299,14,0,0.0,8,0,0.0
2020-03-14,cyprus,,35.1264,33.4299,26,0,0.0,12,0,0.0
2020-03-15,cyprus,,35.1264,33.4299,26,0,0.0,0,0,0.0
2020-03-16,cyprus,,35.1264,33.4299,33,0,0.0,7,0,0.0
2020-03-17,cyprus,,35.1264,33.4299,46,0,0.0,13,0,0.0
2020-03-18,cyprus,,35.1264,33.4299,49,0,0.0,3,0,0.0
2020-03-19,cyprus,,35.1264,33.4299,67,0,0.0,18,0,0.0
2020-03-20,cyprus,,35.1264,33.4299,67,0,0.0,0,0,0.0
2020-03-21,cyprus,,35.1264,33.4299,84,0,0.0,17,0,0.0
2020-03-22,cyprus,,35.1264,33.4299,95,1,3.0,11,1,3.0
2020-03-23,cyprus,,35.1264,33.4299,116,1,3.0,21,0,0.0
2020-03-24,cyprus,,35.1264,33.4299,124,3,3.0,8,2,0.0
2020-03-25,cyprus,,35.1264,33.4299,132,3,3.0,8,0,0.0
2020-03-26,cyprus,,35.1264,33.4299,146,3,4.0,14,0,1.0
2020-03-27,cyprus,,35.1264,33.4299,162,5,15.0,16,2,11.0
2020-03-28,cyprus,,35.1264,33.4299,179,5,15.0,17,0,0.0
2020-03-29,cyprus,,35.1264,33.4299,214,5,15.0,35,0,0.0
2020-03-30,cyprus,,35.1264,33.4299,230,7,22.0,16,2,7.0
2020-03-31,cyprus,,35.1264,33.4299,262,8,23.0,32,1,1.0
2020-04-01,cyprus,,35.1264,33.4299,320,9,28.0,58,1,5.0
2020-04-02,cyprus,,35.1264,33.4299,356,10,28.0,36,1,0.0
2020-04-03,cyprus,,35.1264,33.4299,396,11,28.0,40,1,0.0
2020-04-04,cyprus,,35.1264,33.4299,426,11,33.0,30,0,5.0
2020-04-05,cyprus,,35.1264,33.4299,446,9,37.0,20,-2,4.0
2020-04-06,cyprus,,35.1264,33.4299,465,9,45.0,19,0,8.0
2020-04-07,cyprus,,35.1264,33.4299,494,9,47.0,29,0,2.0
2020-04-08,cyprus,,35.1264,33.4299,526,9,52.0,32,0,5.0
2020-04-09,cyprus,,35.1264,33.4299,564,10,53.0,38,1,1.0
2020-04-10,cyprus,,35.1264,33.4299,595,10,58.0,31,0,5.0
2020-04-11,cyprus,,35.1264,33.4299,616,10,61.0,21,0,3.0
2020-04-12,cyprus,,35.1264,33.4299,633,11,65.0,17,1,4.0
2020-04-13,cyprus,,35.1264,33.4299,662,12,65.0,29,1,0.0
2020-04-14,cyprus,,35.1264,33.4299,695,12,65.0,33,0,0.0
2020-04-15,cyprus,,35.1264,33.4299,715,12,65.0,20,0,0.0
2020-04-16,cyprus,,35.1264,33.4299,735,12,77.0,20,0,12.0
2020-04-17,cyprus,,35.1264,33.4299,750,12,77.0,15,0,0.0
2020-04-18,cyprus,,35.1264,33.4299,761,12,79.0,11,0,2.0
2020-04-19,cyprus,,35.1264,33.4299,767,12,81.0,6,0,2.0
2020-04-20,cyprus,,35.1264,33.4299,772,12,81.0,5,0,0.0
2020-04-21,cyprus,,35.1264,33.4299,784,12,98.0,12,0,17.0
2020-04-22,cyprus,,35.1264,33.4299,790,13,98.0,6,1,0.0
2020-04-23,cyprus,,35.1264,33.4299,795,13,98.0,5,0,0.0
2020-04-24,cyprus,,35.1264,33.4299,804,14,98.0,9,1,0.0
2020-04-25,cyprus,,35.1264,33.4299,810,14,148.0,6,0,50.0
2020-04-26,cyprus,,35.1264,33.4299,817,14,148.0,7,0,0.0
2020-04-27,cyprus,,35.1264,33.4299,822,15,148.0,5,1,0.0
2020-04-28,cyprus,,35.1264,33.4299,837,15,148.0,15,0,0.0
2020-04-29,cyprus,,35.1264,33.4299,843,15,148.0,6,0,0.0
2020-04-30,cyprus,,35.1264,33.4299,850,15,296.0,7,0,148.0
2020-05-01,cyprus,,35.1264,33.4299,857,15,296.0,7,0,0.0
2020-05-02,cyprus,,35.1264,33.4299,864,15,296.0,7,0,0.0
2020-05-03,cyprus,,35.1264,33.4299,872,15,296.0,8,0,0.0
2020-05-04,cyprus,,35.1264,33.4299,874,15,296.0,2,0,0.0
2020-05-05,cyprus,,35.1264,33.4299,878,15,296.0,4,0,0.0
2020-05-06,cyprus,,35.1264,33.4299,883,15,296.0,5,0,0.0
2020-05-07,cyprus,,35.1264,33.4299,889,15,400.0,6,0,104.0
2020-05-08,cyprus,,35.1264,33.4299,891,15,400.0,2,0,0.0
2020-05-09,cyprus,,35.1264,33.4299,892,15,401.0,1,0,1.0
2020-05-10,cyprus,,35.1264,33.4299,898,16,401.0,6,1,0.0
2020-05-11,cyprus,,35.1264,33.4299,901,16,401.0,3,0,0.0
2020-05-12,cyprus,,35.1264,33.4299,903,16,449.0,2,0,48.0
2020-05-13,cyprus,,35.1264,33.4299,905,17,449.0,2,1,0.0
2020-05-14,cyprus,,35.1264,33.4299,907,17,481.0,2,0,32.0
2020-05-15,cyprus,,35.1264,33.4299,910,17,481.0,3,0,0.0
2020-05-16,cyprus,,35.1264,33.4299,914,17,515.0,4,0,34.0
2020-05-17,cyprus,,35.1264,33.4299,916,17,515.0,2,0,0.0
2020-05-18,cyprus,,35.1264,33.4299,917,17,515.0,1,0,0.0
2020-05-19,cyprus,,35.1264,33.4299,918,17,515.0,1,0,0.0
2020-05-20,cyprus,,35.1264,33.4299,922,17,516.0,4,0,1.0
2020-05-21,cyprus,,35.1264,33.4299,923,17,561.0,1,0,45.0
2020-05-22,cyprus,,35.1264,33.4299,927,17,561.0,4,0,0.0
2020-05-23,cyprus,,35.1264,33.4299,927,17,594.0,0,0,33.0
2020-05-24,cyprus,,35.1264,33.4299,935,17,594.0,8,0,0.0
2020-05-25,cyprus,,35.1264,33.4299,937,17,594.0,2,0,0.0
2020-05-26,cyprus,,35.1264,33.4299,939,17,594.0,2,0,0.0
2020-05-27,cyprus,,35.1264,33.4299,939,17,594.0,0,0,0.0
2020-05-28,cyprus,,35.1264,33.4299,941,17,784.0,2,0,190.0
2020-05-29,cyprus,,35.1264,33.4299,942,17,784.0,1,0,0.0
2020-05-30,cyprus,,35.1264,33.4299,944,17,790.0,2,0,6.0
2020-05-31,cyprus,,35.1264,33.4299,944,17,790.0,0,0,0.0
2020-06-01,cyprus,,35.1264,33.4299,949,17,790.0,5,0,0.0
2020-06-02,cyprus,,35.1264,33.4299,952,17,790.0,3,0,0.0
2020-06-03,cyprus,,35.1264,33.4299,958,17,790.0,6,0,0.0
2020-06-04,cyprus,,35.1264,33.4299,958,17,790.0,0,0,0.0
2020-06-05,cyprus,,35.1264,33.4299,960,17,807.0,2,0,17.0
2020-06-06,cyprus,,35.1264,33.4299,960,18,807.0,0,1,0.0
2020-06-07,cyprus,,35.1264,33.4299,964,18,807.0,4,0,0.0
2020-06-08,cyprus,,35.1264,33.4299,970,18,807.0,6,0,0.0
2020-06-09,cyprus,,35.1264,33.4299,972,18,807.0,2,0,0.0
2020-06-10,cyprus,,35.1264,33.4299,974,18,807.0,2,0,0.0
2020-06-11,cyprus,,35.1264,33.4299,975,18,807.0,1,0,0.0
2020-06-12,cyprus,,35.1264,33.4299,980,18,807.0,5,0,0.0
2020-06-13,cyprus,,35.1264,33.4299,980,18,807.0,0,0,0.0
2020-06-14,cyprus,,35.1264,33.4299,983,18,807.0,3,0,0.0
2020-06-15,cyprus,,35.1264,33.4299,985,18,807.0,2,0,0.0
2020-06-16,cyprus,,35.1264,33.4299,985,18,816.0,0,0,9.0
2020-06-17,cyprus,,35.1264,33.4299,985,18,816.0,0,0,0.0
2020-06-18,cyprus,,35.1264,33.4299,985,19,818.0,0,1,2.0
2020-06-19,cyprus,,35.1264,33.4299,985,19,818.0,0,0,0.0
2020-06-20,cyprus,,35.1264,33.4299,985,19,824.0,0,0,6.0
2020-06-21,cyprus,,35.1264,33.4299,986,19,824.0,1,0,0.0
2020-06-22,cyprus,,35.1264,33.4299,988,19,824.0,2,0,0.0
2020-06-23,cyprus,,35.1264,33.4299,990,19,824.0,2,0,0.0
2020-06-24,cyprus,,35.1264,33.4299,991,19,824.0,1,0,0.0
2020-06-25,cyprus,,35.1264,33.4299,992,19,824.0,1,0,0.0
2020-06-26,cyprus,,35.1264,33.4299,992,19,824.0,0,0,0.0
2020-06-27,cyprus,,35.1264,33.4299,994,19,824.0,2,0,0.0
2020-06-28,cyprus,,35.1264,33.4299,994,19,833.0,0,0,9.0
2020-06-29,cyprus,,35.1264,33.4299,996,19,833.0,2,0,0.0
2020-06-30,cyprus,,35.1264,33.4299,998,19,833.0,2,0,0.0
2020-07-01,cyprus,,35.1264,33.4299,999,19,833.0,1,0,0.0
2020-07-02,cyprus,,35.1264,33.4299,999,19,833.0,0,0,0.0
2020-07-03,cyprus,,35.1264,33.4299,999,19,839.0,0,0,6.0
2020-07-04,cyprus,,35.1264,33.4299,1002,19,839.0,3,0,0.0
2020-07-05,cyprus,,35.1264,33.4299,1003,19,839.0,1,0,0.0
2020-07-06,cyprus,,35.1264,33.4299,1004,19,839.0,1,0,0.0
2020-07-07,cyprus,,35.1264,33.4299,1005,19,839.0,1,0,0.0
2020-07-08,cyprus,,35.1264,33.4299,1008,19,839.0,3,0,0.0
2020-07-09,cyprus,,35.1264,33.4299,1010,19,839.0,2,0,0.0
2020-07-10,cyprus,,35.1264,33.4299,1013,19,839.0,3,0,0.0
2020-07-11,cyprus,,35.1264,33.4299,1014,19,839.0,1,0,0.0
2020-07-12,cyprus,,35.1264,33.4299,1021,19,839.0,7,0,0.0
2020-07-13,cyprus,,35.1264,33.4299,1022,19,839.0,1,0,0.0
2020-07-14,cyprus,,35.1264,33.4299,1023,19,839.0,1,0,0.0
2020-07-15,cyprus,,35.1264,33.4299,1025,19,839.0,2,0,0.0
2020-07-16,cyprus,,35.1264,33.4299,1031,19,845.0,6,0,6.0
2020-07-17,cyprus,,35.1264,33.4299,1033,19,845.0,2,0,0.0
2020-07-18,cyprus,,35.1264,33.4299,1037,19,845.0,4,0,0.0
2020-07-19,cyprus,,35.1264,33.4299,1038,19,845.0,1,0,0.0
2020-07-20,cyprus,,35.1264,33.4299,1038,19,847.0,0,0,2.0
2020-07-21,cyprus,,35.1264,33.4299,1040,19,847.0,2,0,0.0
2020-07-22,cyprus,,35.1264,33.4299,1040,19,847.0,0,0,0.0
2020-07-23,cyprus,,35.1264,33.4299,1045,19,847.0,5,0,0.0
2020-07-24,cyprus,,35.1264,33.4299,1047,19,847.0,2,0,0.0
2020-07-25,cyprus,,35.1264,33.4299,1053,19,852.0,6,0,5.0
2020-07-26,cyprus,,35.1264,33.4299,1057,19,852.0,4,0,0.0
2020-07-27,cyprus,,35.1264,33.4299,1060,19,852.0,3,0,0.0
2020-07-28,cyprus,,35.1264,33.4299,1067,19,852.0,7,0,0.0
2020-07-29,cyprus,,35.1264,33.4299,1080,19,852.0,13,0,0.0
2020-07-30,cyprus,,35.1264,33.4299,1090,19,852.0,10,0,0.0
2020-07-31,cyprus,,35.1264,33.4299,1114,19,852.0,24,0,0.0
