date,country,state,lat,long,confirmed,deaths,recovered,confirmed_new,deaths_new,recovered_new
2020-01-22,czechia,,49.8175,15.472999999999999,0,0,0.0,0,0,0.0
2020-01-23,czechia,,49.8175,15.472999999999999,0,0,0.0,0,0,0.0
2020-01-24,czechia,,49.8175,15.472999999999999,0,0,0.0,0,0,0.0
2020-01-25,czechia,,49.8175,15.472999999999999,0,0,0.0,0,0,0.0
2020-01-26,czechia,,49.8175,15.472999999999999,0,0,0.0,0,0,0.0
2020-01-27,czechia,,49.8175,15.472999999999999,0,0,0.0,0,0,0.0
2020-01-28,czechia,,49.8175,15.472999999999999,0,0,0.0,0,0,0.0
2020-01-29,czechia,,49.8175,15.472999999999999,0,0,0.0,0,0,0.0
2020-01-30,czechia,,49.8175,15.472999999999999,0,0,0.0,0,0,0.0
2020-01-31,czechia,,49.8175,15.472999999999999,0,0,0.0,0,0,0.0
2020-02-01,czechia,,49.8175,15.472999999999999,0,0,0.0,0,0,0.0
2020-02-02,czechia,,49.8175,15.472999999999999,0,0,0.0,0,0,0.0
2020-02-03,czechia,,49.8175,15.472999999999999,0,0,0.0,0,0,0.0
2020-02-04,czechia,,49.8175,15.472999999999999,0,0,0.0,0,0,0.0
2020-02-05,czechia,,49.8175,15.472999999999999,0,0,0.0,0,0,0.0
2020-02-06,czechia,,49.8175,15.472999999999999,0,0,0.0,0,0,0.0
2020-02-07,czechia,,49.8175,15.472999999999999,0,0,0.0,0,0,0.0
2020-02-08,czechia,,49.8175,15.472999999999999,0,0,0.0,0,0,0.0
2020-02-09,czechia,,49.8175,15.472999999999999,0,0,0.0,0,0,0.0
2020-02-10,czechia,,49.8175,15.472999999999999,0,0,0.0,0,0,0.0
2020-02-11,czechia,,49.8175,15.472999999999999,0,0,0.0,0,0,0.0
2020-02-12,czechia,,49.8175,15.472999999999999,0,0,0.0,0,0,0.0
2020-02-13,czechia,,49.8175,15.472999999999999,0,0,0.0,0,0,0.0
2020-02-14,czechia,,49.8175,15.472999999999999,0,0,0.0,0,0,0.0
2020-02-15,czechia,,49.8175,15.472999999999999,0,0,0.0,0,0,0.0
2020-02-16,czechia,,49.8175,15.472999999999999,0,0,0.0,0,0,0.0
2020-02-17,czechia,,49.8175,15.472999999999999,0,0,0.0,0,0,0.0
2020-02-18,czechia,,49.8175,15.472999999999999,0,0,0.0,0,0,0.0
2020-02-19,czechia,,49.8175,15.472999999999999,0,0,0.0,0,0,0.0
2020-02-20,czechia,,49.8175,15.472999999999999,0,0,0.0,0,0,0.0
2020-02-21,czechia,,49.8175,15.472999999999999,0,0,0.0,0,0,0.0
2020-02-22,czechia,,49.8175,15.472999999999999,0,0,0.0,0,0,0.0
2020-02-23,czechia,,49.8175,15.472999999999999,0,0,0.0,0,0,0.0
2020-02-24,czechia,,49.8175,15.472999999999999,0,0,0.0,0,0,0.0
2020-02-25,czechia,,49.8175,15.472999999999999,0,0,0.0,0,0,0.0
2020-02-26,czechia,,49.8175,15.472999999999999,0,0,0.0,0,0,0.0
2020-02-27,czechia,,49.8175,15.472999999999999,0,0,0.0,0,0,0.0
2020-02-28,czechia,,49.8175,15.472999999999999,0,0,0.0,0,0,0.0
2020-02-29,czechia,,49.8175,15.472999999999999,0,0,0.0,0,0,0.0
2020-03-01,czechia,,49.8175,15.472999999999999,3,0,0.0,3,0,0.0
2020-03-02,czechia,,49.8175,15.472999999999999,3,0,0.0,0,0,0.0
2020-03-03,czechia,,49.8175,15.472999999999999,5,0,0.0,2,0,0.0
2020-03-04,czechia,,49.8175,15.472999999999999,8,0,0.0,3,0,0.0
2020-03-05,czechia,,49.8175,15.472999999999999,12,0,0.0,4,0,0.0
2020-03-06,czechia,,49.8175,15.472999999999999,18,0,0.0,6,0,0.0
2020-03-07,czechia,,49.8175,15.472999999999999,19,0,0.0,1,0,0.0
2020-03-08,czechia,,49.8175,15.472999999999999,31,0,0.0,12,0,0.0
2020-03-09,czechia,,49.8175,15.472999999999999,31,0,0.0,0,0,0.0
2020-03-10,czechia,,49.8175,15.472999999999999,41,0,0.0,10,0,0.0
2020-03-11,czechia,,49.8175,15.472999999999999,91,0,0.0,50,0,0.0
2020-03-12,czechia,,49.8175,15.472999999999999,94,0,0.0,3,0,0.0
2020-03-13,czechia,,49.8175,15.472999999999999,141,0,0.0,47,0,0.0
2020-03-14,czechia,,49.8175,15.472999999999999,189,0,0.0,48,0,0.0
2020-03-15,czechia,,49.8175,15.472999999999999,253,0,0.0,64,0,0.0
2020-03-16,czechia,,49.8175,15.472999999999999,298,0,3.0,45,0,3.0
2020-03-17,czechia,,49.8175,15.472999999999999,396,0,3.0,98,0,0.0
2020-03-18,czechia,,49.8175,15.472999999999999,464,0,3.0,68,0,0.0
2020-03-19,czechia,,49.8175,15.472999999999999,694,0,3.0,230,0,0.0
2020-03-20,czechia,,49.8175,15.472999999999999,833,0,4.0,139,0,1.0
2020-03-21,czechia,,49.8175,15.472999999999999,995,0,6.0,162,0,2.0
2020-03-22,czechia,,49.8175,15.472999999999999,1120,1,6.0,125,1,0.0
2020-03-23,czechia,,49.8175,15.472999999999999,1236,1,6.0,116,0,0.0
2020-03-24,czechia,,49.8175,15.472999999999999,1394,3,10.0,158,2,4.0
2020-03-25,czechia,,49.8175,15.472999999999999,1654,6,10.0,260,3,0.0
2020-03-26,czechia,,49.8175,15.472999999999999,1925,9,10.0,271,3,0.0
2020-03-27,czechia,,49.8175,15.472999999999999,2279,9,11.0,354,0,1.0
2020-03-28,czechia,,49.8175,15.472999999999999,2631,11,11.0,352,2,0.0
2020-03-29,czechia,,49.8175,15.472999999999999,2817,16,11.0,186,5,0.0
2020-03-30,czechia,,49.8175,15.472999999999999,3001,23,25.0,184,7,14.0
2020-03-31,czechia,,49.8175,15.472999999999999,3308,31,45.0,307,8,20.0
2020-04-01,czechia,,49.8175,15.472999999999999,3508,39,61.0,200,8,16.0
2020-04-02,czechia,,49.8175,15.472999999999999,3858,44,67.0,350,5,6.0
2020-04-03,czechia,,49.8175,15.472999999999999,4091,53,72.0,233,9,5.0
2020-04-04,czechia,,49.8175,15.472999999999999,4472,59,78.0,381,6,6.0
2020-04-05,czechia,,49.8175,15.472999999999999,4587,67,96.0,115,8,18.0
2020-04-06,czechia,,49.8175,15.472999999999999,4822,78,121.0,235,11,25.0
2020-04-07,czechia,,49.8175,15.472999999999999,5017,88,172.0,195,10,51.0
2020-04-08,czechia,,49.8175,15.472999999999999,5312,99,233.0,295,11,61.0
2020-04-09,czechia,,49.8175,15.472999999999999,5569,112,301.0,257,13,68.0
2020-04-10,czechia,,49.8175,15.472999999999999,5732,119,346.0,163,7,45.0
2020-04-11,czechia,,49.8175,15.472999999999999,5831,129,411.0,99,10,65.0
2020-04-12,czechia,,49.8175,15.472999999999999,5991,138,464.0,160,9,53.0
2020-04-13,czechia,,49.8175,15.472999999999999,6059,143,519.0,68,5,55.0
2020-04-14,czechia,,49.8175,15.472999999999999,6111,161,642.0,52,18,123.0
2020-04-15,czechia,,49.8175,15.472999999999999,6216,166,819.0,105,5,177.0
2020-04-16,czechia,,49.8175,15.472999999999999,6433,169,972.0,217,3,153.0
2020-04-17,czechia,,49.8175,15.472999999999999,6549,173,1174.0,116,4,202.0
2020-04-18,czechia,,49.8175,15.472999999999999,6606,181,1227.0,57,8,53.0
2020-04-19,czechia,,49.8175,15.472999999999999,6746,186,1298.0,140,5,71.0
2020-04-20,czechia,,49.8175,15.472999999999999,6900,194,1559.0,154,8,261.0
2020-04-21,czechia,,49.8175,15.472999999999999,7033,201,1753.0,133,7,194.0
2020-04-22,czechia,,49.8175,15.472999999999999,7132,208,1989.0,99,7,236.0
2020-04-23,czechia,,49.8175,15.472999999999999,7187,210,2152.0,55,2,163.0
2020-04-24,czechia,,49.8175,15.472999999999999,7273,214,2371.0,86,4,219.0
2020-04-25,czechia,,49.8175,15.472999999999999,7352,218,2453.0,79,4,82.0
2020-04-26,czechia,,49.8175,15.472999999999999,7404,220,2545.0,52,2,92.0
2020-04-27,czechia,,49.8175,15.472999999999999,7445,223,2826.0,41,3,281.0
2020-04-28,czechia,,49.8175,15.472999999999999,7504,227,2948.0,59,4,122.0
2020-04-29,czechia,,49.8175,15.472999999999999,7579,227,3108.0,75,0,160.0
2020-04-30,czechia,,49.8175,15.472999999999999,7682,236,3314.0,103,9,206.0
2020-05-01,czechia,,49.8175,15.472999999999999,7737,240,3372.0,55,4,58.0
2020-05-02,czechia,,49.8175,15.472999999999999,7755,245,3461.0,18,5,89.0
2020-05-03,czechia,,49.8175,15.472999999999999,7781,248,3587.0,26,3,126.0
2020-05-04,czechia,,49.8175,15.472999999999999,7819,252,3807.0,38,4,220.0
2020-05-05,czechia,,49.8175,15.472999999999999,7896,257,4006.0,77,5,199.0
2020-05-06,czechia,,49.8175,15.472999999999999,7974,262,4205.0,78,5,199.0
2020-05-07,czechia,,49.8175,15.472999999999999,8031,270,4371.0,57,8,166.0
2020-05-08,czechia,,49.8175,15.472999999999999,8077,273,4413.0,46,3,42.0
2020-05-09,czechia,,49.8175,15.472999999999999,8095,276,4447.0,18,3,34.0
2020-05-10,czechia,,49.8175,15.472999999999999,8123,280,4474.0,28,4,27.0
2020-05-11,czechia,,49.8175,15.472999999999999,8176,282,4711.0,53,2,237.0
2020-05-12,czechia,,49.8175,15.472999999999999,8221,283,4889.0,45,1,178.0
2020-05-13,czechia,,49.8175,15.472999999999999,8269,290,5047.0,48,7,158.0
2020-05-14,czechia,,49.8175,15.472999999999999,8351,293,5241.0,82,3,194.0
2020-05-15,czechia,,49.8175,15.472999999999999,8406,295,5381.0,55,2,140.0
2020-05-16,czechia,,49.8175,15.472999999999999,8455,296,5422.0,49,1,41.0
2020-05-17,czechia,,49.8175,15.472999999999999,8475,298,5462.0,20,2,40.0
2020-05-18,czechia,,49.8175,15.472999999999999,8586,297,5641.0,111,-1,179.0
2020-05-19,czechia,,49.8175,15.472999999999999,8647,302,5726.0,61,5,85.0
2020-05-20,czechia,,49.8175,15.472999999999999,8721,304,5830.0,74,2,104.0
2020-05-21,czechia,,49.8175,15.472999999999999,8754,306,5926.0,33,2,96.0
2020-05-22,czechia,,49.8175,15.472999999999999,8813,312,6025.0,59,6,99.0
2020-05-23,czechia,,49.8175,15.472999999999999,8890,314,6044.0,77,2,19.0
2020-05-24,czechia,,49.8175,15.472999999999999,8955,315,6078.0,65,1,34.0
2020-05-25,czechia,,49.8175,15.472999999999999,9002,317,6182.0,47,2,104.0
2020-05-26,czechia,,49.8175,15.472999999999999,9050,317,6270.0,48,0,88.0
2020-05-27,czechia,,49.8175,15.472999999999999,9086,317,6370.0,36,0,100.0
2020-05-28,czechia,,49.8175,15.472999999999999,9140,319,6460.0,54,2,90.0
2020-05-29,czechia,,49.8175,15.472999999999999,9196,319,6500.0,56,0,40.0
2020-05-30,czechia,,49.8175,15.472999999999999,9230,319,6546.0,34,0,46.0
2020-05-31,czechia,,49.8175,15.472999999999999,9268,320,6558.0,38,1,12.0
2020-06-01,czechia,,49.8175,15.472999999999999,9302,321,6642.0,34,1,84.0
2020-06-02,czechia,,49.8175,15.472999999999999,9364,323,6686.0,62,2,44.0
2020-06-03,czechia,,49.8175,15.472999999999999,9438,325,6749.0,74,2,63.0
2020-06-04,czechia,,49.8175,15.472999999999999,9494,326,6809.0,56,1,60.0
2020-06-05,czechia,,49.8175,15.472999999999999,9529,327,6881.0,35,1,72.0
2020-06-06,czechia,,49.8175,15.472999999999999,9567,327,6885.0,38,0,4.0
2020-06-07,czechia,,49.8175,15.472999999999999,9628,327,6891.0,61,0,6.0
2020-06-08,czechia,,49.8175,15.472999999999999,9697,328,6994.0,69,1,103.0
2020-06-09,czechia,,49.8175,15.472999999999999,9751,328,7053.0,54,0,59.0
2020-06-10,czechia,,49.8175,15.472999999999999,9824,330,7111.0,73,2,58.0
2020-06-11,czechia,,49.8175,15.472999999999999,9855,328,7166.0,31,-2,55.0
2020-06-12,czechia,,49.8175,15.472999999999999,9938,329,7215.0,83,1,49.0
2020-06-13,czechia,,49.8175,15.472999999999999,9991,328,7219.0,53,-1,4.0
2020-06-14,czechia,,49.8175,15.472999999999999,10024,329,7226.0,33,1,7.0
2020-06-15,czechia,,49.8175,15.472999999999999,10064,330,7296.0,40,1,70.0
2020-06-16,czechia,,49.8175,15.472999999999999,10111,331,7358.0,47,1,62.0
2020-06-17,czechia,,49.8175,15.472999999999999,10162,333,7399.0,51,2,41.0
2020-06-18,czechia,,49.8175,15.472999999999999,10280,334,7440.0,118,1,41.0
2020-06-19,czechia,,49.8175,15.472999999999999,10406,335,7473.0,126,1,33.0
2020-06-20,czechia,,49.8175,15.472999999999999,10448,336,7477.0,42,1,4.0
2020-06-21,czechia,,49.8175,15.472999999999999,10498,336,7499.0,50,0,22.0
2020-06-22,czechia,,49.8175,15.472999999999999,10523,336,7537.0,25,0,38.0
2020-06-23,czechia,,49.8175,15.472999999999999,10650,339,7555.0,127,3,18.0
2020-06-24,czechia,,49.8175,15.472999999999999,10777,343,7588.0,127,4,33.0
2020-06-25,czechia,,49.8175,15.472999999999999,10870,345,7649.0,93,2,61.0
2020-06-26,czechia,,49.8175,15.472999999999999,11038,349,7668.0,168,4,19.0
2020-06-27,czechia,,49.8175,15.472999999999999,11298,349,7682.0,260,0,14.0
2020-06-28,czechia,,49.8175,15.472999999999999,11603,348,7705.0,305,-1,23.0
2020-06-29,czechia,,49.8175,15.472999999999999,11805,348,7746.0,202,0,41.0
2020-06-30,czechia,,49.8175,15.472999999999999,11954,349,7771.0,149,1,25.0
2020-07-01,czechia,,49.8175,15.472999999999999,12046,349,7797.0,92,0,26.0
2020-07-02,czechia,,49.8175,15.472999999999999,12178,353,7822.0,132,4,25.0
2020-07-03,czechia,,49.8175,15.472999999999999,12319,353,7848.0,141,0,26.0
2020-07-04,czechia,,49.8175,15.472999999999999,12440,351,7852.0,121,-2,4.0
2020-07-05,czechia,,49.8175,15.472999999999999,12515,348,7864.0,75,-3,12.0
2020-07-06,czechia,,49.8175,15.472999999999999,12566,350,7873.0,51,2,9.0
2020-07-07,czechia,,49.8175,15.472999999999999,12685,351,7910.0,119,1,37.0
2020-07-08,czechia,,49.8175,15.472999999999999,12814,351,8010.0,129,0,100.0
2020-07-09,czechia,,49.8175,15.472999999999999,12919,352,8128.0,105,1,118.0
2020-07-10,czechia,,49.8175,15.472999999999999,13001,352,8208.0,82,0,80.0
2020-07-11,czechia,,49.8175,15.472999999999999,13115,352,8227.0,114,0,19.0
2020-07-12,czechia,,49.8175,15.472999999999999,13174,352,8247.0,59,0,20.0
2020-07-13,czechia,,49.8175,15.472999999999999,13238,353,8373.0,64,1,126.0
2020-07-14,czechia,,49.8175,15.472999999999999,13341,355,8441.0,103,2,68.0
2020-07-15,czechia,,49.8175,15.472999999999999,13475,355,8507.0,134,0,66.0
2020-07-16,czechia,,49.8175,15.472999999999999,13612,355,8640.0,137,0,133.0
2020-07-17,czechia,,49.8175,15.472999999999999,13742,358,8725.0,130,3,85.0
2020-07-18,czechia,,49.8175,15.472999999999999,13855,358,8733.0,113,0,8.0
2020-07-19,czechia,,49.8175,15.472999999999999,13945,359,8761.0,90,1,28.0
2020-07-20,czechia,,49.8175,15.472999999999999,14098,359,8836.0,153,0,75.0
2020-07-21,czechia,,49.8175,15.472999999999999,14324,360,8918.0,226,1,82.0
2020-07-22,czechia,,49.8175,15.472999999999999,14570,364,9144.0,246,4,226.0
2020-07-23,czechia,,49.8175,15.472999999999999,14800,365,9328.0,230,1,184.0
2020-07-24,czechia,,49.8175,15.472999999999999,15081,369,9422.0,281,4,94.0
2020-07-25,czechia,,49.8175,15.472999999999999,15212,369,9590.0,131,0,168.0
2020-07-26,czechia,,49.8175,15.472999999999999,15324,371,11428.0,112,2,1838.0
2020-07-27,czechia,,49.8175,15.472999999999999,15516,373,11428.0,192,2,0.0
2020-07-28,czechia,,49.8175,15.472999999999999,15799,374,11428.0,283,1,0.0
2020-07-29,czechia,,49.8175,15.472999999999999,16093,374,11429.0,294,0,1.0
2020-07-30,czechia,,49.8175,15.472999999999999,16371,379,11482.0,278,5,53.0
2020-07-31,czechia,,49.8175,15.472999999999999,16574,382,11569.0,203,3,87.0
