date,country,state,lat,long,confirmed,deaths,recovered,confirmed_new,deaths_new,recovered_new
2020-01-22,dominican-republic,,18.7357,-70.1627,0,0,0.0,0,0,0.0
2020-01-23,dominican-republic,,18.7357,-70.1627,0,0,0.0,0,0,0.0
2020-01-24,dominican-republic,,18.7357,-70.1627,0,0,0.0,0,0,0.0
2020-01-25,dominican-republic,,18.7357,-70.1627,0,0,0.0,0,0,0.0
2020-01-26,dominican-republic,,18.7357,-70.1627,0,0,0.0,0,0,0.0
2020-01-27,dominican-republic,,18.7357,-70.1627,0,0,0.0,0,0,0.0
2020-01-28,dominican-republic,,18.7357,-70.1627,0,0,0.0,0,0,0.0
2020-01-29,dominican-republic,,18.7357,-70.1627,0,0,0.0,0,0,0.0
2020-01-30,dominican-republic,,18.7357,-70.1627,0,0,0.0,0,0,0.0
2020-01-31,dominican-republic,,18.7357,-70.1627,0,0,0.0,0,0,0.0
2020-02-01,dominican-republic,,18.7357,-70.1627,0,0,0.0,0,0,0.0
2020-02-02,dominican-republic,,18.7357,-70.1627,0,0,0.0,0,0,0.0
2020-02-03,dominican-republic,,18.7357,-70.1627,0,0,0.0,0,0,0.0
2020-02-04,dominican-republic,,18.7357,-70.1627,0,0,0.0,0,0,0.0
2020-02-05,dominican-republic,,18.7357,-70.1627,0,0,0.0,0,0,0.0
2020-02-06,dominican-republic,,18.7357,-70.1627,0,0,0.0,0,0,0.0
2020-02-07,dominican-republic,,18.7357,-70.1627,0,0,0.0,0,0,0.0
2020-02-08,dominican-republic,,18.7357,-70.1627,0,0,0.0,0,0,0.0
2020-02-09,dominican-republic,,18.7357,-70.1627,0,0,0.0,0,0,0.0
2020-02-10,dominican-republic,,18.7357,-70.1627,0,0,0.0,0,0,0.0
2020-02-11,dominican-republic,,18.7357,-70.1627,0,0,0.0,0,0,0.0
2020-02-12,dominican-republic,,18.7357,-70.1627,0,0,0.0,0,0,0.0
2020-02-13,dominican-republic,,18.7357,-70.1627,0,0,0.0,0,0,0.0
2020-02-14,dominican-republic,,18.7357,-70.1627,0,0,0.0,0,0,0.0
2020-02-15,dominican-republic,,18.7357,-70.1627,0,0,0.0,0,0,0.0
2020-02-16,dominican-republic,,18.7357,-70.1627,0,0,0.0,0,0,0.0
2020-02-17,dominican-republic,,18.7357,-70.1627,0,0,0.0,0,0,0.0
2020-02-18,dominican-republic,,18.7357,-70.1627,0,0,0.0,0,0,0.0
2020-02-19,dominican-republic,,18.7357,-70.1627,0,0,0.0,0,0,0.0
2020-02-20,dominican-republic,,18.7357,-70.1627,0,0,0.0,0,0,0.0
2020-02-21,dominican-republic,,18.7357,-70.1627,0,0,0.0,0,0,0.0
2020-02-22,dominican-republic,,18.7357,-70.1627,0,0,0.0,0,0,0.0
2020-02-23,dominican-republic,,18.7357,-70.1627,0,0,0.0,0,0,0.0
2020-02-24,dominican-republic,,18.7357,-70.1627,0,0,0.0,0,0,0.0
2020-02-25,dominican-republic,,18.7357,-70.1627,0,0,0.0,0,0,0.0
2020-02-26,dominican-republic,,18.7357,-70.1627,0,0,0.0,0,0,0.0
2020-02-27,dominican-republic,,18.7357,-70.1627,0,0,0.0,0,0,0.0
2020-02-28,dominican-republic,,18.7357,-70.1627,0,0,0.0,0,0,0.0
2020-02-29,dominican-republic,,18.7357,-70.1627,0,0,0.0,0,0,0.0
2020-03-01,dominican-republic,,18.7357,-70.1627,1,0,0.0,1,0,0.0
2020-03-02,dominican-republic,,18.7357,-70.1627,1,0,0.0,0,0,0.0
2020-03-03,dominican-republic,,18.7357,-70.1627,1,0,0.0,0,0,0.0
2020-03-04,dominican-republic,,18.7357,-70.1627,1,0,0.0,0,0,0.0
2020-03-05,dominican-republic,,18.7357,-70.1627,1,0,0.0,0,0,0.0
2020-03-06,dominican-republic,,18.7357,-70.1627,2,0,0.0,1,0,0.0
2020-03-07,dominican-republic,,18.7357,-70.1627,2,0,0.0,0,0,0.0
2020-03-08,dominican-republic,,18.7357,-70.1627,5,0,0.0,3,0,0.0
2020-03-09,dominican-republic,,18.7357,-70.1627,5,0,0.0,0,0,0.0
2020-03-10,dominican-republic,,18.7357,-70.1627,5,0,0.0,0,0,0.0
2020-03-11,dominican-republic,,18.7357,-70.1627,5,0,0.0,0,0,0.0
2020-03-12,dominican-republic,,18.7357,-70.1627,5,0,0.0,0,0,0.0
2020-03-13,dominican-republic,,18.7357,-70.1627,5,0,0.0,0,0,0.0
2020-03-14,dominican-republic,,18.7357,-70.1627,11,0,0.0,6,0,0.0
2020-03-15,dominican-republic,,18.7357,-70.1627,11,0,0.0,0,0,0.0
2020-03-16,dominican-republic,,18.7357,-70.1627,11,0,0.0,0,0,0.0
2020-03-17,dominican-republic,,18.7357,-70.1627,21,1,0.0,10,1,0.0
2020-03-18,dominican-republic,,18.7357,-70.1627,21,1,0.0,0,0,0.0
2020-03-19,dominican-republic,,18.7357,-70.1627,34,2,0.0,13,1,0.0
2020-03-20,dominican-republic,,18.7357,-70.1627,72,2,0.0,38,0,0.0
2020-03-21,dominican-republic,,18.7357,-70.1627,112,2,0.0,40,0,0.0
2020-03-22,dominican-republic,,18.7357,-70.1627,202,3,0.0,90,1,0.0
2020-03-23,dominican-republic,,18.7357,-70.1627,245,3,0.0,43,0,0.0
2020-03-24,dominican-republic,,18.7357,-70.1627,312,6,3.0,67,3,3.0
2020-03-25,dominican-republic,,18.7357,-70.1627,392,10,3.0,80,4,0.0
2020-03-26,dominican-republic,,18.7357,-70.1627,488,10,3.0,96,0,0.0
2020-03-27,dominican-republic,,18.7357,-70.1627,581,20,3.0,93,10,0.0
2020-03-28,dominican-republic,,18.7357,-70.1627,719,28,3.0,138,8,0.0
2020-03-29,dominican-republic,,18.7357,-70.1627,859,39,3.0,140,11,0.0
2020-03-30,dominican-republic,,18.7357,-70.1627,901,42,4.0,42,3,1.0
2020-03-31,dominican-republic,,18.7357,-70.1627,1109,51,5.0,208,9,1.0
2020-04-01,dominican-republic,,18.7357,-70.1627,1284,57,9.0,175,6,4.0
2020-04-02,dominican-republic,,18.7357,-70.1627,1380,60,16.0,96,3,7.0
2020-04-03,dominican-republic,,18.7357,-70.1627,1488,68,16.0,108,8,0.0
2020-04-04,dominican-republic,,18.7357,-70.1627,1488,68,16.0,0,0,0.0
2020-04-05,dominican-republic,,18.7357,-70.1627,1745,82,17.0,257,14,1.0
2020-04-06,dominican-republic,,18.7357,-70.1627,1828,86,33.0,83,4,16.0
2020-04-07,dominican-republic,,18.7357,-70.1627,1956,98,36.0,128,12,3.0
2020-04-08,dominican-republic,,18.7357,-70.1627,2111,108,50.0,155,10,14.0
2020-04-09,dominican-republic,,18.7357,-70.1627,2349,118,80.0,238,10,30.0
2020-04-10,dominican-republic,,18.7357,-70.1627,2620,126,98.0,271,8,18.0
2020-04-11,dominican-republic,,18.7357,-70.1627,2759,135,108.0,139,9,10.0
2020-04-12,dominican-republic,,18.7357,-70.1627,2967,173,131.0,208,38,23.0
2020-04-13,dominican-republic,,18.7357,-70.1627,3167,177,152.0,200,4,21.0
2020-04-14,dominican-republic,,18.7357,-70.1627,3286,183,162.0,119,6,10.0
2020-04-15,dominican-republic,,18.7357,-70.1627,3614,189,208.0,328,6,46.0
2020-04-16,dominican-republic,,18.7357,-70.1627,3755,196,215.0,141,7,7.0
2020-04-17,dominican-republic,,18.7357,-70.1627,4126,200,268.0,371,4,53.0
2020-04-18,dominican-republic,,18.7357,-70.1627,4335,217,312.0,209,17,44.0
2020-04-19,dominican-republic,,18.7357,-70.1627,4680,226,363.0,345,9,51.0
2020-04-20,dominican-republic,,18.7357,-70.1627,4964,235,416.0,284,9,53.0
2020-04-21,dominican-republic,,18.7357,-70.1627,5044,245,463.0,80,10,47.0
2020-04-22,dominican-republic,,18.7357,-70.1627,5300,260,581.0,256,15,118.0
2020-04-23,dominican-republic,,18.7357,-70.1627,5543,265,581.0,243,5,0.0
2020-04-24,dominican-republic,,18.7357,-70.1627,5749,267,763.0,206,2,182.0
2020-04-25,dominican-republic,,18.7357,-70.1627,5926,273,822.0,177,6,59.0
2020-04-26,dominican-republic,,18.7357,-70.1627,6135,278,910.0,209,5,88.0
2020-04-27,dominican-republic,,18.7357,-70.1627,6293,282,993.0,158,4,83.0
2020-04-28,dominican-republic,,18.7357,-70.1627,6416,286,1165.0,123,4,172.0
2020-04-29,dominican-republic,,18.7357,-70.1627,6652,293,1228.0,236,7,63.0
2020-04-30,dominican-republic,,18.7357,-70.1627,6972,301,1301.0,320,8,73.0
2020-05-01,dominican-republic,,18.7357,-70.1627,7288,313,1387.0,316,12,86.0
2020-05-02,dominican-republic,,18.7357,-70.1627,7578,326,1481.0,290,13,94.0
2020-05-03,dominican-republic,,18.7357,-70.1627,7954,333,1606.0,376,7,125.0
2020-05-04,dominican-republic,,18.7357,-70.1627,8235,346,1771.0,281,13,165.0
2020-05-05,dominican-republic,,18.7357,-70.1627,8480,354,1905.0,245,8,134.0
2020-05-06,dominican-republic,,18.7357,-70.1627,8807,362,1960.0,327,8,55.0
2020-05-07,dominican-republic,,18.7357,-70.1627,9095,373,2064.0,288,11,104.0
2020-05-08,dominican-republic,,18.7357,-70.1627,9376,380,2286.0,281,7,222.0
2020-05-09,dominican-republic,,18.7357,-70.1627,9882,385,2584.0,506,5,298.0
2020-05-10,dominican-republic,,18.7357,-70.1627,10347,388,2763.0,465,3,179.0
2020-05-11,dominican-republic,,18.7357,-70.1627,10634,393,2870.0,287,5,107.0
2020-05-12,dominican-republic,,18.7357,-70.1627,10900,402,3221.0,266,9,351.0
2020-05-13,dominican-republic,,18.7357,-70.1627,11196,409,3221.0,296,7,0.0
2020-05-14,dominican-republic,,18.7357,-70.1627,11320,422,3351.0,124,13,130.0
2020-05-15,dominican-republic,,18.7357,-70.1627,11739,424,3557.0,419,2,206.0
2020-05-16,dominican-republic,,18.7357,-70.1627,12110,428,3726.0,371,4,169.0
2020-05-17,dominican-republic,,18.7357,-70.1627,12314,428,5847.0,204,0,2121.0
2020-05-18,dominican-republic,,18.7357,-70.1627,12725,434,6613.0,411,6,766.0
2020-05-19,dominican-republic,,18.7357,-70.1627,13223,441,6613.0,498,7,0.0
2020-05-20,dominican-republic,,18.7357,-70.1627,13477,446,7142.0,254,5,529.0
2020-05-21,dominican-republic,,18.7357,-70.1627,13657,448,7366.0,180,2,224.0
2020-05-22,dominican-republic,,18.7357,-70.1627,13989,456,7572.0,332,8,206.0
2020-05-23,dominican-republic,,18.7357,-70.1627,14422,458,7854.0,433,2,282.0
2020-05-24,dominican-republic,,18.7357,-70.1627,14801,458,8133.0,379,0,279.0
2020-05-25,dominican-republic,,18.7357,-70.1627,15073,460,8285.0,272,2,152.0
2020-05-26,dominican-republic,,18.7357,-70.1627,15264,468,8534.0,191,8,249.0
2020-05-27,dominican-republic,,18.7357,-70.1627,15723,474,8790.0,459,6,256.0
2020-05-28,dominican-republic,,18.7357,-70.1627,16068,485,8952.0,345,11,162.0
2020-05-29,dominican-republic,,18.7357,-70.1627,16531,488,9266.0,463,3,314.0
2020-05-30,dominican-republic,,18.7357,-70.1627,16908,498,9557.0,377,10,291.0
2020-05-31,dominican-republic,,18.7357,-70.1627,17285,502,10559.0,377,4,1002.0
2020-06-01,dominican-republic,,18.7357,-70.1627,17572,502,10893.0,287,0,334.0
2020-06-02,dominican-republic,,18.7357,-70.1627,17752,515,11075.0,180,13,182.0
2020-06-03,dominican-republic,,18.7357,-70.1627,18040,516,11224.0,288,1,149.0
2020-06-04,dominican-republic,,18.7357,-70.1627,18319,520,11474.0,279,4,250.0
2020-06-05,dominican-republic,,18.7357,-70.1627,18708,525,11736.0,389,5,262.0
2020-06-06,dominican-republic,,18.7357,-70.1627,19195,536,11919.0,487,11,183.0
2020-06-07,dominican-republic,,18.7357,-70.1627,19600,538,12007.0,405,2,88.0
2020-06-08,dominican-republic,,18.7357,-70.1627,20126,539,12158.0,526,1,151.0
2020-06-09,dominican-republic,,18.7357,-70.1627,20415,544,12208.0,289,5,50.0
2020-06-10,dominican-republic,,18.7357,-70.1627,20808,550,12318.0,393,6,110.0
2020-06-11,dominican-republic,,18.7357,-70.1627,21437,561,12541.0,629,11,223.0
2020-06-12,dominican-republic,,18.7357,-70.1627,22008,568,12754.0,571,7,213.0
2020-06-13,dominican-republic,,18.7357,-70.1627,22572,577,13084.0,564,9,330.0
2020-06-14,dominican-republic,,18.7357,-70.1627,22962,592,13320.0,390,15,236.0
2020-06-15,dominican-republic,,18.7357,-70.1627,23271,605,14025.0,309,13,705.0
2020-06-16,dominican-republic,,18.7357,-70.1627,23686,615,14133.0,415,10,108.0
2020-06-17,dominican-republic,,18.7357,-70.1627,24105,633,14216.0,419,18,83.0
2020-06-18,dominican-republic,,18.7357,-70.1627,24645,635,14293.0,540,2,77.0
2020-06-19,dominican-republic,,18.7357,-70.1627,25068,647,14605.0,423,12,312.0
2020-06-20,dominican-republic,,18.7357,-70.1627,25778,655,14957.0,710,8,352.0
2020-06-21,dominican-republic,,18.7357,-70.1627,26677,662,15138.0,899,7,181.0
2020-06-22,dominican-republic,,18.7357,-70.1627,27370,669,15338.0,693,7,200.0
2020-06-23,dominican-republic,,18.7357,-70.1627,27936,675,15551.0,566,6,213.0
2020-06-24,dominican-republic,,18.7357,-70.1627,28631,691,16006.0,695,16,455.0
2020-06-25,dominican-republic,,18.7357,-70.1627,29141,698,16223.0,510,7,217.0
2020-06-26,dominican-republic,,18.7357,-70.1627,29764,712,16357.0,623,14,134.0
2020-06-27,dominican-republic,,18.7357,-70.1627,30619,718,16666.0,855,6,309.0
2020-06-28,dominican-republic,,18.7357,-70.1627,31373,726,17142.0,754,8,476.0
2020-06-29,dominican-republic,,18.7357,-70.1627,31816,733,17280.0,443,7,138.0
2020-06-30,dominican-republic,,18.7357,-70.1627,32568,747,17580.0,752,14,300.0
2020-07-01,dominican-republic,,18.7357,-70.1627,33387,754,17904.0,819,7,324.0
2020-07-02,dominican-republic,,18.7357,-70.1627,34197,765,18141.0,810,11,237.0
2020-07-03,dominican-republic,,18.7357,-70.1627,35148,775,18392.0,951,10,251.0
2020-07-04,dominican-republic,,18.7357,-70.1627,36184,786,18602.0,1036,11,210.0
2020-07-05,dominican-republic,,18.7357,-70.1627,37425,794,18943.0,1241,8,341.0
2020-07-06,dominican-republic,,18.7357,-70.1627,38128,804,19489.0,703,10,546.0
2020-07-07,dominican-republic,,18.7357,-70.1627,38430,821,19564.0,302,17,75.0
2020-07-08,dominican-republic,,18.7357,-70.1627,39588,829,20056.0,1158,8,492.0
2020-07-09,dominican-republic,,18.7357,-70.1627,40790,842,20426.0,1202,13,370.0
2020-07-10,dominican-republic,,18.7357,-70.1627,41915,864,20830.0,1125,22,404.0
2020-07-11,dominican-republic,,18.7357,-70.1627,43114,880,20996.0,1199,16,166.0
2020-07-12,dominican-republic,,18.7357,-70.1627,44532,897,21459.0,1418,17,463.0
2020-07-13,dominican-republic,,18.7357,-70.1627,45506,903,22441.0,974,6,982.0
2020-07-14,dominican-republic,,18.7357,-70.1627,46305,910,23134.0,799,7,693.0
2020-07-15,dominican-republic,,18.7357,-70.1627,47671,929,23459.0,1366,19,325.0
2020-07-16,dominican-republic,,18.7357,-70.1627,48743,941,23636.0,1072,12,177.0
2020-07-17,dominican-republic,,18.7357,-70.1627,50113,942,24423.0,1370,1,787.0
2020-07-18,dominican-republic,,18.7357,-70.1627,51519,971,24607.0,1406,29,184.0
2020-07-19,dominican-republic,,18.7357,-70.1627,52855,981,25094.0,1336,10,487.0
2020-07-20,dominican-republic,,18.7357,-70.1627,53956,993,25561.0,1101,12,467.0
2020-07-21,dominican-republic,,18.7357,-70.1627,54797,999,25976.0,841,6,415.0
2020-07-22,dominican-republic,,18.7357,-70.1627,56043,1005,26466.0,1246,6,490.0
2020-07-23,dominican-republic,,18.7357,-70.1627,57615,1006,26905.0,1572,1,439.0
2020-07-24,dominican-republic,,18.7357,-70.1627,59077,1036,27625.0,1462,30,720.0
2020-07-25,dominican-republic,,18.7357,-70.1627,60896,1055,27980.0,1819,19,355.0
2020-07-26,dominican-republic,,18.7357,-70.1627,62908,1063,28603.0,2012,8,623.0
2020-07-27,dominican-republic,,18.7357,-70.1627,64156,1083,30204.0,1248,20,1601.0
2020-07-28,dominican-republic,,18.7357,-70.1627,64690,1101,32014.0,534,18,1810.0
2020-07-29,dominican-republic,,18.7357,-70.1627,66182,1123,33947.0,1492,22,1933.0
2020-07-30,dominican-republic,,18.7357,-70.1627,67915,1146,35302.0,1733,23,1355.0
2020-07-31,dominican-republic,,18.7357,-70.1627,69649,1160,36470.0,1734,14,1168.0
