date,country,state,lat,long,confirmed,deaths,recovered,confirmed_new,deaths_new,recovered_new
2020-01-22,ecuador,,-1.8312,-78.1834,0,0,0.0,0,0,0.0
2020-01-23,ecuador,,-1.8312,-78.1834,0,0,0.0,0,0,0.0
2020-01-24,ecuador,,-1.8312,-78.1834,0,0,0.0,0,0,0.0
2020-01-25,ecuador,,-1.8312,-78.1834,0,0,0.0,0,0,0.0
2020-01-26,ecuador,,-1.8312,-78.1834,0,0,0.0,0,0,0.0
2020-01-27,ecuador,,-1.8312,-78.1834,0,0,0.0,0,0,0.0
2020-01-28,ecuador,,-1.8312,-78.1834,0,0,0.0,0,0,0.0
2020-01-29,ecuador,,-1.8312,-78.1834,0,0,0.0,0,0,0.0
2020-01-30,ecuador,,-1.8312,-78.1834,0,0,0.0,0,0,0.0
2020-01-31,ecuador,,-1.8312,-78.1834,0,0,0.0,0,0,0.0
2020-02-01,ecuador,,-1.8312,-78.1834,0,0,0.0,0,0,0.0
2020-02-02,ecuador,,-1.8312,-78.1834,0,0,0.0,0,0,0.0
2020-02-03,ecuador,,-1.8312,-78.1834,0,0,0.0,0,0,0.0
2020-02-04,ecuador,,-1.8312,-78.1834,0,0,0.0,0,0,0.0
2020-02-05,ecuador,,-1.8312,-78.1834,0,0,0.0,0,0,0.0
2020-02-06,ecuador,,-1.8312,-78.1834,0,0,0.0,0,0,0.0
2020-02-07,ecuador,,-1.8312,-78.1834,0,0,0.0,0,0,0.0
2020-02-08,ecuador,,-1.8312,-78.1834,0,0,0.0,0,0,0.0
2020-02-09,ecuador,,-1.8312,-78.1834,0,0,0.0,0,0,0.0
2020-02-10,ecuador,,-1.8312,-78.1834,0,0,0.0,0,0,0.0
2020-02-11,ecuador,,-1.8312,-78.1834,0,0,0.0,0,0,0.0
2020-02-12,ecuador,,-1.8312,-78.1834,0,0,0.0,0,0,0.0
2020-02-13,ecuador,,-1.8312,-78.1834,0,0,0.0,0,0,0.0
2020-02-14,ecuador,,-1.8312,-78.1834,0,0,0.0,0,0,0.0
2020-02-15,ecuador,,-1.8312,-78.1834,0,0,0.0,0,0,0.0
2020-02-16,ecuador,,-1.8312,-78.1834,0,0,0.0,0,0,0.0
2020-02-17,ecuador,,-1.8312,-78.1834,0,0,0.0,0,0,0.0
2020-02-18,ecuador,,-1.8312,-78.1834,0,0,0.0,0,0,0.0
2020-02-19,ecuador,,-1.8312,-78.1834,0,0,0.0,0,0,0.0
2020-02-20,ecuador,,-1.8312,-78.1834,0,0,0.0,0,0,0.0
2020-02-21,ecuador,,-1.8312,-78.1834,0,0,0.0,0,0,0.0
2020-02-22,ecuador,,-1.8312,-78.1834,0,0,0.0,0,0,0.0
2020-02-23,ecuador,,-1.8312,-78.1834,0,0,0.0,0,0,0.0
2020-02-24,ecuador,,-1.8312,-78.1834,0,0,0.0,0,0,0.0
2020-02-25,ecuador,,-1.8312,-78.1834,0,0,0.0,0,0,0.0
2020-02-26,ecuador,,-1.8312,-78.1834,0,0,0.0,0,0,0.0
2020-02-27,ecuador,,-1.8312,-78.1834,0,0,0.0,0,0,0.0
2020-02-28,ecuador,,-1.8312,-78.1834,0,0,0.0,0,0,0.0
2020-02-29,ecuador,,-1.8312,-78.1834,0,0,0.0,0,0,0.0
2020-03-01,ecuador,,-1.8312,-78.1834,6,0,0.0,6,0,0.0
2020-03-02,ecuador,,-1.8312,-78.1834,6,0,0.0,0,0,0.0
2020-03-03,ecuador,,-1.8312,-78.1834,7,0,0.0,1,0,0.0
2020-03-04,ecuador,,-1.8312,-78.1834,10,0,0.0,3,0,0.0
2020-03-05,ecuador,,-1.8312,-78.1834,13,0,0.0,3,0,0.0
2020-03-06,ecuador,,-1.8312,-78.1834,13,0,0.0,0,0,0.0
2020-03-07,ecuador,,-1.8312,-78.1834,13,0,0.0,0,0,0.0
2020-03-08,ecuador,,-1.8312,-78.1834,14,0,0.0,1,0,0.0
2020-03-09,ecuador,,-1.8312,-78.1834,15,0,0.0,1,0,0.0
2020-03-10,ecuador,,-1.8312,-78.1834,15,0,0.0,0,0,0.0
2020-03-11,ecuador,,-1.8312,-78.1834,17,0,0.0,2,0,0.0
2020-03-12,ecuador,,-1.8312,-78.1834,17,0,0.0,0,0,0.0
2020-03-13,ecuador,,-1.8312,-78.1834,17,0,0.0,0,0,0.0
2020-03-14,ecuador,,-1.8312,-78.1834,28,2,0.0,11,2,0.0
2020-03-15,ecuador,,-1.8312,-78.1834,28,2,0.0,0,0,0.0
2020-03-16,ecuador,,-1.8312,-78.1834,37,2,0.0,9,0,0.0
2020-03-17,ecuador,,-1.8312,-78.1834,58,2,0.0,21,0,0.0
2020-03-18,ecuador,,-1.8312,-78.1834,111,2,0.0,53,0,0.0
2020-03-19,ecuador,,-1.8312,-78.1834,199,3,0.0,88,1,0.0
2020-03-20,ecuador,,-1.8312,-78.1834,367,5,0.0,168,2,0.0
2020-03-21,ecuador,,-1.8312,-78.1834,506,7,3.0,139,2,3.0
2020-03-22,ecuador,,-1.8312,-78.1834,789,14,3.0,283,7,0.0
2020-03-23,ecuador,,-1.8312,-78.1834,981,18,3.0,192,4,0.0
2020-03-24,ecuador,,-1.8312,-78.1834,1082,27,3.0,101,9,0.0
2020-03-25,ecuador,,-1.8312,-78.1834,1173,28,3.0,91,1,0.0
2020-03-26,ecuador,,-1.8312,-78.1834,1403,34,3.0,230,6,0.0
2020-03-27,ecuador,,-1.8312,-78.1834,1595,36,3.0,192,2,0.0
2020-03-28,ecuador,,-1.8312,-78.1834,1823,48,3.0,228,12,0.0
2020-03-29,ecuador,,-1.8312,-78.1834,1924,58,3.0,101,10,0.0
2020-03-30,ecuador,,-1.8312,-78.1834,1962,60,3.0,38,2,0.0
2020-03-31,ecuador,,-1.8312,-78.1834,2240,75,54.0,278,15,51.0
2020-04-01,ecuador,,-1.8312,-78.1834,2748,93,58.0,508,18,4.0
2020-04-02,ecuador,,-1.8312,-78.1834,3163,120,65.0,415,27,7.0
2020-04-03,ecuador,,-1.8312,-78.1834,3368,145,65.0,205,25,0.0
2020-04-04,ecuador,,-1.8312,-78.1834,3465,172,100.0,97,27,35.0
2020-04-05,ecuador,,-1.8312,-78.1834,3646,180,100.0,181,8,0.0
2020-04-06,ecuador,,-1.8312,-78.1834,3747,191,100.0,101,11,0.0
2020-04-07,ecuador,,-1.8312,-78.1834,3747,191,100.0,0,0,0.0
2020-04-08,ecuador,,-1.8312,-78.1834,4450,242,140.0,703,51,40.0
2020-04-09,ecuador,,-1.8312,-78.1834,4965,272,339.0,515,30,199.0
2020-04-10,ecuador,,-1.8312,-78.1834,7161,297,368.0,2196,25,29.0
2020-04-11,ecuador,,-1.8312,-78.1834,7257,315,411.0,96,18,43.0
2020-04-12,ecuador,,-1.8312,-78.1834,7466,333,501.0,209,18,90.0
2020-04-13,ecuador,,-1.8312,-78.1834,7529,355,597.0,63,22,96.0
2020-04-14,ecuador,,-1.8312,-78.1834,7603,369,696.0,74,14,99.0
2020-04-15,ecuador,,-1.8312,-78.1834,7858,388,780.0,255,19,84.0
2020-04-16,ecuador,,-1.8312,-78.1834,8225,403,838.0,367,15,58.0
2020-04-17,ecuador,,-1.8312,-78.1834,8450,421,838.0,225,18,0.0
2020-04-18,ecuador,,-1.8312,-78.1834,9022,456,1008.0,572,35,170.0
2020-04-19,ecuador,,-1.8312,-78.1834,9468,474,1061.0,446,18,53.0
2020-04-20,ecuador,,-1.8312,-78.1834,10128,507,1150.0,660,33,89.0
2020-04-21,ecuador,,-1.8312,-78.1834,10398,520,1207.0,270,13,57.0
2020-04-22,ecuador,,-1.8312,-78.1834,10850,537,1262.0,452,17,55.0
2020-04-23,ecuador,,-1.8312,-78.1834,11183,560,1328.0,333,23,66.0
2020-04-24,ecuador,,-1.8312,-78.1834,22719,576,1366.0,11536,16,38.0
2020-04-25,ecuador,,-1.8312,-78.1834,22719,576,1366.0,0,0,0.0
2020-04-26,ecuador,,-1.8312,-78.1834,22719,576,1366.0,0,0,0.0
2020-04-27,ecuador,,-1.8312,-78.1834,23240,663,1557.0,521,87,191.0
2020-04-28,ecuador,,-1.8312,-78.1834,24258,871,1557.0,1018,208,0.0
2020-04-29,ecuador,,-1.8312,-78.1834,24675,883,1557.0,417,12,0.0
2020-04-30,ecuador,,-1.8312,-78.1834,24934,900,1558.0,259,17,1.0
2020-05-01,ecuador,,-1.8312,-78.1834,26336,1063,1913.0,1402,163,355.0
2020-05-02,ecuador,,-1.8312,-78.1834,27464,1371,2132.0,1128,308,219.0
2020-05-03,ecuador,,-1.8312,-78.1834,29538,1564,3300.0,2074,193,1168.0
2020-05-04,ecuador,,-1.8312,-78.1834,31881,1569,3433.0,2343,5,133.0
2020-05-05,ecuador,,-1.8312,-78.1834,31881,1569,3433.0,0,0,0.0
2020-05-06,ecuador,,-1.8312,-78.1834,31881,1618,3433.0,0,49,0.0
2020-05-07,ecuador,,-1.8312,-78.1834,30298,1654,3433.0,-1583,36,0.0
2020-05-08,ecuador,,-1.8312,-78.1834,28818,1704,3433.0,-1480,50,0.0
2020-05-09,ecuador,,-1.8312,-78.1834,29071,1717,3433.0,253,13,0.0
2020-05-10,ecuador,,-1.8312,-78.1834,29559,2127,3433.0,488,410,0.0
2020-05-11,ecuador,,-1.8312,-78.1834,29509,2145,3433.0,-50,18,0.0
2020-05-12,ecuador,,-1.8312,-78.1834,30419,2327,3433.0,910,182,0.0
2020-05-13,ecuador,,-1.8312,-78.1834,30486,2334,3433.0,67,7,0.0
2020-05-14,ecuador,,-1.8312,-78.1834,30502,2338,3433.0,16,4,0.0
2020-05-15,ecuador,,-1.8312,-78.1834,31467,2594,3433.0,965,256,0.0
2020-05-16,ecuador,,-1.8312,-78.1834,32763,2688,3433.0,1296,94,0.0
2020-05-17,ecuador,,-1.8312,-78.1834,33182,2736,3433.0,419,48,0.0
2020-05-18,ecuador,,-1.8312,-78.1834,33582,2799,3433.0,400,63,0.0
2020-05-19,ecuador,,-1.8312,-78.1834,34151,2839,3457.0,569,40,24.0
2020-05-20,ecuador,,-1.8312,-78.1834,34854,2888,3557.0,703,49,100.0
2020-05-21,ecuador,,-1.8312,-78.1834,35306,2939,3557.0,452,51,0.0
2020-05-22,ecuador,,-1.8312,-78.1834,35828,3056,3557.0,522,117,0.0
2020-05-23,ecuador,,-1.8312,-78.1834,36258,3096,3557.0,430,40,0.0
2020-05-24,ecuador,,-1.8312,-78.1834,36756,3108,3560.0,498,12,3.0
2020-05-25,ecuador,,-1.8312,-78.1834,37355,3203,18003.0,599,95,14443.0
2020-05-26,ecuador,,-1.8312,-78.1834,37355,3203,18003.0,0,0,0.0
2020-05-27,ecuador,,-1.8312,-78.1834,38103,3275,18425.0,748,72,422.0
2020-05-28,ecuador,,-1.8312,-78.1834,38471,3313,18425.0,368,38,0.0
2020-05-29,ecuador,,-1.8312,-78.1834,38571,3334,19190.0,100,21,765.0
2020-05-30,ecuador,,-1.8312,-78.1834,38571,3334,19190.0,0,0,0.0
2020-05-31,ecuador,,-1.8312,-78.1834,39098,3358,19592.0,527,24,402.0
2020-06-01,ecuador,,-1.8312,-78.1834,39098,3358,19592.0,0,0,0.0
2020-06-02,ecuador,,-1.8312,-78.1834,40414,3438,20019.0,1316,80,427.0
2020-06-03,ecuador,,-1.8312,-78.1834,40966,3486,20019.0,552,48,0.0
2020-06-04,ecuador,,-1.8312,-78.1834,40966,3486,20019.0,0,0,0.0
2020-06-05,ecuador,,-1.8312,-78.1834,41575,3534,20568.0,609,48,549.0
2020-06-06,ecuador,,-1.8312,-78.1834,42728,3608,21020.0,1153,74,452.0
2020-06-07,ecuador,,-1.8312,-78.1834,43120,3621,21020.0,392,13,0.0
2020-06-08,ecuador,,-1.8312,-78.1834,43378,3642,21020.0,258,21,0.0
2020-06-09,ecuador,,-1.8312,-78.1834,43917,3690,21020.0,539,48,0.0
2020-06-10,ecuador,,-1.8312,-78.1834,44440,3720,21862.0,523,30,842.0
2020-06-11,ecuador,,-1.8312,-78.1834,44440,3720,21862.0,0,0,0.0
2020-06-12,ecuador,,-1.8312,-78.1834,45778,3828,22679.0,1338,108,817.0
2020-06-13,ecuador,,-1.8312,-78.1834,46356,3874,22865.0,578,46,186.0
2020-06-14,ecuador,,-1.8312,-78.1834,46751,3896,23064.0,395,22,199.0
2020-06-15,ecuador,,-1.8312,-78.1834,47322,3929,23349.0,571,33,285.0
2020-06-16,ecuador,,-1.8312,-78.1834,47943,3970,23684.0,621,41,335.0
2020-06-17,ecuador,,-1.8312,-78.1834,48490,4007,23881.0,547,37,197.0
2020-06-18,ecuador,,-1.8312,-78.1834,49097,4087,24123.0,607,80,242.0
2020-06-19,ecuador,,-1.8312,-78.1834,49731,4156,24446.0,634,69,323.0
2020-06-20,ecuador,,-1.8312,-78.1834,49731,4156,24446.0,0,0,0.0
2020-06-21,ecuador,,-1.8312,-78.1834,50640,4223,24991.0,909,67,545.0
2020-06-22,ecuador,,-1.8312,-78.1834,50640,4223,24991.0,0,0,0.0
2020-06-23,ecuador,,-1.8312,-78.1834,51643,4274,24991.0,1003,51,0.0
2020-06-24,ecuador,,-1.8312,-78.1834,51643,4274,24991.0,0,0,0.0
2020-06-25,ecuador,,-1.8312,-78.1834,53156,4343,26097.0,1513,69,1106.0
2020-06-26,ecuador,,-1.8312,-78.1834,53856,4406,26493.0,700,63,396.0
2020-06-27,ecuador,,-1.8312,-78.1834,54574,4424,26920.0,718,18,427.0
2020-06-28,ecuador,,-1.8312,-78.1834,55255,4429,27058.0,681,5,138.0
2020-06-29,ecuador,,-1.8312,-78.1834,55665,4502,27430.0,410,73,372.0
2020-06-30,ecuador,,-1.8312,-78.1834,56432,4527,27594.0,767,25,164.0
2020-07-01,ecuador,,-1.8312,-78.1834,58257,4576,27887.0,1825,49,293.0
2020-07-02,ecuador,,-1.8312,-78.1834,59468,4639,28032.0,1211,63,145.0
2020-07-03,ecuador,,-1.8312,-78.1834,60657,4700,28391.0,1189,61,359.0
2020-07-04,ecuador,,-1.8312,-78.1834,61535,4769,28507.0,878,69,116.0
2020-07-05,ecuador,,-1.8312,-78.1834,61958,4781,28722.0,423,12,215.0
2020-07-06,ecuador,,-1.8312,-78.1834,62380,4821,28872.0,422,40,150.0
2020-07-07,ecuador,,-1.8312,-78.1834,63245,4873,29071.0,865,52,199.0
2020-07-08,ecuador,,-1.8312,-78.1834,63245,4873,29071.0,0,0,0.0
2020-07-09,ecuador,,-1.8312,-78.1834,64221,4900,29184.0,976,27,113.0
2020-07-10,ecuador,,-1.8312,-78.1834,65018,4939,29577.0,797,39,393.0
2020-07-11,ecuador,,-1.8312,-78.1834,67209,5031,30107.0,2191,92,530.0
2020-07-12,ecuador,,-1.8312,-78.1834,67870,5047,30283.0,661,16,176.0
2020-07-13,ecuador,,-1.8312,-78.1834,68459,5063,30369.0,589,16,86.0
2020-07-14,ecuador,,-1.8312,-78.1834,69570,5130,30484.0,1111,67,115.0
2020-07-15,ecuador,,-1.8312,-78.1834,70329,5158,30641.0,759,28,157.0
2020-07-16,ecuador,,-1.8312,-78.1834,71365,5207,31260.0,1036,49,619.0
2020-07-17,ecuador,,-1.8312,-78.1834,72444,5250,31404.0,1079,43,144.0
2020-07-18,ecuador,,-1.8312,-78.1834,73382,5282,31757.0,938,32,353.0
2020-07-19,ecuador,,-1.8312,-78.1834,74013,5313,31901.0,631,31,144.0
2020-07-20,ecuador,,-1.8312,-78.1834,74620,5318,31955.0,607,5,54.0
2020-07-21,ecuador,,-1.8312,-78.1834,76217,5366,32725.0,1597,48,770.0
2020-07-22,ecuador,,-1.8312,-78.1834,77257,5418,33125.0,1040,52,400.0
2020-07-23,ecuador,,-1.8312,-78.1834,78148,5439,33455.0,891,21,330.0
2020-07-24,ecuador,,-1.8312,-78.1834,79049,5468,34544.0,901,29,1089.0
2020-07-25,ecuador,,-1.8312,-78.1834,80036,5507,34544.0,987,39,0.0
2020-07-26,ecuador,,-1.8312,-78.1834,80694,5515,34896.0,658,8,352.0
2020-07-27,ecuador,,-1.8312,-78.1834,81161,5532,34896.0,467,17,0.0
2020-07-28,ecuador,,-1.8312,-78.1834,82279,5584,35283.0,1118,52,387.0
2020-07-29,ecuador,,-1.8312,-78.1834,83193,5623,35572.0,914,39,289.0
2020-07-30,ecuador,,-1.8312,-78.1834,84370,5657,35824.0,1177,34,252.0
2020-07-31,ecuador,,-1.8312,-78.1834,85355,5702,36044.0,985,45,220.0
