date,country,state,lat,long,confirmed,deaths,recovered,confirmed_new,deaths_new,recovered_new
2020-01-22,egypt,,26.820553000000004,30.802497999999996,0,0,0.0,0,0,0.0
2020-01-23,egypt,,26.820553000000004,30.802497999999996,0,0,0.0,0,0,0.0
2020-01-24,egypt,,26.820553000000004,30.802497999999996,0,0,0.0,0,0,0.0
2020-01-25,egypt,,26.820553000000004,30.802497999999996,0,0,0.0,0,0,0.0
2020-01-26,egypt,,26.820553000000004,30.802497999999996,0,0,0.0,0,0,0.0
2020-01-27,egypt,,26.820553000000004,30.802497999999996,0,0,0.0,0,0,0.0
2020-01-28,egypt,,26.820553000000004,30.802497999999996,0,0,0.0,0,0,0.0
2020-01-29,egypt,,26.820553000000004,30.802497999999996,0,0,0.0,0,0,0.0
2020-01-30,egypt,,26.820553000000004,30.802497999999996,0,0,0.0,0,0,0.0
2020-01-31,egypt,,26.820553000000004,30.802497999999996,0,0,0.0,0,0,0.0
2020-02-01,egypt,,26.820553000000004,30.802497999999996,0,0,0.0,0,0,0.0
2020-02-02,egypt,,26.820553000000004,30.802497999999996,0,0,0.0,0,0,0.0
2020-02-03,egypt,,26.820553000000004,30.802497999999996,0,0,0.0,0,0,0.0
2020-02-04,egypt,,26.820553000000004,30.802497999999996,0,0,0.0,0,0,0.0
2020-02-05,egypt,,26.820553000000004,30.802497999999996,0,0,0.0,0,0,0.0
2020-02-06,egypt,,26.820553000000004,30.802497999999996,0,0,0.0,0,0,0.0
2020-02-07,egypt,,26.820553000000004,30.802497999999996,0,0,0.0,0,0,0.0
2020-02-08,egypt,,26.820553000000004,30.802497999999996,0,0,0.0,0,0,0.0
2020-02-09,egypt,,26.820553000000004,30.802497999999996,0,0,0.0,0,0,0.0
2020-02-10,egypt,,26.820553000000004,30.802497999999996,0,0,0.0,0,0,0.0
2020-02-11,egypt,,26.820553000000004,30.802497999999996,0,0,0.0,0,0,0.0
2020-02-12,egypt,,26.820553000000004,30.802497999999996,0,0,0.0,0,0,0.0
2020-02-13,egypt,,26.820553000000004,30.802497999999996,0,0,0.0,0,0,0.0
2020-02-14,egypt,,26.820553000000004,30.802497999999996,1,0,0.0,1,0,0.0
2020-02-15,egypt,,26.820553000000004,30.802497999999996,1,0,0.0,0,0,0.0
2020-02-16,egypt,,26.820553000000004,30.802497999999996,1,0,0.0,0,0,0.0
2020-02-17,egypt,,26.820553000000004,30.802497999999996,1,0,0.0,0,0,0.0
2020-02-18,egypt,,26.820553000000004,30.802497999999996,1,0,0.0,0,0,0.0
2020-02-19,egypt,,26.820553000000004,30.802497999999996,1,0,0.0,0,0,0.0
2020-02-20,egypt,,26.820553000000004,30.802497999999996,1,0,0.0,0,0,0.0
2020-02-21,egypt,,26.820553000000004,30.802497999999996,1,0,0.0,0,0,0.0
2020-02-22,egypt,,26.820553000000004,30.802497999999996,1,0,0.0,0,0,0.0
2020-02-23,egypt,,26.820553000000004,30.802497999999996,1,0,0.0,0,0,0.0
2020-02-24,egypt,,26.820553000000004,30.802497999999996,1,0,0.0,0,0,0.0
2020-02-25,egypt,,26.820553000000004,30.802497999999996,1,0,0.0,0,0,0.0
2020-02-26,egypt,,26.820553000000004,30.802497999999996,1,0,0.0,0,0,0.0
2020-02-27,egypt,,26.820553000000004,30.802497999999996,1,0,0.0,0,0,0.0
2020-02-28,egypt,,26.820553000000004,30.802497999999996,1,0,1.0,0,0,1.0
2020-02-29,egypt,,26.820553000000004,30.802497999999996,1,0,1.0,0,0,0.0
2020-03-01,egypt,,26.820553000000004,30.802497999999996,2,0,1.0,1,0,0.0
2020-03-02,egypt,,26.820553000000004,30.802497999999996,2,0,1.0,0,0,0.0
2020-03-03,egypt,,26.820553000000004,30.802497999999996,2,0,1.0,0,0,0.0
2020-03-04,egypt,,26.820553000000004,30.802497999999996,2,0,1.0,0,0,0.0
2020-03-05,egypt,,26.820553000000004,30.802497999999996,3,0,1.0,1,0,0.0
2020-03-06,egypt,,26.820553000000004,30.802497999999996,15,0,1.0,12,0,0.0
2020-03-07,egypt,,26.820553000000004,30.802497999999996,15,0,1.0,0,0,0.0
2020-03-08,egypt,,26.820553000000004,30.802497999999996,49,1,1.0,34,1,0.0
2020-03-09,egypt,,26.820553000000004,30.802497999999996,55,1,1.0,6,0,0.0
2020-03-10,egypt,,26.820553000000004,30.802497999999996,59,1,1.0,4,0,0.0
2020-03-11,egypt,,26.820553000000004,30.802497999999996,60,1,27.0,1,0,26.0
2020-03-12,egypt,,26.820553000000004,30.802497999999996,67,1,27.0,7,0,0.0
2020-03-13,egypt,,26.820553000000004,30.802497999999996,80,2,27.0,13,1,0.0
2020-03-14,egypt,,26.820553000000004,30.802497999999996,109,2,27.0,29,0,0.0
2020-03-15,egypt,,26.820553000000004,30.802497999999996,110,2,21.0,1,0,-6.0
2020-03-16,egypt,,26.820553000000004,30.802497999999996,150,2,27.0,40,0,6.0
2020-03-17,egypt,,26.820553000000004,30.802497999999996,196,4,32.0,46,2,5.0
2020-03-18,egypt,,26.820553000000004,30.802497999999996,196,6,32.0,0,2,0.0
2020-03-19,egypt,,26.820553000000004,30.802497999999996,256,6,32.0,60,0,0.0
2020-03-20,egypt,,26.820553000000004,30.802497999999996,285,8,39.0,29,2,7.0
2020-03-21,egypt,,26.820553000000004,30.802497999999996,294,10,41.0,9,2,2.0
2020-03-22,egypt,,26.820553000000004,30.802497999999996,327,14,56.0,33,4,15.0
2020-03-23,egypt,,26.820553000000004,30.802497999999996,366,19,56.0,39,5,0.0
2020-03-24,egypt,,26.820553000000004,30.802497999999996,402,20,80.0,36,1,24.0
2020-03-25,egypt,,26.820553000000004,30.802497999999996,456,21,95.0,54,1,15.0
2020-03-26,egypt,,26.820553000000004,30.802497999999996,495,24,102.0,39,3,7.0
2020-03-27,egypt,,26.820553000000004,30.802497999999996,536,30,116.0,41,6,14.0
2020-03-28,egypt,,26.820553000000004,30.802497999999996,576,36,121.0,40,6,5.0
2020-03-29,egypt,,26.820553000000004,30.802497999999996,609,40,132.0,33,4,11.0
2020-03-30,egypt,,26.820553000000004,30.802497999999996,656,41,150.0,47,1,18.0
2020-03-31,egypt,,26.820553000000004,30.802497999999996,710,46,157.0,54,5,7.0
2020-04-01,egypt,,26.820553000000004,30.802497999999996,779,52,179.0,69,6,22.0
2020-04-02,egypt,,26.820553000000004,30.802497999999996,865,58,201.0,86,6,22.0
2020-04-03,egypt,,26.820553000000004,30.802497999999996,985,66,216.0,120,8,15.0
2020-04-04,egypt,,26.820553000000004,30.802497999999996,1070,71,241.0,85,5,25.0
2020-04-05,egypt,,26.820553000000004,30.802497999999996,1173,78,247.0,103,7,6.0
2020-04-06,egypt,,26.820553000000004,30.802497999999996,1322,85,259.0,149,7,12.0
2020-04-07,egypt,,26.820553000000004,30.802497999999996,1450,94,276.0,128,9,17.0
2020-04-08,egypt,,26.820553000000004,30.802497999999996,1560,103,305.0,110,9,29.0
2020-04-09,egypt,,26.820553000000004,30.802497999999996,1699,118,348.0,139,15,43.0
2020-04-10,egypt,,26.820553000000004,30.802497999999996,1794,135,384.0,95,17,36.0
2020-04-11,egypt,,26.820553000000004,30.802497999999996,1939,146,426.0,145,11,42.0
2020-04-12,egypt,,26.820553000000004,30.802497999999996,2065,159,589.0,126,13,163.0
2020-04-13,egypt,,26.820553000000004,30.802497999999996,2190,164,589.0,125,5,0.0
2020-04-14,egypt,,26.820553000000004,30.802497999999996,2350,178,589.0,160,14,0.0
2020-04-15,egypt,,26.820553000000004,30.802497999999996,2505,183,589.0,155,5,0.0
2020-04-16,egypt,,26.820553000000004,30.802497999999996,2673,196,596.0,168,13,7.0
2020-04-17,egypt,,26.820553000000004,30.802497999999996,2844,205,646.0,171,9,50.0
2020-04-18,egypt,,26.820553000000004,30.802497999999996,3032,224,701.0,188,19,55.0
2020-04-19,egypt,,26.820553000000004,30.802497999999996,3144,239,732.0,112,15,31.0
2020-04-20,egypt,,26.820553000000004,30.802497999999996,3333,250,821.0,189,11,89.0
2020-04-21,egypt,,26.820553000000004,30.802497999999996,3490,264,870.0,157,14,49.0
2020-04-22,egypt,,26.820553000000004,30.802497999999996,3659,276,935.0,169,12,65.0
2020-04-23,egypt,,26.820553000000004,30.802497999999996,3891,287,1004.0,232,11,69.0
2020-04-24,egypt,,26.820553000000004,30.802497999999996,4092,294,1075.0,201,7,71.0
2020-04-25,egypt,,26.820553000000004,30.802497999999996,4319,307,1114.0,227,13,39.0
2020-04-26,egypt,,26.820553000000004,30.802497999999996,4534,317,1176.0,215,10,62.0
2020-04-27,egypt,,26.820553000000004,30.802497999999996,4782,337,1236.0,248,20,60.0
2020-04-28,egypt,,26.820553000000004,30.802497999999996,5042,359,1304.0,260,22,68.0
2020-04-29,egypt,,26.820553000000004,30.802497999999996,5268,380,1335.0,226,21,31.0
2020-04-30,egypt,,26.820553000000004,30.802497999999996,5537,392,1381.0,269,12,46.0
2020-05-01,egypt,,26.820553000000004,30.802497999999996,5895,406,1460.0,358,14,79.0
2020-05-02,egypt,,26.820553000000004,30.802497999999996,6193,415,1522.0,298,9,62.0
2020-05-03,egypt,,26.820553000000004,30.802497999999996,6465,429,1562.0,272,14,40.0
2020-05-04,egypt,,26.820553000000004,30.802497999999996,6813,436,1632.0,348,7,70.0
2020-05-05,egypt,,26.820553000000004,30.802497999999996,7201,452,1730.0,388,16,98.0
2020-05-06,egypt,,26.820553000000004,30.802497999999996,7588,469,1815.0,387,17,85.0
2020-05-07,egypt,,26.820553000000004,30.802497999999996,7981,482,1887.0,393,13,72.0
2020-05-08,egypt,,26.820553000000004,30.802497999999996,8476,503,1945.0,495,21,58.0
2020-05-09,egypt,,26.820553000000004,30.802497999999996,8964,514,2002.0,488,11,57.0
2020-05-10,egypt,,26.820553000000004,30.802497999999996,9400,525,2075.0,436,11,73.0
2020-05-11,egypt,,26.820553000000004,30.802497999999996,9746,533,2172.0,346,8,97.0
2020-05-12,egypt,,26.820553000000004,30.802497999999996,10093,544,2326.0,347,11,154.0
2020-05-13,egypt,,26.820553000000004,30.802497999999996,10431,556,2486.0,338,12,160.0
2020-05-14,egypt,,26.820553000000004,30.802497999999996,10829,571,2626.0,398,15,140.0
2020-05-15,egypt,,26.820553000000004,30.802497999999996,11228,592,2799.0,399,21,173.0
2020-05-16,egypt,,26.820553000000004,30.802497999999996,11719,612,2950.0,491,20,151.0
2020-05-17,egypt,,26.820553000000004,30.802497999999996,12229,630,3172.0,510,18,222.0
2020-05-18,egypt,,26.820553000000004,30.802497999999996,12764,645,3440.0,535,15,268.0
2020-05-19,egypt,,26.820553000000004,30.802497999999996,13484,659,3742.0,720,14,302.0
2020-05-20,egypt,,26.820553000000004,30.802497999999996,14229,680,3994.0,745,21,252.0
2020-05-21,egypt,,26.820553000000004,30.802497999999996,15003,696,4217.0,774,16,223.0
2020-05-22,egypt,,26.820553000000004,30.802497999999996,15786,707,4374.0,783,11,157.0
2020-05-23,egypt,,26.820553000000004,30.802497999999996,16513,735,4628.0,727,28,254.0
2020-05-24,egypt,,26.820553000000004,30.802497999999996,17265,764,4807.0,752,29,179.0
2020-05-25,egypt,,26.820553000000004,30.802497999999996,17967,783,4900.0,702,19,93.0
2020-05-26,egypt,,26.820553000000004,30.802497999999996,18756,797,5027.0,789,14,127.0
2020-05-27,egypt,,26.820553000000004,30.802497999999996,19666,816,5205.0,910,19,178.0
2020-05-28,egypt,,26.820553000000004,30.802497999999996,20793,845,5359.0,1127,29,154.0
2020-05-29,egypt,,26.820553000000004,30.802497999999996,22082,879,5511.0,1289,34,152.0
2020-05-30,egypt,,26.820553000000004,30.802497999999996,23449,913,5693.0,1367,34,182.0
2020-05-31,egypt,,26.820553000000004,30.802497999999996,24985,959,6037.0,1536,46,344.0
2020-06-01,egypt,,26.820553000000004,30.802497999999996,26384,1005,6447.0,1399,46,410.0
2020-06-02,egypt,,26.820553000000004,30.802497999999996,27536,1052,6827.0,1152,47,380.0
2020-06-03,egypt,,26.820553000000004,30.802497999999996,28615,1088,7350.0,1079,36,523.0
2020-06-04,egypt,,26.820553000000004,30.802497999999996,29767,1126,7756.0,1152,38,406.0
2020-06-05,egypt,,26.820553000000004,30.802497999999996,31115,1166,8158.0,1348,40,402.0
2020-06-06,egypt,,26.820553000000004,30.802497999999996,32612,1198,8538.0,1497,32,380.0
2020-06-07,egypt,,26.820553000000004,30.802497999999996,34079,1237,8961.0,1467,39,423.0
2020-06-08,egypt,,26.820553000000004,30.802497999999996,35444,1271,9375.0,1365,34,414.0
2020-06-09,egypt,,26.820553000000004,30.802497999999996,36829,1306,9786.0,1385,35,411.0
2020-06-10,egypt,,26.820553000000004,30.802497999999996,38284,1342,10289.0,1455,36,503.0
2020-06-11,egypt,,26.820553000000004,30.802497999999996,39726,1377,10691.0,1442,35,402.0
2020-06-12,egypt,,26.820553000000004,30.802497999999996,41303,1422,11108.0,1577,45,417.0
2020-06-13,egypt,,26.820553000000004,30.802497999999996,42980,1484,11529.0,1677,62,421.0
2020-06-14,egypt,,26.820553000000004,30.802497999999996,44598,1575,11931.0,1618,91,402.0
2020-06-15,egypt,,26.820553000000004,30.802497999999996,46289,1672,12329.0,1691,97,398.0
2020-06-16,egypt,,26.820553000000004,30.802497999999996,47856,1766,12730.0,1567,94,401.0
2020-06-17,egypt,,26.820553000000004,30.802497999999996,49219,1850,13141.0,1363,84,411.0
2020-06-18,egypt,,26.820553000000004,30.802497999999996,50437,1938,13528.0,1218,88,387.0
2020-06-19,egypt,,26.820553000000004,30.802497999999996,52211,2017,13928.0,1774,79,400.0
2020-06-20,egypt,,26.820553000000004,30.802497999999996,53758,2106,14327.0,1547,89,399.0
2020-06-21,egypt,,26.820553000000004,30.802497999999996,55233,2193,14736.0,1475,87,409.0
2020-06-22,egypt,,26.820553000000004,30.802497999999996,56809,2278,15133.0,1576,85,397.0
2020-06-23,egypt,,26.820553000000004,30.802497999999996,58141,2365,15535.0,1332,87,402.0
2020-06-24,egypt,,26.820553000000004,30.802497999999996,59561,2450,15935.0,1420,85,400.0
2020-06-25,egypt,,26.820553000000004,30.802497999999996,61130,2533,16338.0,1569,83,403.0
2020-06-26,egypt,,26.820553000000004,30.802497999999996,62755,2620,16737.0,1625,87,399.0
2020-06-27,egypt,,26.820553000000004,30.802497999999996,63923,2708,17140.0,1168,88,403.0
2020-06-28,egypt,,26.820553000000004,30.802497999999996,65188,2789,17539.0,1265,81,399.0
2020-06-29,egypt,,26.820553000000004,30.802497999999996,66754,2872,17951.0,1566,83,412.0
2020-06-30,egypt,,26.820553000000004,30.802497999999996,68311,2953,18460.0,1557,81,509.0
2020-07-01,egypt,,26.820553000000004,30.802497999999996,69814,3034,18881.0,1503,81,421.0
2020-07-02,egypt,,26.820553000000004,30.802497999999996,71299,3120,19288.0,1485,86,407.0
2020-07-03,egypt,,26.820553000000004,30.802497999999996,72711,3201,19690.0,1412,81,402.0
2020-07-04,egypt,,26.820553000000004,30.802497999999996,74035,3280,20103.0,1324,79,413.0
2020-07-05,egypt,,26.820553000000004,30.802497999999996,75253,3343,20726.0,1218,63,623.0
2020-07-06,egypt,,26.820553000000004,30.802497999999996,76222,3422,21238.0,969,79,512.0
2020-07-07,egypt,,26.820553000000004,30.802497999999996,77279,3489,21718.0,1057,67,480.0
2020-07-08,egypt,,26.820553000000004,30.802497999999996,78304,3564,22241.0,1025,75,523.0
2020-07-09,egypt,,26.820553000000004,30.802497999999996,79254,3617,22753.0,950,53,512.0
2020-07-10,egypt,,26.820553000000004,30.802497999999996,80235,3702,23274.0,981,85,521.0
2020-07-11,egypt,,26.820553000000004,30.802497999999996,81158,3769,23876.0,923,67,602.0
2020-07-12,egypt,,26.820553000000004,30.802497999999996,82070,3858,24419.0,912,89,543.0
2020-07-13,egypt,,26.820553000000004,30.802497999999996,83001,3935,24975.0,931,77,556.0
2020-07-14,egypt,,26.820553000000004,30.802497999999996,83930,4008,25544.0,929,73,569.0
2020-07-15,egypt,,26.820553000000004,30.802497999999996,84843,4067,26135.0,913,59,591.0
2020-07-16,egypt,,26.820553000000004,30.802497999999996,85771,4120,26691.0,928,53,556.0
2020-07-17,egypt,,26.820553000000004,30.802497999999996,86474,4188,27302.0,703,68,611.0
2020-07-18,egypt,,26.820553000000004,30.802497999999996,87172,4251,27868.0,698,63,566.0
2020-07-19,egypt,,26.820553000000004,30.802497999999996,87775,4302,28380.0,603,51,512.0
2020-07-20,egypt,,26.820553000000004,30.802497999999996,88402,4352,28924.0,627,50,544.0
2020-07-21,egypt,,26.820553000000004,30.802497999999996,89078,4399,29473.0,676,47,549.0
2020-07-22,egypt,,26.820553000000004,30.802497999999996,89745,4440,30075.0,667,41,602.0
2020-07-23,egypt,,26.820553000000004,30.802497999999996,90413,4480,31066.0,668,40,991.0
2020-07-24,egypt,,26.820553000000004,30.802497999999996,91072,4518,31970.0,659,38,904.0
2020-07-25,egypt,,26.820553000000004,30.802497999999996,91583,4558,32903.0,511,40,933.0
2020-07-26,egypt,,26.820553000000004,30.802497999999996,92062,4606,33831.0,479,48,928.0
2020-07-27,egypt,,26.820553000000004,30.802497999999996,92482,4652,34838.0,420,46,1007.0
2020-07-28,egypt,,26.820553000000004,30.802497999999996,92947,4691,35959.0,465,39,1121.0
2020-07-29,egypt,,26.820553000000004,30.802497999999996,93356,4728,37025.0,409,37,1066.0
2020-07-30,egypt,,26.820553000000004,30.802497999999996,93757,4774,38236.0,401,46,1211.0
2020-07-31,egypt,,26.820553000000004,30.802497999999996,94078,4805,39638.0,321,31,1402.0
