date,country,state,lat,long,confirmed,deaths,recovered,confirmed_new,deaths_new,recovered_new
2020-01-22,eswatini,,-26.5225,31.4659,0,0,0.0,0,0,0.0
2020-01-23,eswatini,,-26.5225,31.4659,0,0,0.0,0,0,0.0
2020-01-24,eswatini,,-26.5225,31.4659,0,0,0.0,0,0,0.0
2020-01-25,eswatini,,-26.5225,31.4659,0,0,0.0,0,0,0.0
2020-01-26,eswatini,,-26.5225,31.4659,0,0,0.0,0,0,0.0
2020-01-27,eswatini,,-26.5225,31.4659,0,0,0.0,0,0,0.0
2020-01-28,eswatini,,-26.5225,31.4659,0,0,0.0,0,0,0.0
2020-01-29,eswatini,,-26.5225,31.4659,0,0,0.0,0,0,0.0
2020-01-30,eswatini,,-26.5225,31.4659,0,0,0.0,0,0,0.0
2020-01-31,eswatini,,-26.5225,31.4659,0,0,0.0,0,0,0.0
2020-02-01,eswatini,,-26.5225,31.4659,0,0,0.0,0,0,0.0
2020-02-02,eswatini,,-26.5225,31.4659,0,0,0.0,0,0,0.0
2020-02-03,eswatini,,-26.5225,31.4659,0,0,0.0,0,0,0.0
2020-02-04,eswatini,,-26.5225,31.4659,0,0,0.0,0,0,0.0
2020-02-05,eswatini,,-26.5225,31.4659,0,0,0.0,0,0,0.0
2020-02-06,eswatini,,-26.5225,31.4659,0,0,0.0,0,0,0.0
2020-02-07,eswatini,,-26.5225,31.4659,0,0,0.0,0,0,0.0
2020-02-08,eswatini,,-26.5225,31.4659,0,0,0.0,0,0,0.0
2020-02-09,eswatini,,-26.5225,31.4659,0,0,0.0,0,0,0.0
2020-02-10,eswatini,,-26.5225,31.4659,0,0,0.0,0,0,0.0
2020-02-11,eswatini,,-26.5225,31.4659,0,0,0.0,0,0,0.0
2020-02-12,eswatini,,-26.5225,31.4659,0,0,0.0,0,0,0.0
2020-02-13,eswatini,,-26.5225,31.4659,0,0,0.0,0,0,0.0
2020-02-14,eswatini,,-26.5225,31.4659,0,0,0.0,0,0,0.0
2020-02-15,eswatini,,-26.5225,31.4659,0,0,0.0,0,0,0.0
2020-02-16,eswatini,,-26.5225,31.4659,0,0,0.0,0,0,0.0
2020-02-17,eswatini,,-26.5225,31.4659,0,0,0.0,0,0,0.0
2020-02-18,eswatini,,-26.5225,31.4659,0,0,0.0,0,0,0.0
2020-02-19,eswatini,,-26.5225,31.4659,0,0,0.0,0,0,0.0
2020-02-20,eswatini,,-26.5225,31.4659,0,0,0.0,0,0,0.0
2020-02-21,eswatini,,-26.5225,31.4659,0,0,0.0,0,0,0.0
2020-02-22,eswatini,,-26.5225,31.4659,0,0,0.0,0,0,0.0
2020-02-23,eswatini,,-26.5225,31.4659,0,0,0.0,0,0,0.0
2020-02-24,eswatini,,-26.5225,31.4659,0,0,0.0,0,0,0.0
2020-02-25,eswatini,,-26.5225,31.4659,0,0,0.0,0,0,0.0
2020-02-26,eswatini,,-26.5225,31.4659,0,0,0.0,0,0,0.0
2020-02-27,eswatini,,-26.5225,31.4659,0,0,0.0,0,0,0.0
2020-02-28,eswatini,,-26.5225,31.4659,0,0,0.0,0,0,0.0
2020-02-29,eswatini,,-26.5225,31.4659,0,0,0.0,0,0,0.0
2020-03-01,eswatini,,-26.5225,31.4659,0,0,0.0,0,0,0.0
2020-03-02,eswatini,,-26.5225,31.4659,0,0,0.0,0,0,0.0
2020-03-03,eswatini,,-26.5225,31.4659,0,0,0.0,0,0,0.0
2020-03-04,eswatini,,-26.5225,31.4659,0,0,0.0,0,0,0.0
2020-03-05,eswatini,,-26.5225,31.4659,0,0,0.0,0,0,0.0
2020-03-06,eswatini,,-26.5225,31.4659,0,0,0.0,0,0,0.0
2020-03-07,eswatini,,-26.5225,31.4659,0,0,0.0,0,0,0.0
2020-03-08,eswatini,,-26.5225,31.4659,0,0,0.0,0,0,0.0
2020-03-09,eswatini,,-26.5225,31.4659,0,0,0.0,0,0,0.0
2020-03-10,eswatini,,-26.5225,31.4659,0,0,0.0,0,0,0.0
2020-03-11,eswatini,,-26.5225,31.4659,0,0,0.0,0,0,0.0
2020-03-12,eswatini,,-26.5225,31.4659,0,0,0.0,0,0,0.0
2020-03-13,eswatini,,-26.5225,31.4659,0,0,0.0,0,0,0.0
2020-03-14,eswatini,,-26.5225,31.4659,1,0,0.0,1,0,0.0
2020-03-15,eswatini,,-26.5225,31.4659,1,0,0.0,0,0,0.0
2020-03-16,eswatini,,-26.5225,31.4659,1,0,0.0,0,0,0.0
2020-03-17,eswatini,,-26.5225,31.4659,1,0,0.0,0,0,0.0
2020-03-18,eswatini,,-26.5225,31.4659,1,0,0.0,0,0,0.0
2020-03-19,eswatini,,-26.5225,31.4659,1,0,0.0,0,0,0.0
2020-03-20,eswatini,,-26.5225,31.4659,1,0,0.0,0,0,0.0
2020-03-21,eswatini,,-26.5225,31.4659,1,0,0.0,0,0,0.0
2020-03-22,eswatini,,-26.5225,31.4659,4,0,0.0,3,0,0.0
2020-03-23,eswatini,,-26.5225,31.4659,4,0,0.0,0,0,0.0
2020-03-24,eswatini,,-26.5225,31.4659,4,0,0.0,0,0,0.0
2020-03-25,eswatini,,-26.5225,31.4659,4,0,0.0,0,0,0.0
2020-03-26,eswatini,,-26.5225,31.4659,6,0,0.0,2,0,0.0
2020-03-27,eswatini,,-26.5225,31.4659,9,0,0.0,3,0,0.0
2020-03-28,eswatini,,-26.5225,31.4659,9,0,0.0,0,0,0.0
2020-03-29,eswatini,,-26.5225,31.4659,9,0,0.0,0,0,0.0
2020-03-30,eswatini,,-26.5225,31.4659,9,0,0.0,0,0,0.0
2020-03-31,eswatini,,-26.5225,31.4659,9,0,0.0,0,0,0.0
2020-04-01,eswatini,,-26.5225,31.4659,9,0,0.0,0,0,0.0
2020-04-02,eswatini,,-26.5225,31.4659,9,0,0.0,0,0,0.0
2020-04-03,eswatini,,-26.5225,31.4659,9,0,0.0,0,0,0.0
2020-04-04,eswatini,,-26.5225,31.4659,9,0,0.0,0,0,0.0
2020-04-05,eswatini,,-26.5225,31.4659,9,0,0.0,0,0,0.0
2020-04-06,eswatini,,-26.5225,31.4659,10,0,4.0,1,0,4.0
2020-04-07,eswatini,,-26.5225,31.4659,10,0,4.0,0,0,0.0
2020-04-08,eswatini,,-26.5225,31.4659,12,0,7.0,2,0,3.0
2020-04-09,eswatini,,-26.5225,31.4659,12,0,7.0,0,0,0.0
2020-04-10,eswatini,,-26.5225,31.4659,12,0,7.0,0,0,0.0
2020-04-11,eswatini,,-26.5225,31.4659,12,0,7.0,0,0,0.0
2020-04-12,eswatini,,-26.5225,31.4659,14,0,7.0,2,0,0.0
2020-04-13,eswatini,,-26.5225,31.4659,15,0,7.0,1,0,0.0
2020-04-14,eswatini,,-26.5225,31.4659,15,0,8.0,0,0,1.0
2020-04-15,eswatini,,-26.5225,31.4659,15,0,8.0,0,0,0.0
2020-04-16,eswatini,,-26.5225,31.4659,16,1,8.0,1,1,0.0
2020-04-17,eswatini,,-26.5225,31.4659,16,1,8.0,0,0,0.0
2020-04-18,eswatini,,-26.5225,31.4659,22,1,8.0,6,0,0.0
2020-04-19,eswatini,,-26.5225,31.4659,22,1,8.0,0,0,0.0
2020-04-20,eswatini,,-26.5225,31.4659,24,1,8.0,2,0,0.0
2020-04-21,eswatini,,-26.5225,31.4659,31,1,8.0,7,0,0.0
2020-04-22,eswatini,,-26.5225,31.4659,31,1,8.0,0,0,0.0
2020-04-23,eswatini,,-26.5225,31.4659,31,1,8.0,0,0,0.0
2020-04-24,eswatini,,-26.5225,31.4659,36,1,10.0,5,0,2.0
2020-04-25,eswatini,,-26.5225,31.4659,56,1,10.0,20,0,0.0
2020-04-26,eswatini,,-26.5225,31.4659,59,1,10.0,3,0,0.0
2020-04-27,eswatini,,-26.5225,31.4659,65,1,10.0,6,0,0.0
2020-04-28,eswatini,,-26.5225,31.4659,71,1,10.0,6,0,0.0
2020-04-29,eswatini,,-26.5225,31.4659,91,1,10.0,20,0,0.0
2020-04-30,eswatini,,-26.5225,31.4659,100,1,12.0,9,0,2.0
2020-05-01,eswatini,,-26.5225,31.4659,106,1,12.0,6,0,0.0
2020-05-02,eswatini,,-26.5225,31.4659,108,1,12.0,2,0,0.0
2020-05-03,eswatini,,-26.5225,31.4659,112,1,12.0,4,0,0.0
2020-05-04,eswatini,,-26.5225,31.4659,116,1,12.0,4,0,0.0
2020-05-05,eswatini,,-26.5225,31.4659,119,1,12.0,3,0,0.0
2020-05-06,eswatini,,-26.5225,31.4659,123,2,12.0,4,1,0.0
2020-05-07,eswatini,,-26.5225,31.4659,153,2,12.0,30,0,0.0
2020-05-08,eswatini,,-26.5225,31.4659,159,2,12.0,6,0,0.0
2020-05-09,eswatini,,-26.5225,31.4659,163,2,14.0,4,0,2.0
2020-05-10,eswatini,,-26.5225,31.4659,172,2,27.0,9,0,13.0
2020-05-11,eswatini,,-26.5225,31.4659,175,2,28.0,3,0,1.0
2020-05-12,eswatini,,-26.5225,31.4659,184,2,28.0,9,0,0.0
2020-05-13,eswatini,,-26.5225,31.4659,187,2,48.0,3,0,20.0
2020-05-14,eswatini,,-26.5225,31.4659,187,2,51.0,0,0,3.0
2020-05-15,eswatini,,-26.5225,31.4659,190,2,66.0,3,0,15.0
2020-05-16,eswatini,,-26.5225,31.4659,202,2,72.0,12,0,6.0
2020-05-17,eswatini,,-26.5225,31.4659,203,2,73.0,1,0,1.0
2020-05-18,eswatini,,-26.5225,31.4659,205,2,78.0,2,0,5.0
2020-05-19,eswatini,,-26.5225,31.4659,208,2,87.0,3,0,9.0
2020-05-20,eswatini,,-26.5225,31.4659,217,2,97.0,9,0,10.0
2020-05-21,eswatini,,-26.5225,31.4659,220,2,112.0,3,0,15.0
2020-05-22,eswatini,,-26.5225,31.4659,225,2,119.0,5,0,7.0
2020-05-23,eswatini,,-26.5225,31.4659,238,2,119.0,13,0,0.0
2020-05-24,eswatini,,-26.5225,31.4659,250,2,156.0,12,0,37.0
2020-05-25,eswatini,,-26.5225,31.4659,256,2,158.0,6,0,2.0
2020-05-26,eswatini,,-26.5225,31.4659,261,2,164.0,5,0,6.0
2020-05-27,eswatini,,-26.5225,31.4659,272,2,168.0,11,0,4.0
2020-05-28,eswatini,,-26.5225,31.4659,279,2,168.0,7,0,0.0
2020-05-29,eswatini,,-26.5225,31.4659,279,2,168.0,0,0,0.0
2020-05-30,eswatini,,-26.5225,31.4659,283,2,168.0,4,0,0.0
2020-05-31,eswatini,,-26.5225,31.4659,285,2,189.0,2,0,21.0
2020-06-01,eswatini,,-26.5225,31.4659,293,3,194.0,8,1,5.0
2020-06-02,eswatini,,-26.5225,31.4659,294,3,198.0,1,0,4.0
2020-06-03,eswatini,,-26.5225,31.4659,295,3,201.0,1,0,3.0
2020-06-04,eswatini,,-26.5225,31.4659,300,3,201.0,5,0,0.0
2020-06-05,eswatini,,-26.5225,31.4659,305,3,221.0,5,0,20.0
2020-06-06,eswatini,,-26.5225,31.4659,322,3,224.0,17,0,3.0
2020-06-07,eswatini,,-26.5225,31.4659,333,3,225.0,11,0,1.0
2020-06-08,eswatini,,-26.5225,31.4659,340,3,229.0,7,0,4.0
2020-06-09,eswatini,,-26.5225,31.4659,371,3,232.0,31,0,3.0
2020-06-10,eswatini,,-26.5225,31.4659,398,3,236.0,27,0,4.0
2020-06-11,eswatini,,-26.5225,31.4659,449,3,238.0,51,0,2.0
2020-06-12,eswatini,,-26.5225,31.4659,472,3,246.0,23,0,8.0
2020-06-13,eswatini,,-26.5225,31.4659,486,3,247.0,14,0,1.0
2020-06-14,eswatini,,-26.5225,31.4659,490,4,249.0,4,1,2.0
2020-06-15,eswatini,,-26.5225,31.4659,506,4,249.0,16,0,0.0
2020-06-16,eswatini,,-26.5225,31.4659,520,4,259.0,14,0,10.0
2020-06-17,eswatini,,-26.5225,31.4659,563,4,262.0,43,0,3.0
2020-06-18,eswatini,,-26.5225,31.4659,586,4,267.0,23,0,5.0
2020-06-19,eswatini,,-26.5225,31.4659,623,4,276.0,37,0,9.0
2020-06-20,eswatini,,-26.5225,31.4659,627,5,285.0,4,1,9.0
2020-06-21,eswatini,,-26.5225,31.4659,635,5,285.0,8,0,0.0
2020-06-22,eswatini,,-26.5225,31.4659,643,6,291.0,8,1,6.0
2020-06-23,eswatini,,-26.5225,31.4659,674,7,319.0,31,1,28.0
2020-06-24,eswatini,,-26.5225,31.4659,690,7,331.0,16,0,12.0
2020-06-25,eswatini,,-26.5225,31.4659,706,8,347.0,16,1,16.0
2020-06-26,eswatini,,-26.5225,31.4659,728,8,367.0,22,0,20.0
2020-06-27,eswatini,,-26.5225,31.4659,745,8,370.0,17,0,3.0
2020-06-28,eswatini,,-26.5225,31.4659,781,11,372.0,36,3,2.0
2020-06-29,eswatini,,-26.5225,31.4659,795,11,380.0,14,0,8.0
2020-06-30,eswatini,,-26.5225,31.4659,812,11,408.0,17,0,28.0
2020-07-01,eswatini,,-26.5225,31.4659,840,11,418.0,28,0,10.0
2020-07-02,eswatini,,-26.5225,31.4659,873,11,452.0,33,0,34.0
2020-07-03,eswatini,,-26.5225,31.4659,909,13,515.0,36,2,63.0
2020-07-04,eswatini,,-26.5225,31.4659,954,13,535.0,45,0,20.0
2020-07-05,eswatini,,-26.5225,31.4659,988,13,547.0,34,0,12.0
2020-07-06,eswatini,,-26.5225,31.4659,1011,13,564.0,23,0,17.0
2020-07-07,eswatini,,-26.5225,31.4659,1056,14,570.0,45,1,6.0
2020-07-08,eswatini,,-26.5225,31.4659,1138,14,588.0,82,0,18.0
2020-07-09,eswatini,,-26.5225,31.4659,1213,17,609.0,75,3,21.0
2020-07-10,eswatini,,-26.5225,31.4659,1257,18,633.0,44,1,24.0
2020-07-11,eswatini,,-26.5225,31.4659,1311,18,656.0,54,0,23.0
2020-07-12,eswatini,,-26.5225,31.4659,1351,20,668.0,40,2,12.0
2020-07-13,eswatini,,-26.5225,31.4659,1389,20,688.0,38,0,20.0
2020-07-14,eswatini,,-26.5225,31.4659,1434,20,695.0,45,0,7.0
2020-07-15,eswatini,,-26.5225,31.4659,1489,20,724.0,55,0,29.0
2020-07-16,eswatini,,-26.5225,31.4659,1552,21,736.0,63,1,12.0
2020-07-17,eswatini,,-26.5225,31.4659,1619,21,769.0,67,0,33.0
2020-07-18,eswatini,,-26.5225,31.4659,1729,21,788.0,110,0,19.0
2020-07-19,eswatini,,-26.5225,31.4659,1793,21,822.0,64,0,34.0
2020-07-20,eswatini,,-26.5225,31.4659,1826,23,850.0,33,2,28.0
2020-07-21,eswatini,,-26.5225,31.4659,1894,24,855.0,68,1,5.0
2020-07-22,eswatini,,-26.5225,31.4659,1938,25,876.0,44,1,21.0
2020-07-23,eswatini,,-26.5225,31.4659,2021,28,882.0,83,3,6.0
2020-07-24,eswatini,,-26.5225,31.4659,2073,28,929.0,52,0,47.0
2020-07-25,eswatini,,-26.5225,31.4659,2142,28,940.0,69,0,11.0
2020-07-26,eswatini,,-26.5225,31.4659,2207,32,986.0,65,4,46.0
2020-07-27,eswatini,,-26.5225,31.4659,2316,34,1025.0,109,2,39.0
2020-07-28,eswatini,,-26.5225,31.4659,2404,39,1025.0,88,5,0.0
2020-07-29,eswatini,,-26.5225,31.4659,2551,40,1070.0,147,1,45.0
2020-07-30,eswatini,,-26.5225,31.4659,2577,40,1134.0,26,0,64.0
2020-07-31,eswatini,,-26.5225,31.4659,2648,41,1214.0,71,1,80.0
