date,country,state,lat,long,confirmed,deaths,recovered,confirmed_new,deaths_new,recovered_new
2020-01-22,gabon,,-0.8037,11.6094,0,0,0.0,0,0,0.0
2020-01-23,gabon,,-0.8037,11.6094,0,0,0.0,0,0,0.0
2020-01-24,gabon,,-0.8037,11.6094,0,0,0.0,0,0,0.0
2020-01-25,gabon,,-0.8037,11.6094,0,0,0.0,0,0,0.0
2020-01-26,gabon,,-0.8037,11.6094,0,0,0.0,0,0,0.0
2020-01-27,gabon,,-0.8037,11.6094,0,0,0.0,0,0,0.0
2020-01-28,gabon,,-0.8037,11.6094,0,0,0.0,0,0,0.0
2020-01-29,gabon,,-0.8037,11.6094,0,0,0.0,0,0,0.0
2020-01-30,gabon,,-0.8037,11.6094,0,0,0.0,0,0,0.0
2020-01-31,gabon,,-0.8037,11.6094,0,0,0.0,0,0,0.0
2020-02-01,gabon,,-0.8037,11.6094,0,0,0.0,0,0,0.0
2020-02-02,gabon,,-0.8037,11.6094,0,0,0.0,0,0,0.0
2020-02-03,gabon,,-0.8037,11.6094,0,0,0.0,0,0,0.0
2020-02-04,gabon,,-0.8037,11.6094,0,0,0.0,0,0,0.0
2020-02-05,gabon,,-0.8037,11.6094,0,0,0.0,0,0,0.0
2020-02-06,gabon,,-0.8037,11.6094,0,0,0.0,0,0,0.0
2020-02-07,gabon,,-0.8037,11.6094,0,0,0.0,0,0,0.0
2020-02-08,gabon,,-0.8037,11.6094,0,0,0.0,0,0,0.0
2020-02-09,gabon,,-0.8037,11.6094,0,0,0.0,0,0,0.0
2020-02-10,gabon,,-0.8037,11.6094,0,0,0.0,0,0,0.0
2020-02-11,gabon,,-0.8037,11.6094,0,0,0.0,0,0,0.0
2020-02-12,gabon,,-0.8037,11.6094,0,0,0.0,0,0,0.0
2020-02-13,gabon,,-0.8037,11.6094,0,0,0.0,0,0,0.0
2020-02-14,gabon,,-0.8037,11.6094,0,0,0.0,0,0,0.0
2020-02-15,gabon,,-0.8037,11.6094,0,0,0.0,0,0,0.0
2020-02-16,gabon,,-0.8037,11.6094,0,0,0.0,0,0,0.0
2020-02-17,gabon,,-0.8037,11.6094,0,0,0.0,0,0,0.0
2020-02-18,gabon,,-0.8037,11.6094,0,0,0.0,0,0,0.0
2020-02-19,gabon,,-0.8037,11.6094,0,0,0.0,0,0,0.0
2020-02-20,gabon,,-0.8037,11.6094,0,0,0.0,0,0,0.0
2020-02-21,gabon,,-0.8037,11.6094,0,0,0.0,0,0,0.0
2020-02-22,gabon,,-0.8037,11.6094,0,0,0.0,0,0,0.0
2020-02-23,gabon,,-0.8037,11.6094,0,0,0.0,0,0,0.0
2020-02-24,gabon,,-0.8037,11.6094,0,0,0.0,0,0,0.0
2020-02-25,gabon,,-0.8037,11.6094,0,0,0.0,0,0,0.0
2020-02-26,gabon,,-0.8037,11.6094,0,0,0.0,0,0,0.0
2020-02-27,gabon,,-0.8037,11.6094,0,0,0.0,0,0,0.0
2020-02-28,gabon,,-0.8037,11.6094,0,0,0.0,0,0,0.0
2020-02-29,gabon,,-0.8037,11.6094,0,0,0.0,0,0,0.0
2020-03-01,gabon,,-0.8037,11.6094,0,0,0.0,0,0,0.0
2020-03-02,gabon,,-0.8037,11.6094,0,0,0.0,0,0,0.0
2020-03-03,gabon,,-0.8037,11.6094,0,0,0.0,0,0,0.0
2020-03-04,gabon,,-0.8037,11.6094,0,0,0.0,0,0,0.0
2020-03-05,gabon,,-0.8037,11.6094,0,0,0.0,0,0,0.0
2020-03-06,gabon,,-0.8037,11.6094,0,0,0.0,0,0,0.0
2020-03-07,gabon,,-0.8037,11.6094,0,0,0.0,0,0,0.0
2020-03-08,gabon,,-0.8037,11.6094,0,0,0.0,0,0,0.0
2020-03-09,gabon,,-0.8037,11.6094,0,0,0.0,0,0,0.0
2020-03-10,gabon,,-0.8037,11.6094,0,0,0.0,0,0,0.0
2020-03-11,gabon,,-0.8037,11.6094,0,0,0.0,0,0,0.0
2020-03-12,gabon,,-0.8037,11.6094,0,0,0.0,0,0,0.0
2020-03-13,gabon,,-0.8037,11.6094,0,0,0.0,0,0,0.0
2020-03-14,gabon,,-0.8037,11.6094,1,0,0.0,1,0,0.0
2020-03-15,gabon,,-0.8037,11.6094,1,0,0.0,0,0,0.0
2020-03-16,gabon,,-0.8037,11.6094,1,0,0.0,0,0,0.0
2020-03-17,gabon,,-0.8037,11.6094,1,0,0.0,0,0,0.0
2020-03-18,gabon,,-0.8037,11.6094,1,0,0.0,0,0,0.0
2020-03-19,gabon,,-0.8037,11.6094,1,0,0.0,0,0,0.0
2020-03-20,gabon,,-0.8037,11.6094,3,1,0.0,2,1,0.0
2020-03-21,gabon,,-0.8037,11.6094,4,1,0.0,1,0,0.0
2020-03-22,gabon,,-0.8037,11.6094,5,1,0.0,1,0,0.0
2020-03-23,gabon,,-0.8037,11.6094,5,1,0.0,0,0,0.0
2020-03-24,gabon,,-0.8037,11.6094,6,1,0.0,1,0,0.0
2020-03-25,gabon,,-0.8037,11.6094,6,1,0.0,0,0,0.0
2020-03-26,gabon,,-0.8037,11.6094,7,1,0.0,1,0,0.0
2020-03-27,gabon,,-0.8037,11.6094,7,1,0.0,0,0,0.0
2020-03-28,gabon,,-0.8037,11.6094,7,1,0.0,0,0,0.0
2020-03-29,gabon,,-0.8037,11.6094,7,1,0.0,0,0,0.0
2020-03-30,gabon,,-0.8037,11.6094,7,1,0.0,0,0,0.0
2020-03-31,gabon,,-0.8037,11.6094,16,1,0.0,9,0,0.0
2020-04-01,gabon,,-0.8037,11.6094,18,1,0.0,2,0,0.0
2020-04-02,gabon,,-0.8037,11.6094,21,1,0.0,3,0,0.0
2020-04-03,gabon,,-0.8037,11.6094,21,1,1.0,0,0,1.0
2020-04-04,gabon,,-0.8037,11.6094,21,1,1.0,0,0,0.0
2020-04-05,gabon,,-0.8037,11.6094,21,1,1.0,0,0,0.0
2020-04-06,gabon,,-0.8037,11.6094,24,1,1.0,3,0,0.0
2020-04-07,gabon,,-0.8037,11.6094,30,1,1.0,6,0,0.0
2020-04-08,gabon,,-0.8037,11.6094,34,1,1.0,4,0,0.0
2020-04-09,gabon,,-0.8037,11.6094,44,1,1.0,10,0,0.0
2020-04-10,gabon,,-0.8037,11.6094,44,1,1.0,0,0,0.0
2020-04-11,gabon,,-0.8037,11.6094,46,1,1.0,2,0,0.0
2020-04-12,gabon,,-0.8037,11.6094,49,1,1.0,3,0,0.0
2020-04-13,gabon,,-0.8037,11.6094,57,1,1.0,8,0,0.0
2020-04-14,gabon,,-0.8037,11.6094,57,1,1.0,0,0,0.0
2020-04-15,gabon,,-0.8037,11.6094,80,1,4.0,23,0,3.0
2020-04-16,gabon,,-0.8037,11.6094,80,1,4.0,0,0,0.0
2020-04-17,gabon,,-0.8037,11.6094,108,1,7.0,28,0,3.0
2020-04-18,gabon,,-0.8037,11.6094,108,1,7.0,0,0,0.0
2020-04-19,gabon,,-0.8037,11.6094,109,1,7.0,1,0,0.0
2020-04-20,gabon,,-0.8037,11.6094,120,1,7.0,11,0,0.0
2020-04-21,gabon,,-0.8037,11.6094,156,1,16.0,36,0,9.0
2020-04-22,gabon,,-0.8037,11.6094,166,1,24.0,10,0,8.0
2020-04-23,gabon,,-0.8037,11.6094,167,2,24.0,1,1,0.0
2020-04-24,gabon,,-0.8037,11.6094,172,3,26.0,5,1,2.0
2020-04-25,gabon,,-0.8037,11.6094,176,3,30.0,4,0,4.0
2020-04-26,gabon,,-0.8037,11.6094,176,3,30.0,0,0,0.0
2020-04-27,gabon,,-0.8037,11.6094,211,3,43.0,35,0,13.0
2020-04-28,gabon,,-0.8037,11.6094,238,3,53.0,27,0,10.0
2020-04-29,gabon,,-0.8037,11.6094,276,3,67.0,38,0,14.0
2020-04-30,gabon,,-0.8037,11.6094,276,3,67.0,0,0,0.0
2020-05-01,gabon,,-0.8037,11.6094,276,3,67.0,0,0,0.0
2020-05-02,gabon,,-0.8037,11.6094,335,5,85.0,59,2,18.0
2020-05-03,gabon,,-0.8037,11.6094,335,5,85.0,0,0,0.0
2020-05-04,gabon,,-0.8037,11.6094,367,6,93.0,32,1,8.0
2020-05-05,gabon,,-0.8037,11.6094,397,6,93.0,30,0,0.0
2020-05-06,gabon,,-0.8037,11.6094,397,6,93.0,0,0,0.0
2020-05-07,gabon,,-0.8037,11.6094,504,8,110.0,107,2,17.0
2020-05-08,gabon,,-0.8037,11.6094,620,8,110.0,116,0,0.0
2020-05-09,gabon,,-0.8037,11.6094,661,8,110.0,41,0,0.0
2020-05-10,gabon,,-0.8037,11.6094,661,8,110.0,0,0,0.0
2020-05-11,gabon,,-0.8037,11.6094,802,9,127.0,141,1,17.0
2020-05-12,gabon,,-0.8037,11.6094,863,9,137.0,61,0,10.0
2020-05-13,gabon,,-0.8037,11.6094,1004,9,152.0,141,0,15.0
2020-05-14,gabon,,-0.8037,11.6094,1104,10,182.0,100,1,30.0
2020-05-15,gabon,,-0.8037,11.6094,1209,10,219.0,105,0,37.0
2020-05-16,gabon,,-0.8037,11.6094,1320,11,244.0,111,1,25.0
2020-05-17,gabon,,-0.8037,11.6094,1320,11,244.0,0,0,0.0
2020-05-18,gabon,,-0.8037,11.6094,1432,11,301.0,112,0,57.0
2020-05-19,gabon,,-0.8037,11.6094,1502,12,318.0,70,1,17.0
2020-05-20,gabon,,-0.8037,11.6094,1567,12,365.0,65,0,47.0
2020-05-21,gabon,,-0.8037,11.6094,1567,12,365.0,0,0,0.0
2020-05-22,gabon,,-0.8037,11.6094,1728,12,402.0,161,0,37.0
2020-05-23,gabon,,-0.8037,11.6094,1934,12,459.0,206,0,57.0
2020-05-24,gabon,,-0.8037,11.6094,1934,12,459.0,0,0,0.0
2020-05-25,gabon,,-0.8037,11.6094,2135,14,562.0,201,2,103.0
2020-05-26,gabon,,-0.8037,11.6094,2238,14,593.0,103,0,31.0
2020-05-27,gabon,,-0.8037,11.6094,2319,14,631.0,81,0,38.0
2020-05-28,gabon,,-0.8037,11.6094,2431,14,668.0,112,0,37.0
2020-05-29,gabon,,-0.8037,11.6094,2613,15,709.0,182,1,41.0
2020-05-30,gabon,,-0.8037,11.6094,2655,17,722.0,42,2,13.0
2020-05-31,gabon,,-0.8037,11.6094,2655,17,722.0,0,0,0.0
2020-06-01,gabon,,-0.8037,11.6094,2655,17,722.0,0,0,0.0
2020-06-02,gabon,,-0.8037,11.6094,2803,20,779.0,148,3,57.0
2020-06-03,gabon,,-0.8037,11.6094,2902,20,801.0,99,0,22.0
2020-06-04,gabon,,-0.8037,11.6094,2955,21,818.0,53,1,17.0
2020-06-05,gabon,,-0.8037,11.6094,3101,21,833.0,146,0,15.0
2020-06-06,gabon,,-0.8037,11.6094,3101,21,833.0,0,0,0.0
2020-06-07,gabon,,-0.8037,11.6094,3101,21,833.0,0,0,0.0
2020-06-08,gabon,,-0.8037,11.6094,3101,21,833.0,0,0,0.0
2020-06-09,gabon,,-0.8037,11.6094,3247,21,938.0,146,0,105.0
2020-06-10,gabon,,-0.8037,11.6094,3375,22,978.0,128,1,40.0
2020-06-11,gabon,,-0.8037,11.6094,3463,23,1024.0,88,1,46.0
2020-06-12,gabon,,-0.8037,11.6094,3463,23,1024.0,0,0,0.0
2020-06-13,gabon,,-0.8037,11.6094,3463,23,1024.0,0,0,0.0
2020-06-14,gabon,,-0.8037,11.6094,3463,23,1024.0,0,0,0.0
2020-06-15,gabon,,-0.8037,11.6094,4033,27,1334.0,570,4,310.0
2020-06-16,gabon,,-0.8037,11.6094,4114,29,1432.0,81,2,98.0
2020-06-17,gabon,,-0.8037,11.6094,4229,30,1505.0,115,1,73.0
2020-06-18,gabon,,-0.8037,11.6094,4340,32,1657.0,111,2,152.0
2020-06-19,gabon,,-0.8037,11.6094,4428,34,1750.0,88,2,93.0
2020-06-20,gabon,,-0.8037,11.6094,4428,34,1750.0,0,0,0.0
2020-06-21,gabon,,-0.8037,11.6094,4428,34,1750.0,0,0,0.0
2020-06-22,gabon,,-0.8037,11.6094,4739,39,2002.0,311,5,252.0
2020-06-23,gabon,,-0.8037,11.6094,4849,39,2107.0,110,0,105.0
2020-06-24,gabon,,-0.8037,11.6094,4956,39,2177.0,107,0,70.0
2020-06-25,gabon,,-0.8037,11.6094,5087,40,2270.0,131,1,93.0
2020-06-26,gabon,,-0.8037,11.6094,5209,40,2327.0,122,0,57.0
2020-06-27,gabon,,-0.8037,11.6094,5209,40,2327.0,0,0,0.0
2020-06-28,gabon,,-0.8037,11.6094,5209,40,2327.0,0,0,0.0
2020-06-29,gabon,,-0.8037,11.6094,5394,42,2420.0,185,2,93.0
2020-06-30,gabon,,-0.8037,11.6094,5394,42,2420.0,0,0,0.0
2020-07-01,gabon,,-0.8037,11.6094,5513,42,2508.0,119,0,88.0
2020-07-02,gabon,,-0.8037,11.6094,5513,42,2508.0,0,0,0.0
2020-07-03,gabon,,-0.8037,11.6094,5620,44,2555.0,107,2,47.0
2020-07-04,gabon,,-0.8037,11.6094,5620,44,2555.0,0,0,0.0
2020-07-05,gabon,,-0.8037,11.6094,5620,44,2555.0,0,0,0.0
2020-07-06,gabon,,-0.8037,11.6094,5743,46,2574.0,123,2,19.0
2020-07-07,gabon,,-0.8037,11.6094,5743,46,2574.0,0,0,0.0
2020-07-08,gabon,,-0.8037,11.6094,5871,46,2682.0,128,0,108.0
2020-07-09,gabon,,-0.8037,11.6094,5871,46,2682.0,0,0,0.0
2020-07-10,gabon,,-0.8037,11.6094,5942,46,3004.0,71,0,322.0
2020-07-11,gabon,,-0.8037,11.6094,5942,46,3004.0,0,0,0.0
2020-07-12,gabon,,-0.8037,11.6094,5942,46,3004.0,0,0,0.0
2020-07-13,gabon,,-0.8037,11.6094,6026,46,3475.0,84,0,471.0
2020-07-14,gabon,,-0.8037,11.6094,6026,46,3475.0,0,0,0.0
2020-07-15,gabon,,-0.8037,11.6094,6121,46,3664.0,95,0,189.0
2020-07-16,gabon,,-0.8037,11.6094,6121,46,3664.0,0,0,0.0
2020-07-17,gabon,,-0.8037,11.6094,6315,46,3865.0,194,0,201.0
2020-07-18,gabon,,-0.8037,11.6094,6315,46,3865.0,0,0,0.0
2020-07-19,gabon,,-0.8037,11.6094,6315,46,3865.0,0,0,0.0
2020-07-20,gabon,,-0.8037,11.6094,6433,46,4034.0,118,0,169.0
2020-07-21,gabon,,-0.8037,11.6094,6433,46,4034.0,0,0,0.0
2020-07-22,gabon,,-0.8037,11.6094,6588,47,4235.0,155,1,201.0
2020-07-23,gabon,,-0.8037,11.6094,6588,47,4235.0,0,0,0.0
2020-07-24,gabon,,-0.8037,11.6094,6984,49,4463.0,396,2,228.0
2020-07-25,gabon,,-0.8037,11.6094,6984,49,4463.0,0,0,0.0
2020-07-26,gabon,,-0.8037,11.6094,6984,49,4463.0,0,0,0.0
2020-07-27,gabon,,-0.8037,11.6094,7189,49,4682.0,205,0,219.0
2020-07-28,gabon,,-0.8037,11.6094,7189,49,4682.0,0,0,0.0
2020-07-29,gabon,,-0.8037,11.6094,7352,49,4943.0,163,0,261.0
2020-07-30,gabon,,-0.8037,11.6094,7352,49,4943.0,0,0,0.0
2020-07-31,gabon,,-0.8037,11.6094,7352,49,4943.0,0,0,0.0
