date,country,state,lat,long,confirmed,deaths,recovered,confirmed_new,deaths_new,recovered_new
2020-01-22,georgia,,42.3154,43.3569,0,0,0.0,0,0,0.0
2020-01-23,georgia,,42.3154,43.3569,0,0,0.0,0,0,0.0
2020-01-24,georgia,,42.3154,43.3569,0,0,0.0,0,0,0.0
2020-01-25,georgia,,42.3154,43.3569,0,0,0.0,0,0,0.0
2020-01-26,georgia,,42.3154,43.3569,0,0,0.0,0,0,0.0
2020-01-27,georgia,,42.3154,43.3569,0,0,0.0,0,0,0.0
2020-01-28,georgia,,42.3154,43.3569,0,0,0.0,0,0,0.0
2020-01-29,georgia,,42.3154,43.3569,0,0,0.0,0,0,0.0
2020-01-30,georgia,,42.3154,43.3569,0,0,0.0,0,0,0.0
2020-01-31,georgia,,42.3154,43.3569,0,0,0.0,0,0,0.0
2020-02-01,georgia,,42.3154,43.3569,0,0,0.0,0,0,0.0
2020-02-02,georgia,,42.3154,43.3569,0,0,0.0,0,0,0.0
2020-02-03,georgia,,42.3154,43.3569,0,0,0.0,0,0,0.0
2020-02-04,georgia,,42.3154,43.3569,0,0,0.0,0,0,0.0
2020-02-05,georgia,,42.3154,43.3569,0,0,0.0,0,0,0.0
2020-02-06,georgia,,42.3154,43.3569,0,0,0.0,0,0,0.0
2020-02-07,georgia,,42.3154,43.3569,0,0,0.0,0,0,0.0
2020-02-08,georgia,,42.3154,43.3569,0,0,0.0,0,0,0.0
2020-02-09,georgia,,42.3154,43.3569,0,0,0.0,0,0,0.0
2020-02-10,georgia,,42.3154,43.3569,0,0,0.0,0,0,0.0
2020-02-11,georgia,,42.3154,43.3569,0,0,0.0,0,0,0.0
2020-02-12,georgia,,42.3154,43.3569,0,0,0.0,0,0,0.0
2020-02-13,georgia,,42.3154,43.3569,0,0,0.0,0,0,0.0
2020-02-14,georgia,,42.3154,43.3569,0,0,0.0,0,0,0.0
2020-02-15,georgia,,42.3154,43.3569,0,0,0.0,0,0,0.0
2020-02-16,georgia,,42.3154,43.3569,0,0,0.0,0,0,0.0
2020-02-17,georgia,,42.3154,43.3569,0,0,0.0,0,0,0.0
2020-02-18,georgia,,42.3154,43.3569,0,0,0.0,0,0,0.0
2020-02-19,georgia,,42.3154,43.3569,0,0,0.0,0,0,0.0
2020-02-20,georgia,,42.3154,43.3569,0,0,0.0,0,0,0.0
2020-02-21,georgia,,42.3154,43.3569,0,0,0.0,0,0,0.0
2020-02-22,georgia,,42.3154,43.3569,0,0,0.0,0,0,0.0
2020-02-23,georgia,,42.3154,43.3569,0,0,0.0,0,0,0.0
2020-02-24,georgia,,42.3154,43.3569,0,0,0.0,0,0,0.0
2020-02-25,georgia,,42.3154,43.3569,0,0,0.0,0,0,0.0
2020-02-26,georgia,,42.3154,43.3569,1,0,0.0,1,0,0.0
2020-02-27,georgia,,42.3154,43.3569,1,0,0.0,0,0,0.0
2020-02-28,georgia,,42.3154,43.3569,1,0,0.0,0,0,0.0
2020-02-29,georgia,,42.3154,43.3569,1,0,0.0,0,0,0.0
2020-03-01,georgia,,42.3154,43.3569,3,0,0.0,2,0,0.0
2020-03-02,georgia,,42.3154,43.3569,3,0,0.0,0,0,0.0
2020-03-03,georgia,,42.3154,43.3569,3,0,0.0,0,0,0.0
2020-03-04,georgia,,42.3154,43.3569,3,0,0.0,0,0,0.0
2020-03-05,georgia,,42.3154,43.3569,4,0,0.0,1,0,0.0
2020-03-06,georgia,,42.3154,43.3569,4,0,0.0,0,0,0.0
2020-03-07,georgia,,42.3154,43.3569,4,0,0.0,0,0,0.0
2020-03-08,georgia,,42.3154,43.3569,13,0,0.0,9,0,0.0
2020-03-09,georgia,,42.3154,43.3569,15,0,0.0,2,0,0.0
2020-03-10,georgia,,42.3154,43.3569,15,0,0.0,0,0,0.0
2020-03-11,georgia,,42.3154,43.3569,24,0,0.0,9,0,0.0
2020-03-12,georgia,,42.3154,43.3569,24,0,0.0,0,0,0.0
2020-03-13,georgia,,42.3154,43.3569,25,0,0.0,1,0,0.0
2020-03-14,georgia,,42.3154,43.3569,30,0,0.0,5,0,0.0
2020-03-15,georgia,,42.3154,43.3569,33,0,0.0,3,0,0.0
2020-03-16,georgia,,42.3154,43.3569,33,0,1.0,0,0,1.0
2020-03-17,georgia,,42.3154,43.3569,34,0,1.0,1,0,0.0
2020-03-18,georgia,,42.3154,43.3569,38,0,1.0,4,0,0.0
2020-03-19,georgia,,42.3154,43.3569,40,0,1.0,2,0,0.0
2020-03-20,georgia,,42.3154,43.3569,43,0,1.0,3,0,0.0
2020-03-21,georgia,,42.3154,43.3569,49,0,1.0,6,0,0.0
2020-03-22,georgia,,42.3154,43.3569,54,0,3.0,5,0,2.0
2020-03-23,georgia,,42.3154,43.3569,61,0,3.0,7,0,0.0
2020-03-24,georgia,,42.3154,43.3569,70,0,9.0,9,0,6.0
2020-03-25,georgia,,42.3154,43.3569,75,0,10.0,5,0,1.0
2020-03-26,georgia,,42.3154,43.3569,79,0,11.0,4,0,1.0
2020-03-27,georgia,,42.3154,43.3569,83,0,14.0,4,0,3.0
2020-03-28,georgia,,42.3154,43.3569,90,0,14.0,7,0,0.0
2020-03-29,georgia,,42.3154,43.3569,91,0,18.0,1,0,4.0
2020-03-30,georgia,,42.3154,43.3569,103,0,20.0,12,0,2.0
2020-03-31,georgia,,42.3154,43.3569,110,0,21.0,7,0,1.0
2020-04-01,georgia,,42.3154,43.3569,117,0,23.0,7,0,2.0
2020-04-02,georgia,,42.3154,43.3569,134,0,26.0,17,0,3.0
2020-04-03,georgia,,42.3154,43.3569,155,0,28.0,21,0,2.0
2020-04-04,georgia,,42.3154,43.3569,162,1,36.0,7,1,8.0
2020-04-05,georgia,,42.3154,43.3569,174,2,36.0,12,1,0.0
2020-04-06,georgia,,42.3154,43.3569,188,2,39.0,14,0,3.0
2020-04-07,georgia,,42.3154,43.3569,196,3,46.0,8,1,7.0
2020-04-08,georgia,,42.3154,43.3569,211,3,50.0,15,0,4.0
2020-04-09,georgia,,42.3154,43.3569,218,3,51.0,7,0,1.0
2020-04-10,georgia,,42.3154,43.3569,234,3,54.0,16,0,3.0
2020-04-11,georgia,,42.3154,43.3569,242,3,60.0,8,0,6.0
2020-04-12,georgia,,42.3154,43.3569,257,3,67.0,15,0,7.0
2020-04-13,georgia,,42.3154,43.3569,272,3,68.0,15,0,1.0
2020-04-14,georgia,,42.3154,43.3569,300,3,69.0,28,0,1.0
2020-04-15,georgia,,42.3154,43.3569,306,3,71.0,6,0,2.0
2020-04-16,georgia,,42.3154,43.3569,348,3,76.0,42,0,5.0
2020-04-17,georgia,,42.3154,43.3569,370,3,79.0,22,0,3.0
2020-04-18,georgia,,42.3154,43.3569,388,4,86.0,18,1,7.0
2020-04-19,georgia,,42.3154,43.3569,394,4,93.0,6,0,7.0
2020-04-20,georgia,,42.3154,43.3569,402,4,95.0,8,0,2.0
2020-04-21,georgia,,42.3154,43.3569,408,4,97.0,6,0,2.0
2020-04-22,georgia,,42.3154,43.3569,416,5,107.0,8,1,10.0
2020-04-23,georgia,,42.3154,43.3569,425,5,111.0,9,0,4.0
2020-04-24,georgia,,42.3154,43.3569,444,5,132.0,19,0,21.0
2020-04-25,georgia,,42.3154,43.3569,456,5,139.0,12,0,7.0
2020-04-26,georgia,,42.3154,43.3569,486,6,149.0,30,1,10.0
2020-04-27,georgia,,42.3154,43.3569,497,6,156.0,11,0,7.0
2020-04-28,georgia,,42.3154,43.3569,511,6,168.0,14,0,12.0
2020-04-29,georgia,,42.3154,43.3569,517,6,178.0,6,0,10.0
2020-04-30,georgia,,42.3154,43.3569,539,6,184.0,22,0,6.0
2020-05-01,georgia,,42.3154,43.3569,566,7,207.0,27,1,23.0
2020-05-02,georgia,,42.3154,43.3569,582,8,207.0,16,1,0.0
2020-05-03,georgia,,42.3154,43.3569,589,9,223.0,7,1,16.0
2020-05-04,georgia,,42.3154,43.3569,593,9,223.0,4,0,0.0
2020-05-05,georgia,,42.3154,43.3569,604,9,240.0,11,0,17.0
2020-05-06,georgia,,42.3154,43.3569,610,9,269.0,6,0,29.0
2020-05-07,georgia,,42.3154,43.3569,615,9,275.0,5,0,6.0
2020-05-08,georgia,,42.3154,43.3569,623,10,288.0,8,1,13.0
2020-05-09,georgia,,42.3154,43.3569,626,10,297.0,3,0,9.0
2020-05-10,georgia,,42.3154,43.3569,635,10,309.0,9,0,12.0
2020-05-11,georgia,,42.3154,43.3569,638,11,317.0,3,1,8.0
2020-05-12,georgia,,42.3154,43.3569,642,11,349.0,4,0,32.0
2020-05-13,georgia,,42.3154,43.3569,647,11,372.0,5,0,23.0
2020-05-14,georgia,,42.3154,43.3569,667,12,383.0,20,1,11.0
2020-05-15,georgia,,42.3154,43.3569,671,12,393.0,4,0,10.0
2020-05-16,georgia,,42.3154,43.3569,683,12,419.0,12,0,26.0
2020-05-17,georgia,,42.3154,43.3569,695,12,425.0,12,0,6.0
2020-05-18,georgia,,42.3154,43.3569,701,12,432.0,6,0,7.0
2020-05-19,georgia,,42.3154,43.3569,707,12,456.0,6,0,24.0
2020-05-20,georgia,,42.3154,43.3569,713,12,475.0,6,0,19.0
2020-05-21,georgia,,42.3154,43.3569,721,12,485.0,8,0,10.0
2020-05-22,georgia,,42.3154,43.3569,723,12,495.0,2,0,10.0
2020-05-23,georgia,,42.3154,43.3569,728,12,509.0,5,0,14.0
2020-05-24,georgia,,42.3154,43.3569,730,12,522.0,2,0,13.0
2020-05-25,georgia,,42.3154,43.3569,731,12,526.0,1,0,4.0
2020-05-26,georgia,,42.3154,43.3569,732,12,537.0,1,0,11.0
2020-05-27,georgia,,42.3154,43.3569,735,12,557.0,3,0,20.0
2020-05-28,georgia,,42.3154,43.3569,738,12,573.0,3,0,16.0
2020-05-29,georgia,,42.3154,43.3569,746,12,576.0,8,0,3.0
2020-05-30,georgia,,42.3154,43.3569,757,12,600.0,11,0,24.0
2020-05-31,georgia,,42.3154,43.3569,783,12,605.0,26,0,5.0
2020-06-01,georgia,,42.3154,43.3569,794,12,624.0,11,0,19.0
2020-06-02,georgia,,42.3154,43.3569,796,13,634.0,2,1,10.0
2020-06-03,georgia,,42.3154,43.3569,800,13,640.0,4,0,6.0
2020-06-04,georgia,,42.3154,43.3569,801,13,644.0,1,0,4.0
2020-06-05,georgia,,42.3154,43.3569,805,13,650.0,4,0,6.0
2020-06-06,georgia,,42.3154,43.3569,808,13,663.0,3,0,13.0
2020-06-07,georgia,,42.3154,43.3569,809,13,674.0,1,0,11.0
2020-06-08,georgia,,42.3154,43.3569,812,13,683.0,3,0,9.0
2020-06-09,georgia,,42.3154,43.3569,818,13,686.0,6,0,3.0
2020-06-10,georgia,,42.3154,43.3569,827,13,690.0,9,0,4.0
2020-06-11,georgia,,42.3154,43.3569,831,13,694.0,4,0,4.0
2020-06-12,georgia,,42.3154,43.3569,843,13,697.0,12,0,3.0
2020-06-13,georgia,,42.3154,43.3569,851,14,702.0,8,1,5.0
2020-06-14,georgia,,42.3154,43.3569,864,14,703.0,13,0,1.0
2020-06-15,georgia,,42.3154,43.3569,879,14,704.0,15,0,1.0
2020-06-16,georgia,,42.3154,43.3569,879,14,724.0,0,0,20.0
2020-06-17,georgia,,42.3154,43.3569,888,14,731.0,9,0,7.0
2020-06-18,georgia,,42.3154,43.3569,893,14,739.0,5,0,8.0
2020-06-19,georgia,,42.3154,43.3569,896,14,741.0,3,0,2.0
2020-06-20,georgia,,42.3154,43.3569,898,14,752.0,2,0,11.0
2020-06-21,georgia,,42.3154,43.3569,906,14,755.0,8,0,3.0
2020-06-22,georgia,,42.3154,43.3569,908,14,761.0,2,0,6.0
2020-06-23,georgia,,42.3154,43.3569,911,14,768.0,3,0,7.0
2020-06-24,georgia,,42.3154,43.3569,914,14,771.0,3,0,3.0
2020-06-25,georgia,,42.3154,43.3569,917,14,776.0,3,0,5.0
2020-06-26,georgia,,42.3154,43.3569,919,14,780.0,2,0,4.0
2020-06-27,georgia,,42.3154,43.3569,921,14,781.0,2,0,1.0
2020-06-28,georgia,,42.3154,43.3569,924,15,785.0,3,1,4.0
2020-06-29,georgia,,42.3154,43.3569,926,15,791.0,2,0,6.0
2020-06-30,georgia,,42.3154,43.3569,928,15,794.0,2,0,3.0
2020-07-01,georgia,,42.3154,43.3569,931,15,794.0,3,0,0.0
2020-07-02,georgia,,42.3154,43.3569,939,15,817.0,8,0,23.0
2020-07-03,georgia,,42.3154,43.3569,943,15,821.0,4,0,4.0
2020-07-04,georgia,,42.3154,43.3569,948,15,825.0,5,0,4.0
2020-07-05,georgia,,42.3154,43.3569,951,15,828.0,3,0,3.0
2020-07-06,georgia,,42.3154,43.3569,953,15,830.0,2,0,2.0
2020-07-07,georgia,,42.3154,43.3569,958,15,838.0,5,0,8.0
2020-07-08,georgia,,42.3154,43.3569,963,15,841.0,5,0,3.0
2020-07-09,georgia,,42.3154,43.3569,968,15,844.0,5,0,3.0
2020-07-10,georgia,,42.3154,43.3569,973,15,846.0,5,0,2.0
2020-07-11,georgia,,42.3154,43.3569,981,15,851.0,8,0,5.0
2020-07-12,georgia,,42.3154,43.3569,986,15,857.0,5,0,6.0
2020-07-13,georgia,,42.3154,43.3569,995,15,857.0,9,0,0.0
2020-07-14,georgia,,42.3154,43.3569,999,15,870.0,4,0,13.0
2020-07-15,georgia,,42.3154,43.3569,1004,15,873.0,5,0,3.0
2020-07-16,georgia,,42.3154,43.3569,1006,15,883.0,2,0,10.0
2020-07-17,georgia,,42.3154,43.3569,1010,15,885.0,4,0,2.0
2020-07-18,georgia,,42.3154,43.3569,1018,15,895.0,8,0,10.0
2020-07-19,georgia,,42.3154,43.3569,1028,15,899.0,10,0,4.0
2020-07-20,georgia,,42.3154,43.3569,1039,16,900.0,11,1,1.0
2020-07-21,georgia,,42.3154,43.3569,1049,16,903.0,10,0,3.0
2020-07-22,georgia,,42.3154,43.3569,1073,16,907.0,24,0,4.0
2020-07-23,georgia,,42.3154,43.3569,1085,16,911.0,12,0,4.0
2020-07-24,georgia,,42.3154,43.3569,1104,16,912.0,19,0,1.0
2020-07-25,georgia,,42.3154,43.3569,1117,16,917.0,13,0,5.0
2020-07-26,georgia,,42.3154,43.3569,1131,16,920.0,14,0,3.0
2020-07-27,georgia,,42.3154,43.3569,1137,16,922.0,6,0,2.0
2020-07-28,georgia,,42.3154,43.3569,1145,16,927.0,8,0,5.0
2020-07-29,georgia,,42.3154,43.3569,1155,17,929.0,10,1,2.0
2020-07-30,georgia,,42.3154,43.3569,1160,17,935.0,5,0,6.0
2020-07-31,georgia,,42.3154,43.3569,1168,17,940.0,8,0,5.0
