date,country,state,lat,long,confirmed,deaths,recovered,confirmed_new,deaths_new,recovered_new
2020-01-22,greece,,39.0742,21.8243,0,0,0.0,0,0,0.0
2020-01-23,greece,,39.0742,21.8243,0,0,0.0,0,0,0.0
2020-01-24,greece,,39.0742,21.8243,0,0,0.0,0,0,0.0
2020-01-25,greece,,39.0742,21.8243,0,0,0.0,0,0,0.0
2020-01-26,greece,,39.0742,21.8243,0,0,0.0,0,0,0.0
2020-01-27,greece,,39.0742,21.8243,0,0,0.0,0,0,0.0
2020-01-28,greece,,39.0742,21.8243,0,0,0.0,0,0,0.0
2020-01-29,greece,,39.0742,21.8243,0,0,0.0,0,0,0.0
2020-01-30,greece,,39.0742,21.8243,0,0,0.0,0,0,0.0
2020-01-31,greece,,39.0742,21.8243,0,0,0.0,0,0,0.0
2020-02-01,greece,,39.0742,21.8243,0,0,0.0,0,0,0.0
2020-02-02,greece,,39.0742,21.8243,0,0,0.0,0,0,0.0
2020-02-03,greece,,39.0742,21.8243,0,0,0.0,0,0,0.0
2020-02-04,greece,,39.0742,21.8243,0,0,0.0,0,0,0.0
2020-02-05,greece,,39.0742,21.8243,0,0,0.0,0,0,0.0
2020-02-06,greece,,39.0742,21.8243,0,0,0.0,0,0,0.0
2020-02-07,greece,,39.0742,21.8243,0,0,0.0,0,0,0.0
2020-02-08,greece,,39.0742,21.8243,0,0,0.0,0,0,0.0
2020-02-09,greece,,39.0742,21.8243,0,0,0.0,0,0,0.0
2020-02-10,greece,,39.0742,21.8243,0,0,0.0,0,0,0.0
2020-02-11,greece,,39.0742,21.8243,0,0,0.0,0,0,0.0
2020-02-12,greece,,39.0742,21.8243,0,0,0.0,0,0,0.0
2020-02-13,greece,,39.0742,21.8243,0,0,0.0,0,0,0.0
2020-02-14,greece,,39.0742,21.8243,0,0,0.0,0,0,0.0
2020-02-15,greece,,39.0742,21.8243,0,0,0.0,0,0,0.0
2020-02-16,greece,,39.0742,21.8243,0,0,0.0,0,0,0.0
2020-02-17,greece,,39.0742,21.8243,0,0,0.0,0,0,0.0
2020-02-18,greece,,39.0742,21.8243,0,0,0.0,0,0,0.0
2020-02-19,greece,,39.0742,21.8243,0,0,0.0,0,0,0.0
2020-02-20,greece,,39.0742,21.8243,0,0,0.0,0,0,0.0
2020-02-21,greece,,39.0742,21.8243,0,0,0.0,0,0,0.0
2020-02-22,greece,,39.0742,21.8243,0,0,0.0,0,0,0.0
2020-02-23,greece,,39.0742,21.8243,0,0,0.0,0,0,0.0
2020-02-24,greece,,39.0742,21.8243,0,0,0.0,0,0,0.0
2020-02-25,greece,,39.0742,21.8243,0,0,0.0,0,0,0.0
2020-02-26,greece,,39.0742,21.8243,1,0,0.0,1,0,0.0
2020-02-27,greece,,39.0742,21.8243,3,0,0.0,2,0,0.0
2020-02-28,greece,,39.0742,21.8243,4,0,0.0,1,0,0.0
2020-02-29,greece,,39.0742,21.8243,4,0,0.0,0,0,0.0
2020-03-01,greece,,39.0742,21.8243,7,0,0.0,3,0,0.0
2020-03-02,greece,,39.0742,21.8243,7,0,0.0,0,0,0.0
2020-03-03,greece,,39.0742,21.8243,7,0,0.0,0,0,0.0
2020-03-04,greece,,39.0742,21.8243,9,0,0.0,2,0,0.0
2020-03-05,greece,,39.0742,21.8243,31,0,0.0,22,0,0.0
2020-03-06,greece,,39.0742,21.8243,45,0,0.0,14,0,0.0
2020-03-07,greece,,39.0742,21.8243,46,0,0.0,1,0,0.0
2020-03-08,greece,,39.0742,21.8243,73,0,0.0,27,0,0.0
2020-03-09,greece,,39.0742,21.8243,73,0,0.0,0,0,0.0
2020-03-10,greece,,39.0742,21.8243,89,0,0.0,16,0,0.0
2020-03-11,greece,,39.0742,21.8243,99,1,0.0,10,1,0.0
2020-03-12,greece,,39.0742,21.8243,99,1,0.0,0,0,0.0
2020-03-13,greece,,39.0742,21.8243,190,1,0.0,91,0,0.0
2020-03-14,greece,,39.0742,21.8243,228,3,8.0,38,2,8.0
2020-03-15,greece,,39.0742,21.8243,331,4,8.0,103,1,0.0
2020-03-16,greece,,39.0742,21.8243,331,4,8.0,0,0,0.0
2020-03-17,greece,,39.0742,21.8243,387,5,8.0,56,1,0.0
2020-03-18,greece,,39.0742,21.8243,418,5,8.0,31,0,0.0
2020-03-19,greece,,39.0742,21.8243,418,6,8.0,0,1,0.0
2020-03-20,greece,,39.0742,21.8243,495,6,19.0,77,0,11.0
2020-03-21,greece,,39.0742,21.8243,530,13,19.0,35,7,0.0
2020-03-22,greece,,39.0742,21.8243,624,15,19.0,94,2,0.0
2020-03-23,greece,,39.0742,21.8243,695,17,19.0,71,2,0.0
2020-03-24,greece,,39.0742,21.8243,743,20,29.0,48,3,10.0
2020-03-25,greece,,39.0742,21.8243,821,22,36.0,78,2,7.0
2020-03-26,greece,,39.0742,21.8243,892,26,36.0,71,4,0.0
2020-03-27,greece,,39.0742,21.8243,966,28,52.0,74,2,16.0
2020-03-28,greece,,39.0742,21.8243,1061,32,52.0,95,4,0.0
2020-03-29,greece,,39.0742,21.8243,1156,38,52.0,95,6,0.0
2020-03-30,greece,,39.0742,21.8243,1212,43,52.0,56,5,0.0
2020-03-31,greece,,39.0742,21.8243,1314,49,52.0,102,6,0.0
2020-04-01,greece,,39.0742,21.8243,1415,50,52.0,101,1,0.0
2020-04-02,greece,,39.0742,21.8243,1544,53,61.0,129,3,9.0
2020-04-03,greece,,39.0742,21.8243,1613,63,78.0,69,10,17.0
2020-04-04,greece,,39.0742,21.8243,1673,68,78.0,60,5,0.0
2020-04-05,greece,,39.0742,21.8243,1735,73,78.0,62,5,0.0
2020-04-06,greece,,39.0742,21.8243,1755,79,269.0,20,6,191.0
2020-04-07,greece,,39.0742,21.8243,1832,81,269.0,77,2,0.0
2020-04-08,greece,,39.0742,21.8243,1884,83,269.0,52,2,0.0
2020-04-09,greece,,39.0742,21.8243,1955,87,269.0,71,4,0.0
2020-04-10,greece,,39.0742,21.8243,2011,92,269.0,56,5,0.0
2020-04-11,greece,,39.0742,21.8243,2081,93,269.0,70,1,0.0
2020-04-12,greece,,39.0742,21.8243,2114,98,269.0,33,5,0.0
2020-04-13,greece,,39.0742,21.8243,2145,99,269.0,31,1,0.0
2020-04-14,greece,,39.0742,21.8243,2170,101,269.0,25,2,0.0
2020-04-15,greece,,39.0742,21.8243,2192,102,269.0,22,1,0.0
2020-04-16,greece,,39.0742,21.8243,2207,105,269.0,15,3,0.0
2020-04-17,greece,,39.0742,21.8243,2224,108,269.0,17,3,0.0
2020-04-18,greece,,39.0742,21.8243,2235,110,269.0,11,2,0.0
2020-04-19,greece,,39.0742,21.8243,2235,113,269.0,0,3,0.0
2020-04-20,greece,,39.0742,21.8243,2245,116,269.0,10,3,0.0
2020-04-21,greece,,39.0742,21.8243,2401,121,577.0,156,5,308.0
2020-04-22,greece,,39.0742,21.8243,2408,121,577.0,7,0,0.0
2020-04-23,greece,,39.0742,21.8243,2463,125,577.0,55,4,0.0
2020-04-24,greece,,39.0742,21.8243,2490,130,577.0,27,5,0.0
2020-04-25,greece,,39.0742,21.8243,2506,130,577.0,16,0,0.0
2020-04-26,greece,,39.0742,21.8243,2517,134,577.0,11,4,0.0
2020-04-27,greece,,39.0742,21.8243,2534,136,577.0,17,2,0.0
2020-04-28,greece,,39.0742,21.8243,2566,138,577.0,32,2,0.0
2020-04-29,greece,,39.0742,21.8243,2576,139,577.0,10,1,0.0
2020-04-30,greece,,39.0742,21.8243,2591,140,1374.0,15,1,797.0
2020-05-01,greece,,39.0742,21.8243,2612,140,1374.0,21,0,0.0
2020-05-02,greece,,39.0742,21.8243,2620,143,1374.0,8,3,0.0
2020-05-03,greece,,39.0742,21.8243,2626,144,1374.0,6,1,0.0
2020-05-04,greece,,39.0742,21.8243,2632,146,1374.0,6,2,0.0
2020-05-05,greece,,39.0742,21.8243,2642,146,1374.0,10,0,0.0
2020-05-06,greece,,39.0742,21.8243,2663,147,1374.0,21,1,0.0
2020-05-07,greece,,39.0742,21.8243,2678,148,1374.0,15,1,0.0
2020-05-08,greece,,39.0742,21.8243,2691,150,1374.0,13,2,0.0
2020-05-09,greece,,39.0742,21.8243,2710,151,1374.0,19,1,0.0
2020-05-10,greece,,39.0742,21.8243,2716,151,1374.0,6,0,0.0
2020-05-11,greece,,39.0742,21.8243,2726,151,1374.0,10,0,0.0
2020-05-12,greece,,39.0742,21.8243,2744,152,1374.0,18,1,0.0
2020-05-13,greece,,39.0742,21.8243,2760,155,1374.0,16,3,0.0
2020-05-14,greece,,39.0742,21.8243,2770,156,1374.0,10,1,0.0
2020-05-15,greece,,39.0742,21.8243,2810,160,1374.0,40,4,0.0
2020-05-16,greece,,39.0742,21.8243,2819,162,1374.0,9,2,0.0
2020-05-17,greece,,39.0742,21.8243,2834,163,1374.0,15,1,0.0
2020-05-18,greece,,39.0742,21.8243,2836,165,1374.0,2,2,0.0
2020-05-19,greece,,39.0742,21.8243,2840,165,1374.0,4,0,0.0
2020-05-20,greece,,39.0742,21.8243,2850,166,1374.0,10,1,0.0
2020-05-21,greece,,39.0742,21.8243,2853,168,1374.0,3,2,0.0
2020-05-22,greece,,39.0742,21.8243,2874,169,1374.0,21,1,0.0
2020-05-23,greece,,39.0742,21.8243,2876,171,1374.0,2,2,0.0
2020-05-24,greece,,39.0742,21.8243,2878,171,1374.0,2,0,0.0
2020-05-25,greece,,39.0742,21.8243,2882,172,1374.0,4,1,0.0
2020-05-26,greece,,39.0742,21.8243,2892,173,1374.0,10,1,0.0
2020-05-27,greece,,39.0742,21.8243,2903,173,1374.0,11,0,0.0
2020-05-28,greece,,39.0742,21.8243,2906,175,1374.0,3,2,0.0
2020-05-29,greece,,39.0742,21.8243,2909,175,1374.0,3,0,0.0
2020-05-30,greece,,39.0742,21.8243,2915,175,1374.0,6,0,0.0
2020-05-31,greece,,39.0742,21.8243,2917,175,1374.0,2,0,0.0
2020-06-01,greece,,39.0742,21.8243,2918,179,1374.0,1,4,0.0
2020-06-02,greece,,39.0742,21.8243,2937,179,1374.0,19,0,0.0
2020-06-03,greece,,39.0742,21.8243,2937,179,1374.0,0,0,0.0
2020-06-04,greece,,39.0742,21.8243,2952,180,1374.0,15,1,0.0
2020-06-05,greece,,39.0742,21.8243,2967,180,1374.0,15,0,0.0
2020-06-06,greece,,39.0742,21.8243,2980,180,1374.0,13,0,0.0
2020-06-07,greece,,39.0742,21.8243,2997,180,1374.0,17,0,0.0
2020-06-08,greece,,39.0742,21.8243,3049,182,1374.0,52,2,0.0
2020-06-09,greece,,39.0742,21.8243,3058,183,1374.0,9,1,0.0
2020-06-10,greece,,39.0742,21.8243,3068,183,1374.0,10,0,0.0
2020-06-11,greece,,39.0742,21.8243,3088,183,1374.0,20,0,0.0
2020-06-12,greece,,39.0742,21.8243,3108,183,1374.0,20,0,0.0
2020-06-13,greece,,39.0742,21.8243,3112,183,1374.0,4,0,0.0
2020-06-14,greece,,39.0742,21.8243,3121,183,1374.0,9,0,0.0
2020-06-15,greece,,39.0742,21.8243,3134,184,1374.0,13,1,0.0
2020-06-16,greece,,39.0742,21.8243,3148,185,1374.0,14,1,0.0
2020-06-17,greece,,39.0742,21.8243,3203,187,1374.0,55,2,0.0
2020-06-18,greece,,39.0742,21.8243,3227,188,1374.0,24,1,0.0
2020-06-19,greece,,39.0742,21.8243,3237,189,1374.0,10,1,0.0
2020-06-20,greece,,39.0742,21.8243,3256,190,1374.0,19,1,0.0
2020-06-21,greece,,39.0742,21.8243,3266,190,1374.0,10,0,0.0
2020-06-22,greece,,39.0742,21.8243,3287,190,1374.0,21,0,0.0
2020-06-23,greece,,39.0742,21.8243,3302,190,1374.0,15,0,0.0
2020-06-24,greece,,39.0742,21.8243,3310,190,1374.0,8,0,0.0
2020-06-25,greece,,39.0742,21.8243,3321,191,1374.0,11,1,0.0
2020-06-26,greece,,39.0742,21.8243,3343,191,1374.0,22,0,0.0
2020-06-27,greece,,39.0742,21.8243,3366,191,1374.0,23,0,0.0
2020-06-28,greece,,39.0742,21.8243,3376,191,1374.0,10,0,0.0
2020-06-29,greece,,39.0742,21.8243,3390,191,1374.0,14,0,0.0
2020-06-30,greece,,39.0742,21.8243,3409,192,1374.0,19,1,0.0
2020-07-01,greece,,39.0742,21.8243,3432,192,1374.0,23,0,0.0
2020-07-02,greece,,39.0742,21.8243,3458,192,1374.0,26,0,0.0
2020-07-03,greece,,39.0742,21.8243,3486,192,1374.0,28,0,0.0
2020-07-04,greece,,39.0742,21.8243,3511,192,1374.0,25,0,0.0
2020-07-05,greece,,39.0742,21.8243,3519,192,1374.0,8,0,0.0
2020-07-06,greece,,39.0742,21.8243,3562,192,1374.0,43,0,0.0
2020-07-07,greece,,39.0742,21.8243,3589,193,1374.0,27,1,0.0
2020-07-08,greece,,39.0742,21.8243,3622,193,1374.0,33,0,0.0
2020-07-09,greece,,39.0742,21.8243,3672,193,1374.0,50,0,0.0
2020-07-10,greece,,39.0742,21.8243,3732,193,1374.0,60,0,0.0
2020-07-11,greece,,39.0742,21.8243,3772,193,1374.0,40,0,0.0
2020-07-12,greece,,39.0742,21.8243,3803,193,1374.0,31,0,0.0
2020-07-13,greece,,39.0742,21.8243,3826,193,1374.0,23,0,0.0
2020-07-14,greece,,39.0742,21.8243,3883,193,1374.0,57,0,0.0
2020-07-15,greece,,39.0742,21.8243,3910,193,1374.0,27,0,0.0
2020-07-16,greece,,39.0742,21.8243,3939,193,1374.0,29,0,0.0
2020-07-17,greece,,39.0742,21.8243,3964,194,1374.0,25,1,0.0
2020-07-18,greece,,39.0742,21.8243,3983,194,1374.0,19,0,0.0
2020-07-19,greece,,39.0742,21.8243,4007,194,1374.0,24,0,0.0
2020-07-20,greece,,39.0742,21.8243,4012,195,1374.0,5,1,0.0
2020-07-21,greece,,39.0742,21.8243,4048,197,1374.0,36,2,0.0
2020-07-22,greece,,39.0742,21.8243,4077,200,1374.0,29,3,0.0
2020-07-23,greece,,39.0742,21.8243,4110,201,1374.0,33,1,0.0
2020-07-24,greece,,39.0742,21.8243,4135,201,1374.0,25,0,0.0
2020-07-25,greece,,39.0742,21.8243,4166,201,1374.0,31,0,0.0
2020-07-26,greece,,39.0742,21.8243,4193,202,1374.0,27,1,0.0
2020-07-27,greece,,39.0742,21.8243,4227,202,1374.0,34,0,0.0
2020-07-28,greece,,39.0742,21.8243,4279,203,1374.0,52,1,0.0
2020-07-29,greece,,39.0742,21.8243,4336,203,1374.0,57,0,0.0
2020-07-30,greece,,39.0742,21.8243,4401,203,1374.0,65,0,0.0
2020-07-31,greece,,39.0742,21.8243,4477,206,1374.0,76,3,0.0
