date,country,state,lat,long,confirmed,deaths,recovered,confirmed_new,deaths_new,recovered_new
2020-01-22,guatemala,,15.7835,-90.2308,0,0,0.0,0,0,0.0
2020-01-23,guatemala,,15.7835,-90.2308,0,0,0.0,0,0,0.0
2020-01-24,guatemala,,15.7835,-90.2308,0,0,0.0,0,0,0.0
2020-01-25,guatemala,,15.7835,-90.2308,0,0,0.0,0,0,0.0
2020-01-26,guatemala,,15.7835,-90.2308,0,0,0.0,0,0,0.0
2020-01-27,guatemala,,15.7835,-90.2308,0,0,0.0,0,0,0.0
2020-01-28,guatemala,,15.7835,-90.2308,0,0,0.0,0,0,0.0
2020-01-29,guatemala,,15.7835,-90.2308,0,0,0.0,0,0,0.0
2020-01-30,guatemala,,15.7835,-90.2308,0,0,0.0,0,0,0.0
2020-01-31,guatemala,,15.7835,-90.2308,0,0,0.0,0,0,0.0
2020-02-01,guatemala,,15.7835,-90.2308,0,0,0.0,0,0,0.0
2020-02-02,guatemala,,15.7835,-90.2308,0,0,0.0,0,0,0.0
2020-02-03,guatemala,,15.7835,-90.2308,0,0,0.0,0,0,0.0
2020-02-04,guatemala,,15.7835,-90.2308,0,0,0.0,0,0,0.0
2020-02-05,guatemala,,15.7835,-90.2308,0,0,0.0,0,0,0.0
2020-02-06,guatemala,,15.7835,-90.2308,0,0,0.0,0,0,0.0
2020-02-07,guatemala,,15.7835,-90.2308,0,0,0.0,0,0,0.0
2020-02-08,guatemala,,15.7835,-90.2308,0,0,0.0,0,0,0.0
2020-02-09,guatemala,,15.7835,-90.2308,0,0,0.0,0,0,0.0
2020-02-10,guatemala,,15.7835,-90.2308,0,0,0.0,0,0,0.0
2020-02-11,guatemala,,15.7835,-90.2308,0,0,0.0,0,0,0.0
2020-02-12,guatemala,,15.7835,-90.2308,0,0,0.0,0,0,0.0
2020-02-13,guatemala,,15.7835,-90.2308,0,0,0.0,0,0,0.0
2020-02-14,guatemala,,15.7835,-90.2308,0,0,0.0,0,0,0.0
2020-02-15,guatemala,,15.7835,-90.2308,0,0,0.0,0,0,0.0
2020-02-16,guatemala,,15.7835,-90.2308,0,0,0.0,0,0,0.0
2020-02-17,guatemala,,15.7835,-90.2308,0,0,0.0,0,0,0.0
2020-02-18,guatemala,,15.7835,-90.2308,0,0,0.0,0,0,0.0
2020-02-19,guatemala,,15.7835,-90.2308,0,0,0.0,0,0,0.0
2020-02-20,guatemala,,15.7835,-90.2308,0,0,0.0,0,0,0.0
2020-02-21,guatemala,,15.7835,-90.2308,0,0,0.0,0,0,0.0
2020-02-22,guatemala,,15.7835,-90.2308,0,0,0.0,0,0,0.0
2020-02-23,guatemala,,15.7835,-90.2308,0,0,0.0,0,0,0.0
2020-02-24,guatemala,,15.7835,-90.2308,0,0,0.0,0,0,0.0
2020-02-25,guatemala,,15.7835,-90.2308,0,0,0.0,0,0,0.0
2020-02-26,guatemala,,15.7835,-90.2308,0,0,0.0,0,0,0.0
2020-02-27,guatemala,,15.7835,-90.2308,0,0,0.0,0,0,0.0
2020-02-28,guatemala,,15.7835,-90.2308,0,0,0.0,0,0,0.0
2020-02-29,guatemala,,15.7835,-90.2308,0,0,0.0,0,0,0.0
2020-03-01,guatemala,,15.7835,-90.2308,0,0,0.0,0,0,0.0
2020-03-02,guatemala,,15.7835,-90.2308,0,0,0.0,0,0,0.0
2020-03-03,guatemala,,15.7835,-90.2308,0,0,0.0,0,0,0.0
2020-03-04,guatemala,,15.7835,-90.2308,0,0,0.0,0,0,0.0
2020-03-05,guatemala,,15.7835,-90.2308,0,0,0.0,0,0,0.0
2020-03-06,guatemala,,15.7835,-90.2308,0,0,0.0,0,0,0.0
2020-03-07,guatemala,,15.7835,-90.2308,0,0,0.0,0,0,0.0
2020-03-08,guatemala,,15.7835,-90.2308,0,0,0.0,0,0,0.0
2020-03-09,guatemala,,15.7835,-90.2308,0,0,0.0,0,0,0.0
2020-03-10,guatemala,,15.7835,-90.2308,0,0,0.0,0,0,0.0
2020-03-11,guatemala,,15.7835,-90.2308,0,0,0.0,0,0,0.0
2020-03-12,guatemala,,15.7835,-90.2308,0,0,0.0,0,0,0.0
2020-03-13,guatemala,,15.7835,-90.2308,0,0,0.0,0,0,0.0
2020-03-14,guatemala,,15.7835,-90.2308,1,0,0.0,1,0,0.0
2020-03-15,guatemala,,15.7835,-90.2308,1,0,0.0,0,0,0.0
2020-03-16,guatemala,,15.7835,-90.2308,2,1,0.0,1,1,0.0
2020-03-17,guatemala,,15.7835,-90.2308,6,1,0.0,4,0,0.0
2020-03-18,guatemala,,15.7835,-90.2308,6,1,0.0,0,0,0.0
2020-03-19,guatemala,,15.7835,-90.2308,9,1,0.0,3,0,0.0
2020-03-20,guatemala,,15.7835,-90.2308,12,1,0.0,3,0,0.0
2020-03-21,guatemala,,15.7835,-90.2308,17,1,0.0,5,0,0.0
2020-03-22,guatemala,,15.7835,-90.2308,19,1,0.0,2,0,0.0
2020-03-23,guatemala,,15.7835,-90.2308,20,1,0.0,1,0,0.0
2020-03-24,guatemala,,15.7835,-90.2308,21,1,0.0,1,0,0.0
2020-03-25,guatemala,,15.7835,-90.2308,24,1,4.0,3,0,4.0
2020-03-26,guatemala,,15.7835,-90.2308,25,1,4.0,1,0,0.0
2020-03-27,guatemala,,15.7835,-90.2308,28,1,4.0,3,0,0.0
2020-03-28,guatemala,,15.7835,-90.2308,34,1,10.0,6,0,6.0
2020-03-29,guatemala,,15.7835,-90.2308,34,1,10.0,0,0,0.0
2020-03-30,guatemala,,15.7835,-90.2308,36,1,10.0,2,0,0.0
2020-03-31,guatemala,,15.7835,-90.2308,38,1,12.0,2,0,2.0
2020-04-01,guatemala,,15.7835,-90.2308,39,1,12.0,1,0,0.0
2020-04-02,guatemala,,15.7835,-90.2308,47,1,12.0,8,0,0.0
2020-04-03,guatemala,,15.7835,-90.2308,50,1,12.0,3,0,0.0
2020-04-04,guatemala,,15.7835,-90.2308,61,2,15.0,11,1,3.0
2020-04-05,guatemala,,15.7835,-90.2308,61,2,15.0,0,0,0.0
2020-04-06,guatemala,,15.7835,-90.2308,70,3,15.0,9,1,0.0
2020-04-07,guatemala,,15.7835,-90.2308,77,3,17.0,7,0,2.0
2020-04-08,guatemala,,15.7835,-90.2308,87,3,17.0,10,0,0.0
2020-04-09,guatemala,,15.7835,-90.2308,95,3,17.0,8,0,0.0
2020-04-10,guatemala,,15.7835,-90.2308,126,3,17.0,31,0,0.0
2020-04-11,guatemala,,15.7835,-90.2308,137,3,19.0,11,0,2.0
2020-04-12,guatemala,,15.7835,-90.2308,155,5,19.0,18,2,0.0
2020-04-13,guatemala,,15.7835,-90.2308,156,5,19.0,1,0,0.0
2020-04-14,guatemala,,15.7835,-90.2308,167,5,19.0,11,0,0.0
2020-04-15,guatemala,,15.7835,-90.2308,180,5,19.0,13,0,0.0
2020-04-16,guatemala,,15.7835,-90.2308,196,5,19.0,16,0,0.0
2020-04-17,guatemala,,15.7835,-90.2308,214,7,21.0,18,2,2.0
2020-04-18,guatemala,,15.7835,-90.2308,235,7,21.0,21,0,0.0
2020-04-19,guatemala,,15.7835,-90.2308,257,7,21.0,22,0,0.0
2020-04-20,guatemala,,15.7835,-90.2308,289,7,21.0,32,0,0.0
2020-04-21,guatemala,,15.7835,-90.2308,294,7,24.0,5,0,3.0
2020-04-22,guatemala,,15.7835,-90.2308,316,8,24.0,22,1,0.0
2020-04-23,guatemala,,15.7835,-90.2308,384,11,30.0,68,3,6.0
2020-04-24,guatemala,,15.7835,-90.2308,430,11,30.0,46,0,0.0
2020-04-25,guatemala,,15.7835,-90.2308,473,13,45.0,43,2,15.0
2020-04-26,guatemala,,15.7835,-90.2308,500,15,49.0,27,2,4.0
2020-04-27,guatemala,,15.7835,-90.2308,530,15,49.0,30,0,0.0
2020-04-28,guatemala,,15.7835,-90.2308,530,15,49.0,0,0,0.0
2020-04-29,guatemala,,15.7835,-90.2308,557,16,62.0,27,1,13.0
2020-04-30,guatemala,,15.7835,-90.2308,599,16,66.0,42,0,4.0
2020-05-01,guatemala,,15.7835,-90.2308,644,16,72.0,45,0,6.0
2020-05-02,guatemala,,15.7835,-90.2308,688,17,72.0,44,1,0.0
2020-05-03,guatemala,,15.7835,-90.2308,703,17,72.0,15,0,0.0
2020-05-04,guatemala,,15.7835,-90.2308,730,19,79.0,27,2,7.0
2020-05-05,guatemala,,15.7835,-90.2308,763,19,79.0,33,0,0.0
2020-05-06,guatemala,,15.7835,-90.2308,798,21,86.0,35,2,7.0
2020-05-07,guatemala,,15.7835,-90.2308,832,23,90.0,34,2,4.0
2020-05-08,guatemala,,15.7835,-90.2308,900,24,101.0,68,1,11.0
2020-05-09,guatemala,,15.7835,-90.2308,967,24,104.0,67,0,3.0
2020-05-10,guatemala,,15.7835,-90.2308,1052,26,110.0,85,2,6.0
2020-05-11,guatemala,,15.7835,-90.2308,1114,26,111.0,62,0,1.0
2020-05-12,guatemala,,15.7835,-90.2308,1199,27,120.0,85,1,9.0
2020-05-13,guatemala,,15.7835,-90.2308,1342,29,121.0,143,2,1.0
2020-05-14,guatemala,,15.7835,-90.2308,1518,29,129.0,176,0,8.0
2020-05-15,guatemala,,15.7835,-90.2308,1643,30,135.0,125,1,6.0
2020-05-16,guatemala,,15.7835,-90.2308,1763,33,138.0,120,3,3.0
2020-05-17,guatemala,,15.7835,-90.2308,1763,33,138.0,0,0,0.0
2020-05-18,guatemala,,15.7835,-90.2308,1912,35,138.0,149,2,0.0
2020-05-19,guatemala,,15.7835,-90.2308,2133,43,155.0,221,8,17.0
2020-05-20,guatemala,,15.7835,-90.2308,2265,45,159.0,132,2,4.0
2020-05-21,guatemala,,15.7835,-90.2308,2512,48,222.0,247,3,63.0
2020-05-22,guatemala,,15.7835,-90.2308,2743,51,222.0,231,3,0.0
2020-05-23,guatemala,,15.7835,-90.2308,3054,55,244.0,311,4,22.0
2020-05-24,guatemala,,15.7835,-90.2308,3424,58,258.0,370,3,14.0
2020-05-25,guatemala,,15.7835,-90.2308,3760,59,274.0,336,1,16.0
2020-05-26,guatemala,,15.7835,-90.2308,3954,63,289.0,194,4,15.0
2020-05-27,guatemala,,15.7835,-90.2308,4145,68,493.0,191,5,204.0
2020-05-28,guatemala,,15.7835,-90.2308,4348,80,565.0,203,12,72.0
2020-05-29,guatemala,,15.7835,-90.2308,4607,90,648.0,259,10,83.0
2020-05-30,guatemala,,15.7835,-90.2308,4739,102,706.0,132,12,58.0
2020-05-31,guatemala,,15.7835,-90.2308,5087,108,735.0,348,6,29.0
2020-06-01,guatemala,,15.7835,-90.2308,5336,116,795.0,249,8,60.0
2020-06-02,guatemala,,15.7835,-90.2308,5586,123,824.0,250,7,29.0
2020-06-03,guatemala,,15.7835,-90.2308,5760,143,929.0,174,20,105.0
2020-06-04,guatemala,,15.7835,-90.2308,6154,158,979.0,394,15,50.0
2020-06-05,guatemala,,15.7835,-90.2308,6485,216,1053.0,331,58,74.0
2020-06-06,guatemala,,15.7835,-90.2308,6792,230,1133.0,307,14,80.0
2020-06-07,guatemala,,15.7835,-90.2308,7055,252,1261.0,263,22,128.0
2020-06-08,guatemala,,15.7835,-90.2308,7502,267,1323.0,447,15,62.0
2020-06-09,guatemala,,15.7835,-90.2308,7866,289,1413.0,364,22,90.0
2020-06-10,guatemala,,15.7835,-90.2308,8221,316,1504.0,355,27,91.0
2020-06-11,guatemala,,15.7835,-90.2308,8561,334,1567.0,340,18,63.0
2020-06-12,guatemala,,15.7835,-90.2308,8982,351,1702.0,421,17,135.0
2020-06-13,guatemala,,15.7835,-90.2308,9491,367,1804.0,509,16,102.0
2020-06-14,guatemala,,15.7835,-90.2308,9845,384,1886.0,354,17,82.0
2020-06-15,guatemala,,15.7835,-90.2308,10272,399,1966.0,427,15,80.0
2020-06-16,guatemala,,15.7835,-90.2308,10706,418,2096.0,434,19,130.0
2020-06-17,guatemala,,15.7835,-90.2308,11251,432,2200.0,545,14,104.0
2020-06-18,guatemala,,15.7835,-90.2308,11868,449,2290.0,617,17,90.0
2020-06-19,guatemala,,15.7835,-90.2308,12509,483,2419.0,641,34,129.0
2020-06-20,guatemala,,15.7835,-90.2308,12755,514,2558.0,246,31,139.0
2020-06-21,guatemala,,15.7835,-90.2308,13145,531,2711.0,390,17,153.0
2020-06-22,guatemala,,15.7835,-90.2308,13769,547,2818.0,624,16,107.0
2020-06-23,guatemala,,15.7835,-90.2308,14540,582,2897.0,771,35,79.0
2020-06-24,guatemala,,15.7835,-90.2308,14819,601,2930.0,279,19,33.0
2020-06-25,guatemala,,15.7835,-90.2308,15619,623,2949.0,800,22,19.0
2020-06-26,guatemala,,15.7835,-90.2308,15828,672,3028.0,209,49,79.0
2020-06-27,guatemala,,15.7835,-90.2308,16397,706,3123.0,569,34,95.0
2020-06-28,guatemala,,15.7835,-90.2308,16930,727,3152.0,533,21,29.0
2020-06-29,guatemala,,15.7835,-90.2308,17409,746,3170.0,479,19,18.0
2020-06-30,guatemala,,15.7835,-90.2308,18096,773,3194.0,687,27,24.0
2020-07-01,guatemala,,15.7835,-90.2308,19011,817,3231.0,915,44,37.0
2020-07-02,guatemala,,15.7835,-90.2308,20072,843,3279.0,1061,26,48.0
2020-07-03,guatemala,,15.7835,-90.2308,21293,880,3315.0,1221,37,36.0
2020-07-04,guatemala,,15.7835,-90.2308,22501,920,3330.0,1208,40,15.0
2020-07-05,guatemala,,15.7835,-90.2308,23248,947,3382.0,747,27,52.0
2020-07-06,guatemala,,15.7835,-90.2308,23972,981,3429.0,724,34,47.0
2020-07-07,guatemala,,15.7835,-90.2308,24787,1004,3575.0,815,23,146.0
2020-07-08,guatemala,,15.7835,-90.2308,25411,1053,3718.0,624,49,143.0
2020-07-09,guatemala,,15.7835,-90.2308,26658,1092,3797.0,1247,39,79.0
2020-07-10,guatemala,,15.7835,-90.2308,27619,1139,4024.0,961,47,227.0
2020-07-11,guatemala,,15.7835,-90.2308,28598,1172,4073.0,979,33,49.0
2020-07-12,guatemala,,15.7835,-90.2308,29355,1219,4214.0,757,47,141.0
2020-07-13,guatemala,,15.7835,-90.2308,29742,1244,4321.0,387,25,107.0
2020-07-14,guatemala,,15.7835,-90.2308,30872,1302,4453.0,1130,58,132.0
2020-07-15,guatemala,,15.7835,-90.2308,32074,1350,4624.0,1202,48,171.0
2020-07-16,guatemala,,15.7835,-90.2308,32939,1404,4807.0,865,54,183.0
2020-07-17,guatemala,,15.7835,-90.2308,33809,1443,4989.0,870,39,182.0
2020-07-18,guatemala,,15.7835,-90.2308,38042,1449,23365.0,4233,6,18376.0
2020-07-19,guatemala,,15.7835,-90.2308,38677,1485,23365.0,635,36,0.0
2020-07-20,guatemala,,15.7835,-90.2308,39039,1502,25539.0,362,17,2174.0
2020-07-21,guatemala,,15.7835,-90.2308,40229,1531,26685.0,1190,29,1146.0
2020-07-22,guatemala,,15.7835,-90.2308,41135,1573,27756.0,906,42,1071.0
2020-07-23,guatemala,,15.7835,-90.2308,42192,1632,28856.0,1057,59,1100.0
2020-07-24,guatemala,,15.7835,-90.2308,43283,1669,30150.0,1091,37,1294.0
2020-07-25,guatemala,,15.7835,-90.2308,44492,1699,31045.0,1209,30,895.0
2020-07-26,guatemala,,15.7835,-90.2308,45053,1734,31612.0,561,35,567.0
2020-07-27,guatemala,,15.7835,-90.2308,45309,1761,32455.0,256,27,843.0
2020-07-28,guatemala,,15.7835,-90.2308,46451,1782,33494.0,1142,21,1039.0
2020-07-29,guatemala,,15.7835,-90.2308,47605,1835,34488.0,1154,53,994.0
2020-07-30,guatemala,,15.7835,-90.2308,48826,1867,35629.0,1221,32,1141.0
2020-07-31,guatemala,,15.7835,-90.2308,49789,1924,36816.0,963,57,1187.0
