date,country,state,lat,long,confirmed,deaths,recovered,confirmed_new,deaths_new,recovered_new
2020-01-22,guinea,,9.9456,-9.6966,0,0,0.0,0,0,0.0
2020-01-23,guinea,,9.9456,-9.6966,0,0,0.0,0,0,0.0
2020-01-24,guinea,,9.9456,-9.6966,0,0,0.0,0,0,0.0
2020-01-25,guinea,,9.9456,-9.6966,0,0,0.0,0,0,0.0
2020-01-26,guinea,,9.9456,-9.6966,0,0,0.0,0,0,0.0
2020-01-27,guinea,,9.9456,-9.6966,0,0,0.0,0,0,0.0
2020-01-28,guinea,,9.9456,-9.6966,0,0,0.0,0,0,0.0
2020-01-29,guinea,,9.9456,-9.6966,0,0,0.0,0,0,0.0
2020-01-30,guinea,,9.9456,-9.6966,0,0,0.0,0,0,0.0
2020-01-31,guinea,,9.9456,-9.6966,0,0,0.0,0,0,0.0
2020-02-01,guinea,,9.9456,-9.6966,0,0,0.0,0,0,0.0
2020-02-02,guinea,,9.9456,-9.6966,0,0,0.0,0,0,0.0
2020-02-03,guinea,,9.9456,-9.6966,0,0,0.0,0,0,0.0
2020-02-04,guinea,,9.9456,-9.6966,0,0,0.0,0,0,0.0
2020-02-05,guinea,,9.9456,-9.6966,0,0,0.0,0,0,0.0
2020-02-06,guinea,,9.9456,-9.6966,0,0,0.0,0,0,0.0
2020-02-07,guinea,,9.9456,-9.6966,0,0,0.0,0,0,0.0
2020-02-08,guinea,,9.9456,-9.6966,0,0,0.0,0,0,0.0
2020-02-09,guinea,,9.9456,-9.6966,0,0,0.0,0,0,0.0
2020-02-10,guinea,,9.9456,-9.6966,0,0,0.0,0,0,0.0
2020-02-11,guinea,,9.9456,-9.6966,0,0,0.0,0,0,0.0
2020-02-12,guinea,,9.9456,-9.6966,0,0,0.0,0,0,0.0
2020-02-13,guinea,,9.9456,-9.6966,0,0,0.0,0,0,0.0
2020-02-14,guinea,,9.9456,-9.6966,0,0,0.0,0,0,0.0
2020-02-15,guinea,,9.9456,-9.6966,0,0,0.0,0,0,0.0
2020-02-16,guinea,,9.9456,-9.6966,0,0,0.0,0,0,0.0
2020-02-17,guinea,,9.9456,-9.6966,0,0,0.0,0,0,0.0
2020-02-18,guinea,,9.9456,-9.6966,0,0,0.0,0,0,0.0
2020-02-19,guinea,,9.9456,-9.6966,0,0,0.0,0,0,0.0
2020-02-20,guinea,,9.9456,-9.6966,0,0,0.0,0,0,0.0
2020-02-21,guinea,,9.9456,-9.6966,0,0,0.0,0,0,0.0
2020-02-22,guinea,,9.9456,-9.6966,0,0,0.0,0,0,0.0
2020-02-23,guinea,,9.9456,-9.6966,0,0,0.0,0,0,0.0
2020-02-24,guinea,,9.9456,-9.6966,0,0,0.0,0,0,0.0
2020-02-25,guinea,,9.9456,-9.6966,0,0,0.0,0,0,0.0
2020-02-26,guinea,,9.9456,-9.6966,0,0,0.0,0,0,0.0
2020-02-27,guinea,,9.9456,-9.6966,0,0,0.0,0,0,0.0
2020-02-28,guinea,,9.9456,-9.6966,0,0,0.0,0,0,0.0
2020-02-29,guinea,,9.9456,-9.6966,0,0,0.0,0,0,0.0
2020-03-01,guinea,,9.9456,-9.6966,0,0,0.0,0,0,0.0
2020-03-02,guinea,,9.9456,-9.6966,0,0,0.0,0,0,0.0
2020-03-03,guinea,,9.9456,-9.6966,0,0,0.0,0,0,0.0
2020-03-04,guinea,,9.9456,-9.6966,0,0,0.0,0,0,0.0
2020-03-05,guinea,,9.9456,-9.6966,0,0,0.0,0,0,0.0
2020-03-06,guinea,,9.9456,-9.6966,0,0,0.0,0,0,0.0
2020-03-07,guinea,,9.9456,-9.6966,0,0,0.0,0,0,0.0
2020-03-08,guinea,,9.9456,-9.6966,0,0,0.0,0,0,0.0
2020-03-09,guinea,,9.9456,-9.6966,0,0,0.0,0,0,0.0
2020-03-10,guinea,,9.9456,-9.6966,0,0,0.0,0,0,0.0
2020-03-11,guinea,,9.9456,-9.6966,0,0,0.0,0,0,0.0
2020-03-12,guinea,,9.9456,-9.6966,0,0,0.0,0,0,0.0
2020-03-13,guinea,,9.9456,-9.6966,1,0,0.0,1,0,0.0
2020-03-14,guinea,,9.9456,-9.6966,1,0,0.0,0,0,0.0
2020-03-15,guinea,,9.9456,-9.6966,1,0,0.0,0,0,0.0
2020-03-16,guinea,,9.9456,-9.6966,1,0,0.0,0,0,0.0
2020-03-17,guinea,,9.9456,-9.6966,1,0,0.0,0,0,0.0
2020-03-18,guinea,,9.9456,-9.6966,1,0,0.0,0,0,0.0
2020-03-19,guinea,,9.9456,-9.6966,1,0,0.0,0,0,0.0
2020-03-20,guinea,,9.9456,-9.6966,1,0,0.0,0,0,0.0
2020-03-21,guinea,,9.9456,-9.6966,2,0,0.0,1,0,0.0
2020-03-22,guinea,,9.9456,-9.6966,2,0,0.0,0,0,0.0
2020-03-23,guinea,,9.9456,-9.6966,4,0,0.0,2,0,0.0
2020-03-24,guinea,,9.9456,-9.6966,4,0,0.0,0,0,0.0
2020-03-25,guinea,,9.9456,-9.6966,4,0,0.0,0,0,0.0
2020-03-26,guinea,,9.9456,-9.6966,4,0,0.0,0,0,0.0
2020-03-27,guinea,,9.9456,-9.6966,8,0,0.0,4,0,0.0
2020-03-28,guinea,,9.9456,-9.6966,8,0,0.0,0,0,0.0
2020-03-29,guinea,,9.9456,-9.6966,16,0,0.0,8,0,0.0
2020-03-30,guinea,,9.9456,-9.6966,22,0,0.0,6,0,0.0
2020-03-31,guinea,,9.9456,-9.6966,22,0,0.0,0,0,0.0
2020-04-01,guinea,,9.9456,-9.6966,30,0,0.0,8,0,0.0
2020-04-02,guinea,,9.9456,-9.6966,52,0,0.0,22,0,0.0
2020-04-03,guinea,,9.9456,-9.6966,73,0,2.0,21,0,2.0
2020-04-04,guinea,,9.9456,-9.6966,111,0,5.0,38,0,3.0
2020-04-05,guinea,,9.9456,-9.6966,121,0,5.0,10,0,0.0
2020-04-06,guinea,,9.9456,-9.6966,128,0,5.0,7,0,0.0
2020-04-07,guinea,,9.9456,-9.6966,144,0,5.0,16,0,0.0
2020-04-08,guinea,,9.9456,-9.6966,164,0,5.0,20,0,0.0
2020-04-09,guinea,,9.9456,-9.6966,194,0,11.0,30,0,6.0
2020-04-10,guinea,,9.9456,-9.6966,212,0,15.0,18,0,4.0
2020-04-11,guinea,,9.9456,-9.6966,250,0,17.0,38,0,2.0
2020-04-12,guinea,,9.9456,-9.6966,250,0,17.0,0,0,0.0
2020-04-13,guinea,,9.9456,-9.6966,319,0,17.0,69,0,0.0
2020-04-14,guinea,,9.9456,-9.6966,363,0,31.0,44,0,14.0
2020-04-15,guinea,,9.9456,-9.6966,404,1,31.0,41,1,0.0
2020-04-16,guinea,,9.9456,-9.6966,438,1,49.0,34,0,18.0
2020-04-17,guinea,,9.9456,-9.6966,477,3,59.0,39,2,10.0
2020-04-18,guinea,,9.9456,-9.6966,518,3,65.0,41,0,6.0
2020-04-19,guinea,,9.9456,-9.6966,579,5,87.0,61,2,22.0
2020-04-20,guinea,,9.9456,-9.6966,622,5,122.0,43,0,35.0
2020-04-21,guinea,,9.9456,-9.6966,688,6,127.0,66,1,5.0
2020-04-22,guinea,,9.9456,-9.6966,761,6,164.0,73,0,37.0
2020-04-23,guinea,,9.9456,-9.6966,862,6,170.0,101,0,6.0
2020-04-24,guinea,,9.9456,-9.6966,954,6,191.0,92,0,21.0
2020-04-25,guinea,,9.9456,-9.6966,996,7,208.0,42,1,17.0
2020-04-26,guinea,,9.9456,-9.6966,996,7,208.0,0,0,0.0
2020-04-27,guinea,,9.9456,-9.6966,1163,7,246.0,167,0,38.0
2020-04-28,guinea,,9.9456,-9.6966,1240,7,269.0,77,0,23.0
2020-04-29,guinea,,9.9456,-9.6966,1351,7,313.0,111,0,44.0
2020-04-30,guinea,,9.9456,-9.6966,1495,7,329.0,144,0,16.0
2020-05-01,guinea,,9.9456,-9.6966,1537,7,342.0,42,0,13.0
2020-05-02,guinea,,9.9456,-9.6966,1586,7,405.0,49,0,63.0
2020-05-03,guinea,,9.9456,-9.6966,1586,7,405.0,0,0,0.0
2020-05-04,guinea,,9.9456,-9.6966,1710,9,450.0,124,2,45.0
2020-05-05,guinea,,9.9456,-9.6966,1811,10,498.0,101,1,48.0
2020-05-06,guinea,,9.9456,-9.6966,1856,11,597.0,45,1,99.0
2020-05-07,guinea,,9.9456,-9.6966,1927,11,629.0,71,0,32.0
2020-05-08,guinea,,9.9456,-9.6966,2009,11,663.0,82,0,34.0
2020-05-09,guinea,,9.9456,-9.6966,2042,11,698.0,33,0,35.0
2020-05-10,guinea,,9.9456,-9.6966,2146,11,714.0,104,0,16.0
2020-05-11,guinea,,9.9456,-9.6966,2146,11,714.0,0,0,0.0
2020-05-12,guinea,,9.9456,-9.6966,2298,11,816.0,152,0,102.0
2020-05-13,guinea,,9.9456,-9.6966,2374,14,856.0,76,3,40.0
2020-05-14,guinea,,9.9456,-9.6966,2473,15,895.0,99,1,39.0
2020-05-15,guinea,,9.9456,-9.6966,2473,15,895.0,0,0,0.0
2020-05-16,guinea,,9.9456,-9.6966,2658,16,1133.0,185,1,238.0
2020-05-17,guinea,,9.9456,-9.6966,2658,16,1133.0,0,0,0.0
2020-05-18,guinea,,9.9456,-9.6966,2796,16,1263.0,138,0,130.0
2020-05-19,guinea,,9.9456,-9.6966,2863,18,1525.0,67,2,262.0
2020-05-20,guinea,,9.9456,-9.6966,2863,18,1525.0,0,0,0.0
2020-05-21,guinea,,9.9456,-9.6966,3067,18,1575.0,204,0,50.0
2020-05-22,guinea,,9.9456,-9.6966,3067,19,1575.0,0,1,0.0
2020-05-23,guinea,,9.9456,-9.6966,3176,20,1631.0,109,1,56.0
2020-05-24,guinea,,9.9456,-9.6966,3275,20,1673.0,99,0,42.0
2020-05-25,guinea,,9.9456,-9.6966,3275,20,1673.0,0,0,0.0
2020-05-26,guinea,,9.9456,-9.6966,3275,20,1673.0,0,0,0.0
2020-05-27,guinea,,9.9456,-9.6966,3275,20,1673.0,0,0,0.0
2020-05-28,guinea,,9.9456,-9.6966,3553,22,1950.0,278,2,277.0
2020-05-29,guinea,,9.9456,-9.6966,3656,22,2000.0,103,0,50.0
2020-05-30,guinea,,9.9456,-9.6966,3706,23,2030.0,50,1,30.0
2020-05-31,guinea,,9.9456,-9.6966,3706,23,2030.0,0,0,0.0
2020-06-01,guinea,,9.9456,-9.6966,3844,23,2135.0,138,0,105.0
2020-06-02,guinea,,9.9456,-9.6966,3886,23,2267.0,42,0,132.0
2020-06-03,guinea,,9.9456,-9.6966,3933,23,2332.0,47,0,65.0
2020-06-04,guinea,,9.9456,-9.6966,3991,23,2512.0,58,0,180.0
2020-06-05,guinea,,9.9456,-9.6966,4060,23,2667.0,69,0,155.0
2020-06-06,guinea,,9.9456,-9.6966,4117,23,2857.0,57,0,190.0
2020-06-07,guinea,,9.9456,-9.6966,4117,23,2877.0,0,0,20.0
2020-06-08,guinea,,9.9456,-9.6966,4216,23,2918.0,99,0,41.0
2020-06-09,guinea,,9.9456,-9.6966,4258,23,2942.0,42,0,24.0
2020-06-10,guinea,,9.9456,-9.6966,4258,23,2942.0,0,0,0.0
2020-06-11,guinea,,9.9456,-9.6966,4372,23,3033.0,114,0,91.0
2020-06-12,guinea,,9.9456,-9.6966,4426,24,3106.0,54,1,73.0
2020-06-13,guinea,,9.9456,-9.6966,4484,25,3213.0,58,1,107.0
2020-06-14,guinea,,9.9456,-9.6966,4532,25,3234.0,48,0,21.0
2020-06-15,guinea,,9.9456,-9.6966,4572,26,3259.0,40,1,25.0
2020-06-16,guinea,,9.9456,-9.6966,4639,26,3327.0,67,0,68.0
2020-06-17,guinea,,9.9456,-9.6966,4668,26,3364.0,29,0,37.0
2020-06-18,guinea,,9.9456,-9.6966,4841,26,3467.0,173,0,103.0
2020-06-19,guinea,,9.9456,-9.6966,4904,27,3522.0,63,1,55.0
2020-06-20,guinea,,9.9456,-9.6966,4960,27,3630.0,56,0,108.0
2020-06-21,guinea,,9.9456,-9.6966,4988,27,3669.0,28,0,39.0
2020-06-22,guinea,,9.9456,-9.6966,4988,27,3669.0,0,0,0.0
2020-06-23,guinea,,9.9456,-9.6966,5040,28,3685.0,52,1,16.0
2020-06-24,guinea,,9.9456,-9.6966,5174,29,3861.0,134,1,176.0
2020-06-25,guinea,,9.9456,-9.6966,5174,29,3861.0,0,0,0.0
2020-06-26,guinea,,9.9456,-9.6966,5260,29,4155.0,86,0,294.0
2020-06-27,guinea,,9.9456,-9.6966,5291,30,4215.0,31,1,60.0
2020-06-28,guinea,,9.9456,-9.6966,5342,31,4282.0,51,1,67.0
2020-06-29,guinea,,9.9456,-9.6966,5351,31,4296.0,9,0,14.0
2020-06-30,guinea,,9.9456,-9.6966,5391,33,4326.0,40,2,30.0
2020-07-01,guinea,,9.9456,-9.6966,5404,33,4346.0,13,0,20.0
2020-07-02,guinea,,9.9456,-9.6966,5450,33,4392.0,46,0,46.0
2020-07-03,guinea,,9.9456,-9.6966,5521,33,4446.0,71,0,54.0
2020-07-04,guinea,,9.9456,-9.6966,5570,34,4496.0,49,1,50.0
2020-07-05,guinea,,9.9456,-9.6966,5610,34,4522.0,40,0,26.0
2020-07-06,guinea,,9.9456,-9.6966,5610,34,4522.0,0,0,0.0
2020-07-07,guinea,,9.9456,-9.6966,5636,34,4542.0,26,0,20.0
2020-07-08,guinea,,9.9456,-9.6966,5697,34,4577.0,61,0,35.0
2020-07-09,guinea,,9.9456,-9.6966,5881,36,4672.0,184,2,95.0
2020-07-10,guinea,,9.9456,-9.6966,5969,37,4732.0,88,1,60.0
2020-07-11,guinea,,9.9456,-9.6966,6044,37,4802.0,75,0,70.0
2020-07-12,guinea,,9.9456,-9.6966,6141,37,4862.0,97,0,60.0
2020-07-13,guinea,,9.9456,-9.6966,6141,37,4862.0,0,0,0.0
2020-07-14,guinea,,9.9456,-9.6966,6200,38,4951.0,59,1,89.0
2020-07-15,guinea,,9.9456,-9.6966,6276,38,4981.0,76,0,30.0
2020-07-16,guinea,,9.9456,-9.6966,6359,39,5012.0,83,1,31.0
2020-07-17,guinea,,9.9456,-9.6966,6430,39,5233.0,71,0,221.0
2020-07-18,guinea,,9.9456,-9.6966,6491,39,5257.0,61,0,24.0
2020-07-19,guinea,,9.9456,-9.6966,6544,39,5511.0,53,0,254.0
2020-07-20,guinea,,9.9456,-9.6966,6590,40,5591.0,46,1,80.0
2020-07-21,guinea,,9.9456,-9.6966,6652,41,5771.0,62,1,180.0
2020-07-22,guinea,,9.9456,-9.6966,6747,41,5891.0,95,0,120.0
2020-07-23,guinea,,9.9456,-9.6966,6806,42,5999.0,59,1,108.0
2020-07-24,guinea,,9.9456,-9.6966,6867,42,6063.0,61,0,64.0
2020-07-25,guinea,,9.9456,-9.6966,6927,42,6098.0,60,0,35.0
2020-07-26,guinea,,9.9456,-9.6966,7008,43,6152.0,81,1,54.0
2020-07-27,guinea,,9.9456,-9.6966,7055,45,6257.0,47,2,105.0
2020-07-28,guinea,,9.9456,-9.6966,7126,46,6312.0,71,1,55.0
2020-07-29,guinea,,9.9456,-9.6966,7183,46,6404.0,57,0,92.0
2020-07-30,guinea,,9.9456,-9.6966,7242,46,6438.0,59,0,34.0
2020-07-31,guinea,,9.9456,-9.6966,7308,46,6458.0,66,0,20.0
