date,country,state,lat,long,confirmed,deaths,recovered,confirmed_new,deaths_new,recovered_new
2020-01-22,honduras,,15.2,-86.2419,0,0,0.0,0,0,0.0
2020-01-23,honduras,,15.2,-86.2419,0,0,0.0,0,0,0.0
2020-01-24,honduras,,15.2,-86.2419,0,0,0.0,0,0,0.0
2020-01-25,honduras,,15.2,-86.2419,0,0,0.0,0,0,0.0
2020-01-26,honduras,,15.2,-86.2419,0,0,0.0,0,0,0.0
2020-01-27,honduras,,15.2,-86.2419,0,0,0.0,0,0,0.0
2020-01-28,honduras,,15.2,-86.2419,0,0,0.0,0,0,0.0
2020-01-29,honduras,,15.2,-86.2419,0,0,0.0,0,0,0.0
2020-01-30,honduras,,15.2,-86.2419,0,0,0.0,0,0,0.0
2020-01-31,honduras,,15.2,-86.2419,0,0,0.0,0,0,0.0
2020-02-01,honduras,,15.2,-86.2419,0,0,0.0,0,0,0.0
2020-02-02,honduras,,15.2,-86.2419,0,0,0.0,0,0,0.0
2020-02-03,honduras,,15.2,-86.2419,0,0,0.0,0,0,0.0
2020-02-04,honduras,,15.2,-86.2419,0,0,0.0,0,0,0.0
2020-02-05,honduras,,15.2,-86.2419,0,0,0.0,0,0,0.0
2020-02-06,honduras,,15.2,-86.2419,0,0,0.0,0,0,0.0
2020-02-07,honduras,,15.2,-86.2419,0,0,0.0,0,0,0.0
2020-02-08,honduras,,15.2,-86.2419,0,0,0.0,0,0,0.0
2020-02-09,honduras,,15.2,-86.2419,0,0,0.0,0,0,0.0
2020-02-10,honduras,,15.2,-86.2419,0,0,0.0,0,0,0.0
2020-02-11,honduras,,15.2,-86.2419,0,0,0.0,0,0,0.0
2020-02-12,honduras,,15.2,-86.2419,0,0,0.0,0,0,0.0
2020-02-13,honduras,,15.2,-86.2419,0,0,0.0,0,0,0.0
2020-02-14,honduras,,15.2,-86.2419,0,0,0.0,0,0,0.0
2020-02-15,honduras,,15.2,-86.2419,0,0,0.0,0,0,0.0
2020-02-16,honduras,,15.2,-86.2419,0,0,0.0,0,0,0.0
2020-02-17,honduras,,15.2,-86.2419,0,0,0.0,0,0,0.0
2020-02-18,honduras,,15.2,-86.2419,0,0,0.0,0,0,0.0
2020-02-19,honduras,,15.2,-86.2419,0,0,0.0,0,0,0.0
2020-02-20,honduras,,15.2,-86.2419,0,0,0.0,0,0,0.0
2020-02-21,honduras,,15.2,-86.2419,0,0,0.0,0,0,0.0
2020-02-22,honduras,,15.2,-86.2419,0,0,0.0,0,0,0.0
2020-02-23,honduras,,15.2,-86.2419,0,0,0.0,0,0,0.0
2020-02-24,honduras,,15.2,-86.2419,0,0,0.0,0,0,0.0
2020-02-25,honduras,,15.2,-86.2419,0,0,0.0,0,0,0.0
2020-02-26,honduras,,15.2,-86.2419,0,0,0.0,0,0,0.0
2020-02-27,honduras,,15.2,-86.2419,0,0,0.0,0,0,0.0
2020-02-28,honduras,,15.2,-86.2419,0,0,0.0,0,0,0.0
2020-02-29,honduras,,15.2,-86.2419,0,0,0.0,0,0,0.0
2020-03-01,honduras,,15.2,-86.2419,0,0,0.0,0,0,0.0
2020-03-02,honduras,,15.2,-86.2419,0,0,0.0,0,0,0.0
2020-03-03,honduras,,15.2,-86.2419,0,0,0.0,0,0,0.0
2020-03-04,honduras,,15.2,-86.2419,0,0,0.0,0,0,0.0
2020-03-05,honduras,,15.2,-86.2419,0,0,0.0,0,0,0.0
2020-03-06,honduras,,15.2,-86.2419,0,0,0.0,0,0,0.0
2020-03-07,honduras,,15.2,-86.2419,0,0,0.0,0,0,0.0
2020-03-08,honduras,,15.2,-86.2419,0,0,0.0,0,0,0.0
2020-03-09,honduras,,15.2,-86.2419,0,0,0.0,0,0,0.0
2020-03-10,honduras,,15.2,-86.2419,0,0,0.0,0,0,0.0
2020-03-11,honduras,,15.2,-86.2419,2,0,0.0,2,0,0.0
2020-03-12,honduras,,15.2,-86.2419,2,0,0.0,0,0,0.0
2020-03-13,honduras,,15.2,-86.2419,2,0,0.0,0,0,0.0
2020-03-14,honduras,,15.2,-86.2419,2,0,0.0,0,0,0.0
2020-03-15,honduras,,15.2,-86.2419,3,0,0.0,1,0,0.0
2020-03-16,honduras,,15.2,-86.2419,6,0,0.0,3,0,0.0
2020-03-17,honduras,,15.2,-86.2419,8,0,0.0,2,0,0.0
2020-03-18,honduras,,15.2,-86.2419,9,0,0.0,1,0,0.0
2020-03-19,honduras,,15.2,-86.2419,12,0,0.0,3,0,0.0
2020-03-20,honduras,,15.2,-86.2419,24,0,0.0,12,0,0.0
2020-03-21,honduras,,15.2,-86.2419,24,0,0.0,0,0,0.0
2020-03-22,honduras,,15.2,-86.2419,26,0,0.0,2,0,0.0
2020-03-23,honduras,,15.2,-86.2419,30,0,0.0,4,0,0.0
2020-03-24,honduras,,15.2,-86.2419,30,0,0.0,0,0,0.0
2020-03-25,honduras,,15.2,-86.2419,36,0,0.0,6,0,0.0
2020-03-26,honduras,,15.2,-86.2419,52,1,0.0,16,1,0.0
2020-03-27,honduras,,15.2,-86.2419,68,1,0.0,16,0,0.0
2020-03-28,honduras,,15.2,-86.2419,95,1,3.0,27,0,3.0
2020-03-29,honduras,,15.2,-86.2419,110,3,3.0,15,2,0.0
2020-03-30,honduras,,15.2,-86.2419,139,7,3.0,29,4,0.0
2020-03-31,honduras,,15.2,-86.2419,141,7,3.0,2,0,0.0
2020-04-01,honduras,,15.2,-86.2419,172,10,3.0,31,3,0.0
2020-04-02,honduras,,15.2,-86.2419,219,14,3.0,47,4,0.0
2020-04-03,honduras,,15.2,-86.2419,222,15,3.0,3,1,0.0
2020-04-04,honduras,,15.2,-86.2419,264,15,3.0,42,0,0.0
2020-04-05,honduras,,15.2,-86.2419,268,22,6.0,4,7,3.0
2020-04-06,honduras,,15.2,-86.2419,298,22,6.0,30,0,0.0
2020-04-07,honduras,,15.2,-86.2419,305,22,6.0,7,0,0.0
2020-04-08,honduras,,15.2,-86.2419,312,22,6.0,7,0,0.0
2020-04-09,honduras,,15.2,-86.2419,343,23,6.0,31,1,0.0
2020-04-10,honduras,,15.2,-86.2419,382,23,7.0,39,0,1.0
2020-04-11,honduras,,15.2,-86.2419,392,24,7.0,10,1,0.0
2020-04-12,honduras,,15.2,-86.2419,393,25,7.0,1,1,0.0
2020-04-13,honduras,,15.2,-86.2419,397,25,7.0,4,0,0.0
2020-04-14,honduras,,15.2,-86.2419,407,26,7.0,10,1,0.0
2020-04-15,honduras,,15.2,-86.2419,419,31,9.0,12,5,2.0
2020-04-16,honduras,,15.2,-86.2419,426,35,9.0,7,4,0.0
2020-04-17,honduras,,15.2,-86.2419,442,41,10.0,16,6,1.0
2020-04-18,honduras,,15.2,-86.2419,457,46,10.0,15,5,0.0
2020-04-19,honduras,,15.2,-86.2419,472,46,15.0,15,0,5.0
2020-04-20,honduras,,15.2,-86.2419,477,46,25.0,5,0,10.0
2020-04-21,honduras,,15.2,-86.2419,494,46,29.0,17,0,4.0
2020-04-22,honduras,,15.2,-86.2419,510,46,30.0,16,0,1.0
2020-04-23,honduras,,15.2,-86.2419,519,47,31.0,9,1,1.0
2020-04-24,honduras,,15.2,-86.2419,591,55,58.0,72,8,27.0
2020-04-25,honduras,,15.2,-86.2419,627,59,65.0,36,4,7.0
2020-04-26,honduras,,15.2,-86.2419,627,59,65.0,0,0,0.0
2020-04-27,honduras,,15.2,-86.2419,661,61,79.0,34,2,14.0
2020-04-28,honduras,,15.2,-86.2419,702,64,79.0,41,3,0.0
2020-04-29,honduras,,15.2,-86.2419,738,66,73.0,36,2,-6.0
2020-04-30,honduras,,15.2,-86.2419,771,71,79.0,33,5,6.0
2020-05-01,honduras,,15.2,-86.2419,804,75,112.0,33,4,33.0
2020-05-02,honduras,,15.2,-86.2419,1010,76,116.0,206,1,4.0
2020-05-03,honduras,,15.2,-86.2419,1055,82,118.0,45,6,2.0
2020-05-04,honduras,,15.2,-86.2419,1178,83,122.0,123,1,4.0
2020-05-05,honduras,,15.2,-86.2419,1270,93,122.0,92,10,0.0
2020-05-06,honduras,,15.2,-86.2419,1461,99,132.0,191,6,10.0
2020-05-07,honduras,,15.2,-86.2419,1685,105,154.0,224,6,22.0
2020-05-08,honduras,,15.2,-86.2419,1771,107,192.0,86,2,38.0
2020-05-09,honduras,,15.2,-86.2419,1830,108,195.0,59,1,3.0
2020-05-10,honduras,,15.2,-86.2419,1972,108,203.0,142,0,8.0
2020-05-11,honduras,,15.2,-86.2419,2100,116,206.0,128,8,3.0
2020-05-12,honduras,,15.2,-86.2419,2080,121,211.0,-20,5,5.0
2020-05-13,honduras,,15.2,-86.2419,2255,123,237.0,175,2,26.0
2020-05-14,honduras,,15.2,-86.2419,2318,133,253.0,63,10,16.0
2020-05-15,honduras,,15.2,-86.2419,2460,134,264.0,142,1,11.0
2020-05-16,honduras,,15.2,-86.2419,2565,138,278.0,105,4,14.0
2020-05-17,honduras,,15.2,-86.2419,2646,142,319.0,81,4,41.0
2020-05-18,honduras,,15.2,-86.2419,2798,146,340.0,152,4,21.0
2020-05-19,honduras,,15.2,-86.2419,2955,147,349.0,157,1,9.0
2020-05-20,honduras,,15.2,-86.2419,2955,147,349.0,0,0,0.0
2020-05-21,honduras,,15.2,-86.2419,3204,156,397.0,249,9,48.0
2020-05-22,honduras,,15.2,-86.2419,3477,167,439.0,273,11,42.0
2020-05-23,honduras,,15.2,-86.2419,3477,167,439.0,0,0,0.0
2020-05-24,honduras,,15.2,-86.2419,3950,180,468.0,473,13,29.0
2020-05-25,honduras,,15.2,-86.2419,4189,182,473.0,239,2,5.0
2020-05-26,honduras,,15.2,-86.2419,4401,188,493.0,212,6,20.0
2020-05-27,honduras,,15.2,-86.2419,4640,194,506.0,239,6,13.0
2020-05-28,honduras,,15.2,-86.2419,4752,196,519.0,112,2,13.0
2020-05-29,honduras,,15.2,-86.2419,4752,196,519.0,0,0,0.0
2020-05-30,honduras,,15.2,-86.2419,5094,201,536.0,342,5,17.0
2020-05-31,honduras,,15.2,-86.2419,5202,212,537.0,108,11,1.0
2020-06-01,honduras,,15.2,-86.2419,5362,217,549.0,160,5,12.0
2020-06-02,honduras,,15.2,-86.2419,5527,225,563.0,165,8,14.0
2020-06-03,honduras,,15.2,-86.2419,5690,234,617.0,163,9,54.0
2020-06-04,honduras,,15.2,-86.2419,5880,243,648.0,190,9,31.0
2020-06-05,honduras,,15.2,-86.2419,5971,248,677.0,91,5,29.0
2020-06-06,honduras,,15.2,-86.2419,6155,250,697.0,184,2,20.0
2020-06-07,honduras,,15.2,-86.2419,6327,258,712.0,172,8,15.0
2020-06-08,honduras,,15.2,-86.2419,6450,262,740.0,123,4,28.0
2020-06-09,honduras,,15.2,-86.2419,6935,271,787.0,485,9,47.0
2020-06-10,honduras,,15.2,-86.2419,7360,290,809.0,425,19,22.0
2020-06-11,honduras,,15.2,-86.2419,7669,294,837.0,309,4,28.0
2020-06-12,honduras,,15.2,-86.2419,8132,306,844.0,463,12,7.0
2020-06-13,honduras,,15.2,-86.2419,8455,310,894.0,323,4,50.0
2020-06-14,honduras,,15.2,-86.2419,8858,312,967.0,403,2,73.0
2020-06-15,honduras,,15.2,-86.2419,9178,322,1025.0,320,10,58.0
2020-06-16,honduras,,15.2,-86.2419,9656,330,1075.0,478,8,50.0
2020-06-17,honduras,,15.2,-86.2419,10299,336,1116.0,643,6,41.0
2020-06-18,honduras,,15.2,-86.2419,10739,343,1179.0,440,7,63.0
2020-06-19,honduras,,15.2,-86.2419,11258,349,1214.0,519,6,35.0
2020-06-20,honduras,,15.2,-86.2419,12306,358,1275.0,1048,9,61.0
2020-06-21,honduras,,15.2,-86.2419,12769,363,1293.0,463,5,18.0
2020-06-22,honduras,,15.2,-86.2419,13356,395,1362.0,587,32,69.0
2020-06-23,honduras,,15.2,-86.2419,13943,405,1461.0,587,10,99.0
2020-06-24,honduras,,15.2,-86.2419,14571,417,1546.0,628,12,85.0
2020-06-25,honduras,,15.2,-86.2419,15366,426,1600.0,795,9,54.0
2020-06-26,honduras,,15.2,-86.2419,15994,471,1678.0,628,45,78.0
2020-06-27,honduras,,15.2,-86.2419,17007,479,1767.0,1013,8,89.0
2020-06-28,honduras,,15.2,-86.2419,18082,479,1875.0,1075,0,108.0
2020-06-29,honduras,,15.2,-86.2419,18818,485,1961.0,736,6,86.0
2020-06-30,honduras,,15.2,-86.2419,19558,497,2060.0,740,12,99.0
2020-07-01,honduras,,15.2,-86.2419,20262,542,2123.0,704,45,63.0
2020-07-02,honduras,,15.2,-86.2419,21120,591,2190.0,858,49,67.0
2020-07-03,honduras,,15.2,-86.2419,22116,605,2250.0,996,14,60.0
2020-07-04,honduras,,15.2,-86.2419,22921,629,2387.0,805,24,137.0
2020-07-05,honduras,,15.2,-86.2419,23943,639,2490.0,1022,10,103.0
2020-07-06,honduras,,15.2,-86.2419,24665,656,2585.0,722,17,95.0
2020-07-07,honduras,,15.2,-86.2419,25428,677,2637.0,763,21,52.0
2020-07-08,honduras,,15.2,-86.2419,25978,694,2721.0,550,17,84.0
2020-07-09,honduras,,15.2,-86.2419,26384,704,2779.0,406,10,58.0
2020-07-10,honduras,,15.2,-86.2419,27053,750,2850.0,669,46,71.0
2020-07-11,honduras,,15.2,-86.2419,27583,771,2901.0,530,21,51.0
2020-07-12,honduras,,15.2,-86.2419,28090,774,2957.0,507,3,56.0
2020-07-13,honduras,,15.2,-86.2419,28579,789,3123.0,489,15,166.0
2020-07-14,honduras,,15.2,-86.2419,29106,807,3287.0,527,18,164.0
2020-07-15,honduras,,15.2,-86.2419,30036,825,3379.0,930,18,92.0
2020-07-16,honduras,,15.2,-86.2419,30867,835,3420.0,831,10,41.0
2020-07-17,honduras,,15.2,-86.2419,31745,857,3565.0,878,22,145.0
2020-07-18,honduras,,15.2,-86.2419,32793,891,3661.0,1048,34,96.0
2020-07-19,honduras,,15.2,-86.2419,33835,900,3801.0,1042,9,140.0
2020-07-20,honduras,,15.2,-86.2419,34611,935,3905.0,776,35,104.0
2020-07-21,honduras,,15.2,-86.2419,35345,988,4144.0,734,53,239.0
2020-07-22,honduras,,15.2,-86.2419,36102,1006,4315.0,757,18,171.0
2020-07-23,honduras,,15.2,-86.2419,36902,1011,4448.0,800,5,133.0
2020-07-24,honduras,,15.2,-86.2419,37559,1061,4607.0,657,50,159.0
2020-07-25,honduras,,15.2,-86.2419,38438,1098,4713.0,879,37,106.0
2020-07-26,honduras,,15.2,-86.2419,39276,1116,4922.0,838,18,209.0
2020-07-27,honduras,,15.2,-86.2419,39741,1166,5039.0,465,50,117.0
2020-07-28,honduras,,15.2,-86.2419,40460,1214,5103.0,719,48,64.0
2020-07-29,honduras,,15.2,-86.2419,40944,1259,5281.0,484,45,178.0
2020-07-30,honduras,,15.2,-86.2419,41426,1312,5443.0,482,53,162.0
2020-07-31,honduras,,15.2,-86.2419,42014,1337,5554.0,588,25,111.0
