date,country,state,lat,long,confirmed,deaths,recovered,confirmed_new,deaths_new,recovered_new
2020-01-22,hungary,,47.1625,19.5033,0,0,0.0,0,0,0.0
2020-01-23,hungary,,47.1625,19.5033,0,0,0.0,0,0,0.0
2020-01-24,hungary,,47.1625,19.5033,0,0,0.0,0,0,0.0
2020-01-25,hungary,,47.1625,19.5033,0,0,0.0,0,0,0.0
2020-01-26,hungary,,47.1625,19.5033,0,0,0.0,0,0,0.0
2020-01-27,hungary,,47.1625,19.5033,0,0,0.0,0,0,0.0
2020-01-28,hungary,,47.1625,19.5033,0,0,0.0,0,0,0.0
2020-01-29,hungary,,47.1625,19.5033,0,0,0.0,0,0,0.0
2020-01-30,hungary,,47.1625,19.5033,0,0,0.0,0,0,0.0
2020-01-31,hungary,,47.1625,19.5033,0,0,0.0,0,0,0.0
2020-02-01,hungary,,47.1625,19.5033,0,0,0.0,0,0,0.0
2020-02-02,hungary,,47.1625,19.5033,0,0,0.0,0,0,0.0
2020-02-03,hungary,,47.1625,19.5033,0,0,0.0,0,0,0.0
2020-02-04,hungary,,47.1625,19.5033,0,0,0.0,0,0,0.0
2020-02-05,hungary,,47.1625,19.5033,0,0,0.0,0,0,0.0
2020-02-06,hungary,,47.1625,19.5033,0,0,0.0,0,0,0.0
2020-02-07,hungary,,47.1625,19.5033,0,0,0.0,0,0,0.0
2020-02-08,hungary,,47.1625,19.5033,0,0,0.0,0,0,0.0
2020-02-09,hungary,,47.1625,19.5033,0,0,0.0,0,0,0.0
2020-02-10,hungary,,47.1625,19.5033,0,0,0.0,0,0,0.0
2020-02-11,hungary,,47.1625,19.5033,0,0,0.0,0,0,0.0
2020-02-12,hungary,,47.1625,19.5033,0,0,0.0,0,0,0.0
2020-02-13,hungary,,47.1625,19.5033,0,0,0.0,0,0,0.0
2020-02-14,hungary,,47.1625,19.5033,0,0,0.0,0,0,0.0
2020-02-15,hungary,,47.1625,19.5033,0,0,0.0,0,0,0.0
2020-02-16,hungary,,47.1625,19.5033,0,0,0.0,0,0,0.0
2020-02-17,hungary,,47.1625,19.5033,0,0,0.0,0,0,0.0
2020-02-18,hungary,,47.1625,19.5033,0,0,0.0,0,0,0.0
2020-02-19,hungary,,47.1625,19.5033,0,0,0.0,0,0,0.0
2020-02-20,hungary,,47.1625,19.5033,0,0,0.0,0,0,0.0
2020-02-21,hungary,,47.1625,19.5033,0,0,0.0,0,0,0.0
2020-02-22,hungary,,47.1625,19.5033,0,0,0.0,0,0,0.0
2020-02-23,hungary,,47.1625,19.5033,0,0,0.0,0,0,0.0
2020-02-24,hungary,,47.1625,19.5033,0,0,0.0,0,0,0.0
2020-02-25,hungary,,47.1625,19.5033,0,0,0.0,0,0,0.0
2020-02-26,hungary,,47.1625,19.5033,0,0,0.0,0,0,0.0
2020-02-27,hungary,,47.1625,19.5033,0,0,0.0,0,0,0.0
2020-02-28,hungary,,47.1625,19.5033,0,0,0.0,0,0,0.0
2020-02-29,hungary,,47.1625,19.5033,0,0,0.0,0,0,0.0
2020-03-01,hungary,,47.1625,19.5033,0,0,0.0,0,0,0.0
2020-03-02,hungary,,47.1625,19.5033,0,0,0.0,0,0,0.0
2020-03-03,hungary,,47.1625,19.5033,0,0,0.0,0,0,0.0
2020-03-04,hungary,,47.1625,19.5033,2,0,0.0,2,0,0.0
2020-03-05,hungary,,47.1625,19.5033,2,0,0.0,0,0,0.0
2020-03-06,hungary,,47.1625,19.5033,2,0,0.0,0,0,0.0
2020-03-07,hungary,,47.1625,19.5033,4,0,0.0,2,0,0.0
2020-03-08,hungary,,47.1625,19.5033,7,0,0.0,3,0,0.0
2020-03-09,hungary,,47.1625,19.5033,9,0,0.0,2,0,0.0
2020-03-10,hungary,,47.1625,19.5033,9,0,0.0,0,0,0.0
2020-03-11,hungary,,47.1625,19.5033,13,0,0.0,4,0,0.0
2020-03-12,hungary,,47.1625,19.5033,13,0,0.0,0,0,0.0
2020-03-13,hungary,,47.1625,19.5033,19,0,0.0,6,0,0.0
2020-03-14,hungary,,47.1625,19.5033,30,0,1.0,11,0,1.0
2020-03-15,hungary,,47.1625,19.5033,32,1,1.0,2,1,0.0
2020-03-16,hungary,,47.1625,19.5033,39,1,1.0,7,0,0.0
2020-03-17,hungary,,47.1625,19.5033,50,1,2.0,11,0,1.0
2020-03-18,hungary,,47.1625,19.5033,58,1,2.0,8,0,0.0
2020-03-19,hungary,,47.1625,19.5033,73,1,2.0,15,0,0.0
2020-03-20,hungary,,47.1625,19.5033,85,3,2.0,12,2,0.0
2020-03-21,hungary,,47.1625,19.5033,103,4,7.0,18,1,5.0
2020-03-22,hungary,,47.1625,19.5033,131,6,16.0,28,2,9.0
2020-03-23,hungary,,47.1625,19.5033,167,7,16.0,36,1,0.0
2020-03-24,hungary,,47.1625,19.5033,187,9,21.0,20,2,5.0
2020-03-25,hungary,,47.1625,19.5033,226,10,21.0,39,1,0.0
2020-03-26,hungary,,47.1625,19.5033,261,10,28.0,35,0,7.0
2020-03-27,hungary,,47.1625,19.5033,300,10,34.0,39,0,6.0
2020-03-28,hungary,,47.1625,19.5033,343,11,34.0,43,1,0.0
2020-03-29,hungary,,47.1625,19.5033,408,13,34.0,65,2,0.0
2020-03-30,hungary,,47.1625,19.5033,447,15,34.0,39,2,0.0
2020-03-31,hungary,,47.1625,19.5033,492,16,37.0,45,1,3.0
2020-04-01,hungary,,47.1625,19.5033,525,20,40.0,33,4,3.0
2020-04-02,hungary,,47.1625,19.5033,585,21,42.0,60,1,2.0
2020-04-03,hungary,,47.1625,19.5033,623,26,43.0,38,5,1.0
2020-04-04,hungary,,47.1625,19.5033,678,32,58.0,55,6,15.0
2020-04-05,hungary,,47.1625,19.5033,733,34,66.0,55,2,8.0
2020-04-06,hungary,,47.1625,19.5033,744,38,67.0,11,4,1.0
2020-04-07,hungary,,47.1625,19.5033,817,47,71.0,73,9,4.0
2020-04-08,hungary,,47.1625,19.5033,895,58,94.0,78,11,23.0
2020-04-09,hungary,,47.1625,19.5033,980,66,96.0,85,8,2.0
2020-04-10,hungary,,47.1625,19.5033,1190,77,112.0,210,11,16.0
2020-04-11,hungary,,47.1625,19.5033,1310,85,115.0,120,8,3.0
2020-04-12,hungary,,47.1625,19.5033,1410,99,118.0,100,14,3.0
2020-04-13,hungary,,47.1625,19.5033,1458,109,120.0,48,10,2.0
2020-04-14,hungary,,47.1625,19.5033,1512,122,122.0,54,13,2.0
2020-04-15,hungary,,47.1625,19.5033,1579,134,192.0,67,12,70.0
2020-04-16,hungary,,47.1625,19.5033,1652,142,199.0,73,8,7.0
2020-04-17,hungary,,47.1625,19.5033,1763,156,207.0,111,14,8.0
2020-04-18,hungary,,47.1625,19.5033,1834,172,231.0,71,16,24.0
2020-04-19,hungary,,47.1625,19.5033,1916,189,250.0,82,17,19.0
2020-04-20,hungary,,47.1625,19.5033,1984,199,267.0,68,10,17.0
2020-04-21,hungary,,47.1625,19.5033,2098,213,287.0,114,14,20.0
2020-04-22,hungary,,47.1625,19.5033,2168,225,295.0,70,12,8.0
2020-04-23,hungary,,47.1625,19.5033,2284,239,390.0,116,14,95.0
2020-04-24,hungary,,47.1625,19.5033,2443,262,458.0,159,23,68.0
2020-04-25,hungary,,47.1625,19.5033,2443,262,458.0,0,0,0.0
2020-04-26,hungary,,47.1625,19.5033,2500,272,485.0,57,10,27.0
2020-04-27,hungary,,47.1625,19.5033,2583,280,498.0,83,8,13.0
2020-04-28,hungary,,47.1625,19.5033,2649,291,516.0,66,11,18.0
2020-04-29,hungary,,47.1625,19.5033,2727,300,536.0,78,9,20.0
2020-04-30,hungary,,47.1625,19.5033,2775,312,581.0,48,12,45.0
2020-05-01,hungary,,47.1625,19.5033,2863,323,609.0,88,11,28.0
2020-05-02,hungary,,47.1625,19.5033,2942,335,625.0,79,12,16.0
2020-05-03,hungary,,47.1625,19.5033,2998,340,629.0,56,5,4.0
2020-05-04,hungary,,47.1625,19.5033,3035,351,630.0,37,11,1.0
2020-05-05,hungary,,47.1625,19.5033,3065,363,709.0,30,12,79.0
2020-05-06,hungary,,47.1625,19.5033,3111,373,759.0,46,10,50.0
2020-05-07,hungary,,47.1625,19.5033,3150,383,801.0,39,10,42.0
2020-05-08,hungary,,47.1625,19.5033,3178,392,865.0,28,9,64.0
2020-05-09,hungary,,47.1625,19.5033,3213,405,904.0,35,13,39.0
2020-05-10,hungary,,47.1625,19.5033,3263,413,933.0,50,8,29.0
2020-05-11,hungary,,47.1625,19.5033,3284,421,958.0,21,8,25.0
2020-05-12,hungary,,47.1625,19.5033,3313,425,1007.0,29,4,49.0
2020-05-13,hungary,,47.1625,19.5033,3341,430,1102.0,28,5,95.0
2020-05-14,hungary,,47.1625,19.5033,3380,436,1169.0,39,6,67.0
2020-05-15,hungary,,47.1625,19.5033,3417,442,1287.0,37,6,118.0
2020-05-16,hungary,,47.1625,19.5033,3473,448,1371.0,56,6,84.0
2020-05-17,hungary,,47.1625,19.5033,3509,451,1396.0,36,3,25.0
2020-05-18,hungary,,47.1625,19.5033,3535,462,1400.0,26,11,4.0
2020-05-19,hungary,,47.1625,19.5033,3556,467,1412.0,21,5,12.0
2020-05-20,hungary,,47.1625,19.5033,3598,470,1454.0,42,3,42.0
2020-05-21,hungary,,47.1625,19.5033,3641,473,1509.0,43,3,55.0
2020-05-22,hungary,,47.1625,19.5033,3678,476,1587.0,37,3,78.0
2020-05-23,hungary,,47.1625,19.5033,3713,482,1655.0,35,6,68.0
2020-05-24,hungary,,47.1625,19.5033,3741,486,1690.0,28,4,35.0
2020-05-25,hungary,,47.1625,19.5033,3756,491,1711.0,15,5,21.0
2020-05-26,hungary,,47.1625,19.5033,3771,499,1836.0,15,8,125.0
2020-05-27,hungary,,47.1625,19.5033,3793,505,1856.0,22,6,20.0
2020-05-28,hungary,,47.1625,19.5033,3816,509,1996.0,23,4,140.0
2020-05-29,hungary,,47.1625,19.5033,3841,517,2024.0,25,8,28.0
2020-05-30,hungary,,47.1625,19.5033,3867,524,2142.0,26,7,118.0
2020-05-31,hungary,,47.1625,19.5033,3876,526,2147.0,9,2,5.0
2020-06-01,hungary,,47.1625,19.5033,3892,527,2156.0,16,1,9.0
2020-06-02,hungary,,47.1625,19.5033,3921,532,2160.0,29,5,4.0
2020-06-03,hungary,,47.1625,19.5033,3931,534,2190.0,10,2,30.0
2020-06-04,hungary,,47.1625,19.5033,3954,539,2205.0,23,5,15.0
2020-06-05,hungary,,47.1625,19.5033,3970,542,2245.0,16,3,40.0
2020-06-06,hungary,,47.1625,19.5033,3990,545,2279.0,20,3,34.0
2020-06-07,hungary,,47.1625,19.5033,4008,546,2279.0,18,1,0.0
2020-06-08,hungary,,47.1625,19.5033,4014,548,2284.0,6,2,5.0
2020-06-09,hungary,,47.1625,19.5033,4017,550,2324.0,3,2,40.0
2020-06-10,hungary,,47.1625,19.5033,4027,551,2355.0,10,1,31.0
2020-06-11,hungary,,47.1625,19.5033,4039,553,2391.0,12,2,36.0
2020-06-12,hungary,,47.1625,19.5033,4053,555,2447.0,14,2,56.0
2020-06-13,hungary,,47.1625,19.5033,4064,559,2476.0,11,4,29.0
2020-06-14,hungary,,47.1625,19.5033,4069,562,2482.0,5,3,6.0
2020-06-15,hungary,,47.1625,19.5033,4076,563,2485.0,7,1,3.0
2020-06-16,hungary,,47.1625,19.5033,4077,565,2516.0,1,2,31.0
2020-06-17,hungary,,47.1625,19.5033,4078,567,2547.0,1,2,31.0
2020-06-18,hungary,,47.1625,19.5033,4079,568,2564.0,1,1,17.0
2020-06-19,hungary,,47.1625,19.5033,4081,568,2581.0,2,0,17.0
2020-06-20,hungary,,47.1625,19.5033,4086,570,2585.0,5,2,4.0
2020-06-21,hungary,,47.1625,19.5033,4094,570,2589.0,8,0,4.0
2020-06-22,hungary,,47.1625,19.5033,4102,572,2590.0,8,2,1.0
2020-06-23,hungary,,47.1625,19.5033,4107,573,2600.0,5,1,10.0
2020-06-24,hungary,,47.1625,19.5033,4114,576,2618.0,7,3,18.0
2020-06-25,hungary,,47.1625,19.5033,4123,577,2640.0,9,1,22.0
2020-06-26,hungary,,47.1625,19.5033,4127,578,2663.0,4,1,23.0
2020-06-27,hungary,,47.1625,19.5033,4138,578,2681.0,11,0,18.0
2020-06-28,hungary,,47.1625,19.5033,4142,581,2685.0,4,3,4.0
2020-06-29,hungary,,47.1625,19.5033,4145,585,2685.0,3,4,0.0
2020-06-30,hungary,,47.1625,19.5033,4155,585,2692.0,10,0,7.0
2020-07-01,hungary,,47.1625,19.5033,4157,586,2714.0,2,1,22.0
2020-07-02,hungary,,47.1625,19.5033,4166,587,2721.0,9,1,7.0
2020-07-03,hungary,,47.1625,19.5033,4172,588,2752.0,6,1,31.0
2020-07-04,hungary,,47.1625,19.5033,4174,589,2784.0,2,1,32.0
2020-07-05,hungary,,47.1625,19.5033,4183,589,2811.0,9,0,27.0
2020-07-06,hungary,,47.1625,19.5033,4189,589,2860.0,6,0,49.0
2020-07-07,hungary,,47.1625,19.5033,4205,589,2874.0,16,0,14.0
2020-07-08,hungary,,47.1625,19.5033,4210,589,2885.0,5,0,11.0
2020-07-09,hungary,,47.1625,19.5033,4220,591,2887.0,10,2,2.0
2020-07-10,hungary,,47.1625,19.5033,4223,593,2941.0,3,2,54.0
2020-07-11,hungary,,47.1625,19.5033,4229,595,2974.0,6,2,33.0
2020-07-12,hungary,,47.1625,19.5033,4234,595,3036.0,5,0,62.0
2020-07-13,hungary,,47.1625,19.5033,4247,595,3073.0,13,0,37.0
2020-07-14,hungary,,47.1625,19.5033,4258,595,3106.0,11,0,33.0
2020-07-15,hungary,,47.1625,19.5033,4263,595,3126.0,5,0,20.0
2020-07-16,hungary,,47.1625,19.5033,4279,595,3156.0,16,0,30.0
2020-07-17,hungary,,47.1625,19.5033,4293,595,3220.0,14,0,64.0
2020-07-18,hungary,,47.1625,19.5033,4315,596,3222.0,22,1,2.0
2020-07-19,hungary,,47.1625,19.5033,4333,596,3223.0,18,0,1.0
2020-07-20,hungary,,47.1625,19.5033,4339,596,3232.0,6,0,9.0
2020-07-21,hungary,,47.1625,19.5033,4347,596,3257.0,8,0,25.0
2020-07-22,hungary,,47.1625,19.5033,4366,596,3283.0,19,0,26.0
2020-07-23,hungary,,47.1625,19.5033,4380,596,3300.0,14,0,17.0
2020-07-24,hungary,,47.1625,19.5033,4398,596,3312.0,18,0,12.0
2020-07-25,hungary,,47.1625,19.5033,4424,596,3324.0,26,0,12.0
2020-07-26,hungary,,47.1625,19.5033,4435,596,3329.0,11,0,5.0
2020-07-27,hungary,,47.1625,19.5033,4448,596,3329.0,13,0,0.0
2020-07-28,hungary,,47.1625,19.5033,4456,596,3331.0,8,0,2.0
2020-07-29,hungary,,47.1625,19.5033,4465,596,3339.0,9,0,8.0
2020-07-30,hungary,,47.1625,19.5033,4484,596,3346.0,19,0,7.0
2020-07-31,hungary,,47.1625,19.5033,4505,596,3353.0,21,0,7.0
