date,country,state,lat,long,confirmed,deaths,recovered,confirmed_new,deaths_new,recovered_new
2020-01-22,iceland,,64.9631,-19.0208,0,0,0.0,0,0,0.0
2020-01-23,iceland,,64.9631,-19.0208,0,0,0.0,0,0,0.0
2020-01-24,iceland,,64.9631,-19.0208,0,0,0.0,0,0,0.0
2020-01-25,iceland,,64.9631,-19.0208,0,0,0.0,0,0,0.0
2020-01-26,iceland,,64.9631,-19.0208,0,0,0.0,0,0,0.0
2020-01-27,iceland,,64.9631,-19.0208,0,0,0.0,0,0,0.0
2020-01-28,iceland,,64.9631,-19.0208,0,0,0.0,0,0,0.0
2020-01-29,iceland,,64.9631,-19.0208,0,0,0.0,0,0,0.0
2020-01-30,iceland,,64.9631,-19.0208,0,0,0.0,0,0,0.0
2020-01-31,iceland,,64.9631,-19.0208,0,0,0.0,0,0,0.0
2020-02-01,iceland,,64.9631,-19.0208,0,0,0.0,0,0,0.0
2020-02-02,iceland,,64.9631,-19.0208,0,0,0.0,0,0,0.0
2020-02-03,iceland,,64.9631,-19.0208,0,0,0.0,0,0,0.0
2020-02-04,iceland,,64.9631,-19.0208,0,0,0.0,0,0,0.0
2020-02-05,iceland,,64.9631,-19.0208,0,0,0.0,0,0,0.0
2020-02-06,iceland,,64.9631,-19.0208,0,0,0.0,0,0,0.0
2020-02-07,iceland,,64.9631,-19.0208,0,0,0.0,0,0,0.0
2020-02-08,iceland,,64.9631,-19.0208,0,0,0.0,0,0,0.0
2020-02-09,iceland,,64.9631,-19.0208,0,0,0.0,0,0,0.0
2020-02-10,iceland,,64.9631,-19.0208,0,0,0.0,0,0,0.0
2020-02-11,iceland,,64.9631,-19.0208,0,0,0.0,0,0,0.0
2020-02-12,iceland,,64.9631,-19.0208,0,0,0.0,0,0,0.0
2020-02-13,iceland,,64.9631,-19.0208,0,0,0.0,0,0,0.0
2020-02-14,iceland,,64.9631,-19.0208,0,0,0.0,0,0,0.0
2020-02-15,iceland,,64.9631,-19.0208,0,0,0.0,0,0,0.0
2020-02-16,iceland,,64.9631,-19.0208,0,0,0.0,0,0,0.0
2020-02-17,iceland,,64.9631,-19.0208,0,0,0.0,0,0,0.0
2020-02-18,iceland,,64.9631,-19.0208,0,0,0.0,0,0,0.0
2020-02-19,iceland,,64.9631,-19.0208,0,0,0.0,0,0,0.0
2020-02-20,iceland,,64.9631,-19.0208,0,0,0.0,0,0,0.0
2020-02-21,iceland,,64.9631,-19.0208,0,0,0.0,0,0,0.0
2020-02-22,iceland,,64.9631,-19.0208,0,0,0.0,0,0,0.0
2020-02-23,iceland,,64.9631,-19.0208,0,0,0.0,0,0,0.0
2020-02-24,iceland,,64.9631,-19.0208,0,0,0.0,0,0,0.0
2020-02-25,iceland,,64.9631,-19.0208,0,0,0.0,0,0,0.0
2020-02-26,iceland,,64.9631,-19.0208,0,0,0.0,0,0,0.0
2020-02-27,iceland,,64.9631,-19.0208,0,0,0.0,0,0,0.0
2020-02-28,iceland,,64.9631,-19.0208,1,0,0.0,1,0,0.0
2020-02-29,iceland,,64.9631,-19.0208,1,0,0.0,0,0,0.0
2020-03-01,iceland,,64.9631,-19.0208,3,0,0.0,2,0,0.0
2020-03-02,iceland,,64.9631,-19.0208,6,0,0.0,3,0,0.0
2020-03-03,iceland,,64.9631,-19.0208,11,0,0.0,5,0,0.0
2020-03-04,iceland,,64.9631,-19.0208,26,0,0.0,15,0,0.0
2020-03-05,iceland,,64.9631,-19.0208,34,0,0.0,8,0,0.0
2020-03-06,iceland,,64.9631,-19.0208,43,0,0.0,9,0,0.0
2020-03-07,iceland,,64.9631,-19.0208,50,0,0.0,7,0,0.0
2020-03-08,iceland,,64.9631,-19.0208,50,0,0.0,0,0,0.0
2020-03-09,iceland,,64.9631,-19.0208,58,0,0.0,8,0,0.0
2020-03-10,iceland,,64.9631,-19.0208,69,0,1.0,11,0,1.0
2020-03-11,iceland,,64.9631,-19.0208,85,0,1.0,16,0,0.0
2020-03-12,iceland,,64.9631,-19.0208,103,0,1.0,18,0,0.0
2020-03-13,iceland,,64.9631,-19.0208,134,0,1.0,31,0,0.0
2020-03-14,iceland,,64.9631,-19.0208,156,0,1.0,22,0,0.0
2020-03-15,iceland,,64.9631,-19.0208,171,5,8.0,15,5,7.0
2020-03-16,iceland,,64.9631,-19.0208,180,0,0.0,9,-5,-8.0
2020-03-17,iceland,,64.9631,-19.0208,220,1,0.0,40,1,0.0
2020-03-18,iceland,,64.9631,-19.0208,250,1,5.0,30,0,5.0
2020-03-19,iceland,,64.9631,-19.0208,330,1,5.0,80,0,0.0
2020-03-20,iceland,,64.9631,-19.0208,409,0,5.0,79,-1,0.0
2020-03-21,iceland,,64.9631,-19.0208,473,1,22.0,64,1,17.0
2020-03-22,iceland,,64.9631,-19.0208,568,1,36.0,95,0,14.0
2020-03-23,iceland,,64.9631,-19.0208,588,1,36.0,20,0,0.0
2020-03-24,iceland,,64.9631,-19.0208,648,2,51.0,60,1,15.0
2020-03-25,iceland,,64.9631,-19.0208,737,2,56.0,89,0,5.0
2020-03-26,iceland,,64.9631,-19.0208,802,2,82.0,65,0,26.0
2020-03-27,iceland,,64.9631,-19.0208,890,2,97.0,88,0,15.0
2020-03-28,iceland,,64.9631,-19.0208,963,2,114.0,73,0,17.0
2020-03-29,iceland,,64.9631,-19.0208,1020,2,135.0,57,0,21.0
2020-03-30,iceland,,64.9631,-19.0208,1086,2,157.0,66,0,22.0
2020-03-31,iceland,,64.9631,-19.0208,1135,2,198.0,49,0,41.0
2020-04-01,iceland,,64.9631,-19.0208,1220,2,225.0,85,0,27.0
2020-04-02,iceland,,64.9631,-19.0208,1319,4,284.0,99,2,59.0
2020-04-03,iceland,,64.9631,-19.0208,1364,4,309.0,45,0,25.0
2020-04-04,iceland,,64.9631,-19.0208,1417,4,396.0,53,0,87.0
2020-04-05,iceland,,64.9631,-19.0208,1486,4,428.0,69,0,32.0
2020-04-06,iceland,,64.9631,-19.0208,1562,6,460.0,76,2,32.0
2020-04-07,iceland,,64.9631,-19.0208,1586,6,559.0,24,0,99.0
2020-04-08,iceland,,64.9631,-19.0208,1616,6,633.0,30,0,74.0
2020-04-09,iceland,,64.9631,-19.0208,1648,6,688.0,32,0,55.0
2020-04-10,iceland,,64.9631,-19.0208,1675,7,751.0,27,1,63.0
2020-04-11,iceland,,64.9631,-19.0208,1689,8,841.0,14,1,90.0
2020-04-12,iceland,,64.9631,-19.0208,1701,8,889.0,12,0,48.0
2020-04-13,iceland,,64.9631,-19.0208,1711,8,933.0,10,0,44.0
2020-04-14,iceland,,64.9631,-19.0208,1720,8,989.0,9,0,56.0
2020-04-15,iceland,,64.9631,-19.0208,1727,8,1077.0,7,0,88.0
2020-04-16,iceland,,64.9631,-19.0208,1739,8,1144.0,12,0,67.0
2020-04-17,iceland,,64.9631,-19.0208,1754,9,1224.0,15,1,80.0
2020-04-18,iceland,,64.9631,-19.0208,1760,9,1291.0,6,0,67.0
2020-04-19,iceland,,64.9631,-19.0208,1771,9,1291.0,11,0,0.0
2020-04-20,iceland,,64.9631,-19.0208,1773,10,1362.0,2,1,71.0
2020-04-21,iceland,,64.9631,-19.0208,1778,10,1417.0,5,0,55.0
2020-04-22,iceland,,64.9631,-19.0208,1785,10,1462.0,7,0,45.0
2020-04-23,iceland,,64.9631,-19.0208,1789,10,1509.0,4,0,47.0
2020-04-24,iceland,,64.9631,-19.0208,1789,10,1542.0,0,0,33.0
2020-04-25,iceland,,64.9631,-19.0208,1790,10,1570.0,1,0,28.0
2020-04-26,iceland,,64.9631,-19.0208,1792,10,1608.0,2,0,38.0
2020-04-27,iceland,,64.9631,-19.0208,1792,10,1624.0,0,0,16.0
2020-04-28,iceland,,64.9631,-19.0208,1795,10,1636.0,3,0,12.0
2020-04-29,iceland,,64.9631,-19.0208,1797,10,1656.0,2,0,20.0
2020-04-30,iceland,,64.9631,-19.0208,1797,10,1670.0,0,0,14.0
2020-05-01,iceland,,64.9631,-19.0208,1798,10,1689.0,1,0,19.0
2020-05-02,iceland,,64.9631,-19.0208,1798,10,1706.0,0,0,17.0
2020-05-03,iceland,,64.9631,-19.0208,1799,10,1717.0,1,0,11.0
2020-05-04,iceland,,64.9631,-19.0208,1799,10,1723.0,0,0,6.0
2020-05-05,iceland,,64.9631,-19.0208,1799,10,1733.0,0,0,10.0
2020-05-06,iceland,,64.9631,-19.0208,1799,10,1750.0,0,0,17.0
2020-05-07,iceland,,64.9631,-19.0208,1801,10,1755.0,2,0,5.0
2020-05-08,iceland,,64.9631,-19.0208,1801,10,1765.0,0,0,10.0
2020-05-09,iceland,,64.9631,-19.0208,1801,10,1773.0,0,0,8.0
2020-05-10,iceland,,64.9631,-19.0208,1801,10,1773.0,0,0,0.0
2020-05-11,iceland,,64.9631,-19.0208,1801,10,1773.0,0,0,0.0
2020-05-12,iceland,,64.9631,-19.0208,1801,10,1776.0,0,0,3.0
2020-05-13,iceland,,64.9631,-19.0208,1802,10,1780.0,1,0,4.0
2020-05-14,iceland,,64.9631,-19.0208,1802,10,1780.0,0,0,0.0
2020-05-15,iceland,,64.9631,-19.0208,1802,10,1782.0,0,0,2.0
2020-05-16,iceland,,64.9631,-19.0208,1802,10,1786.0,0,0,4.0
2020-05-17,iceland,,64.9631,-19.0208,1802,10,1786.0,0,0,0.0
2020-05-18,iceland,,64.9631,-19.0208,1802,10,1786.0,0,0,0.0
2020-05-19,iceland,,64.9631,-19.0208,1802,10,1789.0,0,0,3.0
2020-05-20,iceland,,64.9631,-19.0208,1803,10,1789.0,1,0,0.0
2020-05-21,iceland,,64.9631,-19.0208,1803,10,1790.0,0,0,1.0
2020-05-22,iceland,,64.9631,-19.0208,1803,10,1791.0,0,0,1.0
2020-05-23,iceland,,64.9631,-19.0208,1804,10,1791.0,1,0,0.0
2020-05-24,iceland,,64.9631,-19.0208,1804,10,1791.0,0,0,0.0
2020-05-25,iceland,,64.9631,-19.0208,1804,10,1791.0,0,0,0.0
2020-05-26,iceland,,64.9631,-19.0208,1804,10,1792.0,0,0,1.0
2020-05-27,iceland,,64.9631,-19.0208,1805,10,1792.0,1,0,0.0
2020-05-28,iceland,,64.9631,-19.0208,1805,10,1792.0,0,0,0.0
2020-05-29,iceland,,64.9631,-19.0208,1805,10,1794.0,0,0,2.0
2020-05-30,iceland,,64.9631,-19.0208,1806,10,1794.0,1,0,0.0
2020-05-31,iceland,,64.9631,-19.0208,1806,10,1794.0,0,0,0.0
2020-06-01,iceland,,64.9631,-19.0208,1806,10,1794.0,0,0,0.0
2020-06-02,iceland,,64.9631,-19.0208,1806,10,1794.0,0,0,0.0
2020-06-03,iceland,,64.9631,-19.0208,1806,10,1794.0,0,0,0.0
2020-06-04,iceland,,64.9631,-19.0208,1806,10,1794.0,0,0,0.0
2020-06-05,iceland,,64.9631,-19.0208,1806,10,1794.0,0,0,0.0
2020-06-06,iceland,,64.9631,-19.0208,1806,10,1794.0,0,0,0.0
2020-06-07,iceland,,64.9631,-19.0208,1807,10,1794.0,1,0,0.0
2020-06-08,iceland,,64.9631,-19.0208,1807,10,1794.0,0,0,0.0
2020-06-09,iceland,,64.9631,-19.0208,1807,10,1794.0,0,0,0.0
2020-06-10,iceland,,64.9631,-19.0208,1807,10,1794.0,0,0,0.0
2020-06-11,iceland,,64.9631,-19.0208,1807,10,1794.0,0,0,0.0
2020-06-12,iceland,,64.9631,-19.0208,1807,10,1794.0,0,0,0.0
2020-06-13,iceland,,64.9631,-19.0208,1808,10,1794.0,1,0,0.0
2020-06-14,iceland,,64.9631,-19.0208,1810,10,1796.0,2,0,2.0
2020-06-15,iceland,,64.9631,-19.0208,1811,10,1797.0,1,0,1.0
2020-06-16,iceland,,64.9631,-19.0208,1812,10,1796.0,1,0,-1.0
2020-06-17,iceland,,64.9631,-19.0208,1812,10,1793.0,0,0,-3.0
2020-06-18,iceland,,64.9631,-19.0208,1814,10,1795.0,2,0,2.0
2020-06-19,iceland,,64.9631,-19.0208,1815,10,1797.0,1,0,2.0
2020-06-20,iceland,,64.9631,-19.0208,1815,10,1794.0,0,0,-3.0
2020-06-21,iceland,,64.9631,-19.0208,1815,10,1797.0,0,0,3.0
2020-06-22,iceland,,64.9631,-19.0208,1815,10,1797.0,0,0,0.0
2020-06-23,iceland,,64.9631,-19.0208,1815,10,1796.0,0,0,-1.0
2020-06-24,iceland,,64.9631,-19.0208,1817,10,1799.0,2,0,3.0
2020-06-25,iceland,,64.9631,-19.0208,1818,10,1794.0,1,0,-5.0
2020-06-26,iceland,,64.9631,-19.0208,1820,10,1799.0,2,0,5.0
2020-06-27,iceland,,64.9631,-19.0208,1820,10,1797.0,0,0,-2.0
2020-06-28,iceland,,64.9631,-19.0208,1821,10,1797.0,1,0,0.0
2020-06-29,iceland,,64.9631,-19.0208,1822,10,1798.0,1,0,1.0
2020-06-30,iceland,,64.9631,-19.0208,1824,10,1800.0,2,0,2.0
2020-07-01,iceland,,64.9631,-19.0208,1825,10,1797.0,1,0,-3.0
2020-07-02,iceland,,64.9631,-19.0208,1830,10,1803.0,5,0,6.0
2020-07-03,iceland,,64.9631,-19.0208,1830,10,1803.0,0,0,0.0
2020-07-04,iceland,,64.9631,-19.0208,1830,10,1802.0,0,0,-1.0
2020-07-05,iceland,,64.9631,-19.0208,1830,10,1800.0,0,0,-2.0
2020-07-06,iceland,,64.9631,-19.0208,1832,10,1799.0,2,0,-1.0
2020-07-07,iceland,,64.9631,-19.0208,1833,10,1801.0,1,0,2.0
2020-07-08,iceland,,64.9631,-19.0208,1833,10,1802.0,0,0,1.0
2020-07-09,iceland,,64.9631,-19.0208,1833,10,1803.0,0,0,1.0
2020-07-10,iceland,,64.9631,-19.0208,1833,10,1803.0,0,0,0.0
2020-07-11,iceland,,64.9631,-19.0208,1833,10,1806.0,0,0,3.0
2020-07-12,iceland,,64.9631,-19.0208,1833,10,1800.0,0,0,-6.0
2020-07-13,iceland,,64.9631,-19.0208,1833,10,1801.0,0,0,1.0
2020-07-14,iceland,,64.9631,-19.0208,1835,10,1804.0,2,0,3.0
2020-07-15,iceland,,64.9631,-19.0208,1835,10,1809.0,0,0,5.0
2020-07-16,iceland,,64.9631,-19.0208,1836,10,1810.0,1,0,1.0
2020-07-17,iceland,,64.9631,-19.0208,1836,10,1815.0,0,0,5.0
2020-07-18,iceland,,64.9631,-19.0208,1838,10,1814.0,2,0,-1.0
2020-07-19,iceland,,64.9631,-19.0208,1839,10,1815.0,1,0,1.0
2020-07-20,iceland,,64.9631,-19.0208,1839,10,1820.0,0,0,5.0
2020-07-21,iceland,,64.9631,-19.0208,1839,10,1821.0,0,0,1.0
2020-07-22,iceland,,64.9631,-19.0208,1840,10,1822.0,1,0,1.0
2020-07-23,iceland,,64.9631,-19.0208,1841,10,1823.0,1,0,1.0
2020-07-24,iceland,,64.9631,-19.0208,1843,10,1823.0,2,0,0.0
2020-07-25,iceland,,64.9631,-19.0208,1843,10,1823.0,0,0,0.0
2020-07-26,iceland,,64.9631,-19.0208,1847,10,1823.0,4,0,0.0
2020-07-27,iceland,,64.9631,-19.0208,1854,10,1823.0,7,0,0.0
2020-07-28,iceland,,64.9631,-19.0208,1857,10,1823.0,3,0,0.0
2020-07-29,iceland,,64.9631,-19.0208,1861,10,1823.0,4,0,0.0
2020-07-30,iceland,,64.9631,-19.0208,1872,10,1823.0,11,0,0.0
2020-07-31,iceland,,64.9631,-19.0208,1885,10,1825.0,13,0,2.0
