date,country,state,lat,long,confirmed,deaths,recovered,confirmed_new,deaths_new,recovered_new
2020-01-22,indonesia,,-0.7893,113.9213,0,0,0.0,0,0,0.0
2020-01-23,indonesia,,-0.7893,113.9213,0,0,0.0,0,0,0.0
2020-01-24,indonesia,,-0.7893,113.9213,0,0,0.0,0,0,0.0
2020-01-25,indonesia,,-0.7893,113.9213,0,0,0.0,0,0,0.0
2020-01-26,indonesia,,-0.7893,113.9213,0,0,0.0,0,0,0.0
2020-01-27,indonesia,,-0.7893,113.9213,0,0,0.0,0,0,0.0
2020-01-28,indonesia,,-0.7893,113.9213,0,0,0.0,0,0,0.0
2020-01-29,indonesia,,-0.7893,113.9213,0,0,0.0,0,0,0.0
2020-01-30,indonesia,,-0.7893,113.9213,0,0,0.0,0,0,0.0
2020-01-31,indonesia,,-0.7893,113.9213,0,0,0.0,0,0,0.0
2020-02-01,indonesia,,-0.7893,113.9213,0,0,0.0,0,0,0.0
2020-02-02,indonesia,,-0.7893,113.9213,0,0,0.0,0,0,0.0
2020-02-03,indonesia,,-0.7893,113.9213,0,0,0.0,0,0,0.0
2020-02-04,indonesia,,-0.7893,113.9213,0,0,0.0,0,0,0.0
2020-02-05,indonesia,,-0.7893,113.9213,0,0,0.0,0,0,0.0
2020-02-06,indonesia,,-0.7893,113.9213,0,0,0.0,0,0,0.0
2020-02-07,indonesia,,-0.7893,113.9213,0,0,0.0,0,0,0.0
2020-02-08,indonesia,,-0.7893,113.9213,0,0,0.0,0,0,0.0
2020-02-09,indonesia,,-0.7893,113.9213,0,0,0.0,0,0,0.0
2020-02-10,indonesia,,-0.7893,113.9213,0,0,0.0,0,0,0.0
2020-02-11,indonesia,,-0.7893,113.9213,0,0,0.0,0,0,0.0
2020-02-12,indonesia,,-0.7893,113.9213,0,0,0.0,0,0,0.0
2020-02-13,indonesia,,-0.7893,113.9213,0,0,0.0,0,0,0.0
2020-02-14,indonesia,,-0.7893,113.9213,0,0,0.0,0,0,0.0
2020-02-15,indonesia,,-0.7893,113.9213,0,0,0.0,0,0,0.0
2020-02-16,indonesia,,-0.7893,113.9213,0,0,0.0,0,0,0.0
2020-02-17,indonesia,,-0.7893,113.9213,0,0,0.0,0,0,0.0
2020-02-18,indonesia,,-0.7893,113.9213,0,0,0.0,0,0,0.0
2020-02-19,indonesia,,-0.7893,113.9213,0,0,0.0,0,0,0.0
2020-02-20,indonesia,,-0.7893,113.9213,0,0,0.0,0,0,0.0
2020-02-21,indonesia,,-0.7893,113.9213,0,0,0.0,0,0,0.0
2020-02-22,indonesia,,-0.7893,113.9213,0,0,0.0,0,0,0.0
2020-02-23,indonesia,,-0.7893,113.9213,0,0,0.0,0,0,0.0
2020-02-24,indonesia,,-0.7893,113.9213,0,0,0.0,0,0,0.0
2020-02-25,indonesia,,-0.7893,113.9213,0,0,0.0,0,0,0.0
2020-02-26,indonesia,,-0.7893,113.9213,0,0,0.0,0,0,0.0
2020-02-27,indonesia,,-0.7893,113.9213,0,0,0.0,0,0,0.0
2020-02-28,indonesia,,-0.7893,113.9213,0,0,0.0,0,0,0.0
2020-02-29,indonesia,,-0.7893,113.9213,0,0,0.0,0,0,0.0
2020-03-01,indonesia,,-0.7893,113.9213,0,0,0.0,0,0,0.0
2020-03-02,indonesia,,-0.7893,113.9213,2,0,0.0,2,0,0.0
2020-03-03,indonesia,,-0.7893,113.9213,2,0,0.0,0,0,0.0
2020-03-04,indonesia,,-0.7893,113.9213,2,0,0.0,0,0,0.0
2020-03-05,indonesia,,-0.7893,113.9213,2,0,0.0,0,0,0.0
2020-03-06,indonesia,,-0.7893,113.9213,4,0,0.0,2,0,0.0
2020-03-07,indonesia,,-0.7893,113.9213,4,0,0.0,0,0,0.0
2020-03-08,indonesia,,-0.7893,113.9213,6,0,0.0,2,0,0.0
2020-03-09,indonesia,,-0.7893,113.9213,19,0,0.0,13,0,0.0
2020-03-10,indonesia,,-0.7893,113.9213,27,0,2.0,8,0,2.0
2020-03-11,indonesia,,-0.7893,113.9213,34,1,2.0,7,1,0.0
2020-03-12,indonesia,,-0.7893,113.9213,34,1,2.0,0,0,0.0
2020-03-13,indonesia,,-0.7893,113.9213,69,4,2.0,35,3,0.0
2020-03-14,indonesia,,-0.7893,113.9213,96,5,8.0,27,1,6.0
2020-03-15,indonesia,,-0.7893,113.9213,117,5,8.0,21,0,0.0
2020-03-16,indonesia,,-0.7893,113.9213,134,5,8.0,17,0,0.0
2020-03-17,indonesia,,-0.7893,113.9213,172,5,8.0,38,0,0.0
2020-03-18,indonesia,,-0.7893,113.9213,227,19,11.0,55,14,3.0
2020-03-19,indonesia,,-0.7893,113.9213,311,25,11.0,84,6,0.0
2020-03-20,indonesia,,-0.7893,113.9213,369,32,15.0,58,7,4.0
2020-03-21,indonesia,,-0.7893,113.9213,450,38,15.0,81,6,0.0
2020-03-22,indonesia,,-0.7893,113.9213,514,48,29.0,64,10,14.0
2020-03-23,indonesia,,-0.7893,113.9213,579,49,29.0,65,1,0.0
2020-03-24,indonesia,,-0.7893,113.9213,686,55,30.0,107,6,1.0
2020-03-25,indonesia,,-0.7893,113.9213,790,58,31.0,104,3,1.0
2020-03-26,indonesia,,-0.7893,113.9213,893,78,35.0,103,20,4.0
2020-03-27,indonesia,,-0.7893,113.9213,1046,87,46.0,153,9,11.0
2020-03-28,indonesia,,-0.7893,113.9213,1155,102,59.0,109,15,13.0
2020-03-29,indonesia,,-0.7893,113.9213,1285,114,64.0,130,12,5.0
2020-03-30,indonesia,,-0.7893,113.9213,1414,122,75.0,129,8,11.0
2020-03-31,indonesia,,-0.7893,113.9213,1528,136,81.0,114,14,6.0
2020-04-01,indonesia,,-0.7893,113.9213,1677,157,103.0,149,21,22.0
2020-04-02,indonesia,,-0.7893,113.9213,1790,170,112.0,113,13,9.0
2020-04-03,indonesia,,-0.7893,113.9213,1986,181,134.0,196,11,22.0
2020-04-04,indonesia,,-0.7893,113.9213,2092,191,150.0,106,10,16.0
2020-04-05,indonesia,,-0.7893,113.9213,2273,198,164.0,181,7,14.0
2020-04-06,indonesia,,-0.7893,113.9213,2491,209,192.0,218,11,28.0
2020-04-07,indonesia,,-0.7893,113.9213,2738,221,204.0,247,12,12.0
2020-04-08,indonesia,,-0.7893,113.9213,2956,240,222.0,218,19,18.0
2020-04-09,indonesia,,-0.7893,113.9213,3293,280,252.0,337,40,30.0
2020-04-10,indonesia,,-0.7893,113.9213,3512,306,282.0,219,26,30.0
2020-04-11,indonesia,,-0.7893,113.9213,3842,327,286.0,330,21,4.0
2020-04-12,indonesia,,-0.7893,113.9213,4241,373,359.0,399,46,73.0
2020-04-13,indonesia,,-0.7893,113.9213,4557,399,380.0,316,26,21.0
2020-04-14,indonesia,,-0.7893,113.9213,4839,459,426.0,282,60,46.0
2020-04-15,indonesia,,-0.7893,113.9213,5136,469,446.0,297,10,20.0
2020-04-16,indonesia,,-0.7893,113.9213,5516,496,548.0,380,27,102.0
2020-04-17,indonesia,,-0.7893,113.9213,5923,520,607.0,407,24,59.0
2020-04-18,indonesia,,-0.7893,113.9213,6248,535,631.0,325,15,24.0
2020-04-19,indonesia,,-0.7893,113.9213,6575,582,686.0,327,47,55.0
2020-04-20,indonesia,,-0.7893,113.9213,6760,590,747.0,185,8,61.0
2020-04-21,indonesia,,-0.7893,113.9213,7135,616,842.0,375,26,95.0
2020-04-22,indonesia,,-0.7893,113.9213,7418,635,913.0,283,19,71.0
2020-04-23,indonesia,,-0.7893,113.9213,7775,647,960.0,357,12,47.0
2020-04-24,indonesia,,-0.7893,113.9213,8211,689,1002.0,436,42,42.0
2020-04-25,indonesia,,-0.7893,113.9213,8607,720,1042.0,396,31,40.0
2020-04-26,indonesia,,-0.7893,113.9213,8882,743,1107.0,275,23,65.0
2020-04-27,indonesia,,-0.7893,113.9213,9096,765,1151.0,214,22,44.0
2020-04-28,indonesia,,-0.7893,113.9213,9511,773,1254.0,415,8,103.0
2020-04-29,indonesia,,-0.7893,113.9213,9771,784,1391.0,260,11,137.0
2020-04-30,indonesia,,-0.7893,113.9213,10118,792,1522.0,347,8,131.0
2020-05-01,indonesia,,-0.7893,113.9213,10551,800,1591.0,433,8,69.0
2020-05-02,indonesia,,-0.7893,113.9213,10843,831,1665.0,292,31,74.0
2020-05-03,indonesia,,-0.7893,113.9213,11192,845,1876.0,349,14,211.0
2020-05-04,indonesia,,-0.7893,113.9213,11587,864,1954.0,395,19,78.0
2020-05-05,indonesia,,-0.7893,113.9213,12071,872,2197.0,484,8,243.0
2020-05-06,indonesia,,-0.7893,113.9213,12438,895,2317.0,367,23,120.0
2020-05-07,indonesia,,-0.7893,113.9213,12776,930,2381.0,338,35,64.0
2020-05-08,indonesia,,-0.7893,113.9213,13112,943,2494.0,336,13,113.0
2020-05-09,indonesia,,-0.7893,113.9213,13645,959,2607.0,533,16,113.0
2020-05-10,indonesia,,-0.7893,113.9213,14032,973,2698.0,387,14,91.0
2020-05-11,indonesia,,-0.7893,113.9213,14265,991,2881.0,233,18,183.0
2020-05-12,indonesia,,-0.7893,113.9213,14749,1007,3063.0,484,16,182.0
2020-05-13,indonesia,,-0.7893,113.9213,15438,1028,3287.0,689,21,224.0
2020-05-14,indonesia,,-0.7893,113.9213,16006,1043,3518.0,568,15,231.0
2020-05-15,indonesia,,-0.7893,113.9213,16496,1076,3803.0,490,33,285.0
2020-05-16,indonesia,,-0.7893,113.9213,17025,1089,3911.0,529,13,108.0
2020-05-17,indonesia,,-0.7893,113.9213,17514,1148,4129.0,489,59,218.0
2020-05-18,indonesia,,-0.7893,113.9213,18010,1191,4324.0,496,43,195.0
2020-05-19,indonesia,,-0.7893,113.9213,18496,1221,4467.0,486,30,143.0
2020-05-20,indonesia,,-0.7893,113.9213,19189,1242,4575.0,693,21,108.0
2020-05-21,indonesia,,-0.7893,113.9213,20162,1278,4838.0,973,36,263.0
2020-05-22,indonesia,,-0.7893,113.9213,20796,1326,5057.0,634,48,219.0
2020-05-23,indonesia,,-0.7893,113.9213,21745,1351,5249.0,949,25,192.0
2020-05-24,indonesia,,-0.7893,113.9213,22271,1372,5402.0,526,21,153.0
2020-05-25,indonesia,,-0.7893,113.9213,22750,1391,5642.0,479,19,240.0
2020-05-26,indonesia,,-0.7893,113.9213,23165,1418,5877.0,415,27,235.0
2020-05-27,indonesia,,-0.7893,113.9213,23851,1473,6057.0,686,55,180.0
2020-05-28,indonesia,,-0.7893,113.9213,24538,1496,6240.0,687,23,183.0
2020-05-29,indonesia,,-0.7893,113.9213,25216,1520,6492.0,678,24,252.0
2020-05-30,indonesia,,-0.7893,113.9213,25773,1573,7015.0,557,53,523.0
2020-05-31,indonesia,,-0.7893,113.9213,26473,1613,7308.0,700,40,293.0
2020-06-01,indonesia,,-0.7893,113.9213,26940,1641,7637.0,467,28,329.0
2020-06-02,indonesia,,-0.7893,113.9213,27549,1663,7935.0,609,22,298.0
2020-06-03,indonesia,,-0.7893,113.9213,28233,1698,8406.0,684,35,471.0
2020-06-04,indonesia,,-0.7893,113.9213,28818,1721,8892.0,585,23,486.0
2020-06-05,indonesia,,-0.7893,113.9213,29521,1770,9443.0,703,49,551.0
2020-06-06,indonesia,,-0.7893,113.9213,30514,1801,9907.0,993,31,464.0
2020-06-07,indonesia,,-0.7893,113.9213,31186,1851,10498.0,672,50,591.0
2020-06-08,indonesia,,-0.7893,113.9213,32033,1883,10904.0,847,32,406.0
2020-06-09,indonesia,,-0.7893,113.9213,33076,1923,11414.0,1043,40,510.0
2020-06-10,indonesia,,-0.7893,113.9213,34316,1959,12129.0,1240,36,715.0
2020-06-11,indonesia,,-0.7893,113.9213,35295,2000,12636.0,979,41,507.0
2020-06-12,indonesia,,-0.7893,113.9213,36406,2048,13213.0,1111,48,577.0
2020-06-13,indonesia,,-0.7893,113.9213,37420,2091,13776.0,1014,43,563.0
2020-06-14,indonesia,,-0.7893,113.9213,38277,2134,14531.0,857,43,755.0
2020-06-15,indonesia,,-0.7893,113.9213,39294,2198,15123.0,1017,64,592.0
2020-06-16,indonesia,,-0.7893,113.9213,40400,2231,15703.0,1106,33,580.0
2020-06-17,indonesia,,-0.7893,113.9213,41431,2276,16243.0,1031,45,540.0
2020-06-18,indonesia,,-0.7893,113.9213,42762,2339,16798.0,1331,63,555.0
2020-06-19,indonesia,,-0.7893,113.9213,43803,2373,17349.0,1041,34,551.0
2020-06-20,indonesia,,-0.7893,113.9213,45029,2429,17883.0,1226,56,534.0
2020-06-21,indonesia,,-0.7893,113.9213,45891,2465,18404.0,862,36,521.0
2020-06-22,indonesia,,-0.7893,113.9213,46845,2500,18735.0,954,35,331.0
2020-06-23,indonesia,,-0.7893,113.9213,47896,2535,19241.0,1051,35,506.0
2020-06-24,indonesia,,-0.7893,113.9213,49009,2573,19658.0,1113,38,417.0
2020-06-25,indonesia,,-0.7893,113.9213,50187,2620,20449.0,1178,47,791.0
2020-06-26,indonesia,,-0.7893,113.9213,51427,2683,21333.0,1240,63,884.0
2020-06-27,indonesia,,-0.7893,113.9213,52812,2720,21909.0,1385,37,576.0
2020-06-28,indonesia,,-0.7893,113.9213,54010,2754,22936.0,1198,34,1027.0
2020-06-29,indonesia,,-0.7893,113.9213,55092,2805,23800.0,1082,51,864.0
2020-06-30,indonesia,,-0.7893,113.9213,56385,2876,24806.0,1293,71,1006.0
2020-07-01,indonesia,,-0.7893,113.9213,57770,2934,25595.0,1385,58,789.0
2020-07-02,indonesia,,-0.7893,113.9213,59394,2987,26667.0,1624,53,1072.0
2020-07-03,indonesia,,-0.7893,113.9213,60695,3036,27568.0,1301,49,901.0
2020-07-04,indonesia,,-0.7893,113.9213,62142,3089,28219.0,1447,53,651.0
2020-07-05,indonesia,,-0.7893,113.9213,63749,3171,29105.0,1607,82,886.0
2020-07-06,indonesia,,-0.7893,113.9213,64958,3241,29919.0,1209,70,814.0
2020-07-07,indonesia,,-0.7893,113.9213,66226,3309,30785.0,1268,68,866.0
2020-07-08,indonesia,,-0.7893,113.9213,68079,3359,31585.0,1853,50,800.0
2020-07-09,indonesia,,-0.7893,113.9213,70736,3417,32651.0,2657,58,1066.0
2020-07-10,indonesia,,-0.7893,113.9213,72347,3469,33529.0,1611,52,878.0
2020-07-11,indonesia,,-0.7893,113.9213,74018,3535,34719.0,1671,66,1190.0
2020-07-12,indonesia,,-0.7893,113.9213,75699,3606,35638.0,1681,71,919.0
2020-07-13,indonesia,,-0.7893,113.9213,76981,3656,36689.0,1282,50,1051.0
2020-07-14,indonesia,,-0.7893,113.9213,78572,3710,37636.0,1591,54,947.0
2020-07-15,indonesia,,-0.7893,113.9213,80094,3797,39050.0,1522,87,1414.0
2020-07-16,indonesia,,-0.7893,113.9213,81668,3873,40345.0,1574,76,1295.0
2020-07-17,indonesia,,-0.7893,113.9213,83130,3957,41834.0,1462,84,1489.0
2020-07-18,indonesia,,-0.7893,113.9213,84882,4016,43268.0,1752,59,1434.0
2020-07-19,indonesia,,-0.7893,113.9213,86521,4143,45401.0,1639,127,2133.0
2020-07-20,indonesia,,-0.7893,113.9213,88214,4239,46977.0,1693,96,1576.0
2020-07-21,indonesia,,-0.7893,113.9213,89869,4320,48466.0,1655,81,1489.0
2020-07-22,indonesia,,-0.7893,113.9213,91751,4459,50255.0,1882,139,1789.0
2020-07-23,indonesia,,-0.7893,113.9213,93657,4576,52164.0,1906,117,1909.0
2020-07-24,indonesia,,-0.7893,113.9213,95418,4665,53945.0,1761,89,1781.0
2020-07-25,indonesia,,-0.7893,113.9213,97286,4714,55354.0,1868,49,1409.0
2020-07-26,indonesia,,-0.7893,113.9213,98778,4781,56655.0,1492,67,1301.0
2020-07-27,indonesia,,-0.7893,113.9213,100303,4838,58173.0,1525,57,1518.0
2020-07-28,indonesia,,-0.7893,113.9213,102051,4901,60539.0,1748,63,2366.0
2020-07-29,indonesia,,-0.7893,113.9213,104432,4975,62138.0,2381,74,1599.0
2020-07-30,indonesia,,-0.7893,113.9213,106336,5058,64292.0,1904,83,2154.0
2020-07-31,indonesia,,-0.7893,113.9213,108376,5131,65907.0,2040,73,1615.0
