date,country,state,lat,long,confirmed,deaths,recovered,confirmed_new,deaths_new,recovered_new
2020-01-22,iran,,32.427908,53.68804599999999,0,0,0.0,0,0,0.0
2020-01-23,iran,,32.427908,53.68804599999999,0,0,0.0,0,0,0.0
2020-01-24,iran,,32.427908,53.68804599999999,0,0,0.0,0,0,0.0
2020-01-25,iran,,32.427908,53.68804599999999,0,0,0.0,0,0,0.0
2020-01-26,iran,,32.427908,53.68804599999999,0,0,0.0,0,0,0.0
2020-01-27,iran,,32.427908,53.68804599999999,0,0,0.0,0,0,0.0
2020-01-28,iran,,32.427908,53.68804599999999,0,0,0.0,0,0,0.0
2020-01-29,iran,,32.427908,53.68804599999999,0,0,0.0,0,0,0.0
2020-01-30,iran,,32.427908,53.68804599999999,0,0,0.0,0,0,0.0
2020-01-31,iran,,32.427908,53.68804599999999,0,0,0.0,0,0,0.0
2020-02-01,iran,,32.427908,53.68804599999999,0,0,0.0,0,0,0.0
2020-02-02,iran,,32.427908,53.68804599999999,0,0,0.0,0,0,0.0
2020-02-03,iran,,32.427908,53.68804599999999,0,0,0.0,0,0,0.0
2020-02-04,iran,,32.427908,53.68804599999999,0,0,0.0,0,0,0.0
2020-02-05,iran,,32.427908,53.68804599999999,0,0,0.0,0,0,0.0
2020-02-06,iran,,32.427908,53.68804599999999,0,0,0.0,0,0,0.0
2020-02-07,iran,,32.427908,53.68804599999999,0,0,0.0,0,0,0.0
2020-02-08,iran,,32.427908,53.68804599999999,0,0,0.0,0,0,0.0
2020-02-09,iran,,32.427908,53.68804599999999,0,0,0.0,0,0,0.0
2020-02-10,iran,,32.427908,53.68804599999999,0,0,0.0,0,0,0.0
2020-02-11,iran,,32.427908,53.68804599999999,0,0,0.0,0,0,0.0
2020-02-12,iran,,32.427908,53.68804599999999,0,0,0.0,0,0,0.0
2020-02-13,iran,,32.427908,53.68804599999999,0,0,0.0,0,0,0.0
2020-02-14,iran,,32.427908,53.68804599999999,0,0,0.0,0,0,0.0
2020-02-15,iran,,32.427908,53.68804599999999,0,0,0.0,0,0,0.0
2020-02-16,iran,,32.427908,53.68804599999999,0,0,0.0,0,0,0.0
2020-02-17,iran,,32.427908,53.68804599999999,0,0,0.0,0,0,0.0
2020-02-18,iran,,32.427908,53.68804599999999,0,0,0.0,0,0,0.0
2020-02-19,iran,,32.427908,53.68804599999999,2,2,0.0,2,2,0.0
2020-02-20,iran,,32.427908,53.68804599999999,5,2,0.0,3,0,0.0
2020-02-21,iran,,32.427908,53.68804599999999,18,4,0.0,13,2,0.0
2020-02-22,iran,,32.427908,53.68804599999999,28,5,0.0,10,1,0.0
2020-02-23,iran,,32.427908,53.68804599999999,43,8,0.0,15,3,0.0
2020-02-24,iran,,32.427908,53.68804599999999,61,12,0.0,18,4,0.0
2020-02-25,iran,,32.427908,53.68804599999999,95,16,0.0,34,4,0.0
2020-02-26,iran,,32.427908,53.68804599999999,139,19,49.0,44,3,49.0
2020-02-27,iran,,32.427908,53.68804599999999,245,26,49.0,106,7,0.0
2020-02-28,iran,,32.427908,53.68804599999999,388,34,73.0,143,8,24.0
2020-02-29,iran,,32.427908,53.68804599999999,593,43,123.0,205,9,50.0
2020-03-01,iran,,32.427908,53.68804599999999,978,54,175.0,385,11,52.0
2020-03-02,iran,,32.427908,53.68804599999999,1501,66,291.0,523,12,116.0
2020-03-03,iran,,32.427908,53.68804599999999,2336,77,291.0,835,11,0.0
2020-03-04,iran,,32.427908,53.68804599999999,2922,92,552.0,586,15,261.0
2020-03-05,iran,,32.427908,53.68804599999999,3513,107,739.0,591,15,187.0
2020-03-06,iran,,32.427908,53.68804599999999,4747,124,913.0,1234,17,174.0
2020-03-07,iran,,32.427908,53.68804599999999,5823,145,1669.0,1076,21,756.0
2020-03-08,iran,,32.427908,53.68804599999999,6566,194,2134.0,743,49,465.0
2020-03-09,iran,,32.427908,53.68804599999999,7161,237,2394.0,595,43,260.0
2020-03-10,iran,,32.427908,53.68804599999999,8042,291,2731.0,881,54,337.0
2020-03-11,iran,,32.427908,53.68804599999999,9000,354,2959.0,958,63,228.0
2020-03-12,iran,,32.427908,53.68804599999999,10075,429,2959.0,1075,75,0.0
2020-03-13,iran,,32.427908,53.68804599999999,11364,514,2959.0,1289,85,0.0
2020-03-14,iran,,32.427908,53.68804599999999,12729,611,2959.0,1365,97,0.0
2020-03-15,iran,,32.427908,53.68804599999999,13938,724,4590.0,1209,113,1631.0
2020-03-16,iran,,32.427908,53.68804599999999,14991,853,4590.0,1053,129,0.0
2020-03-17,iran,,32.427908,53.68804599999999,16169,988,5389.0,1178,135,799.0
2020-03-18,iran,,32.427908,53.68804599999999,17361,1135,5389.0,1192,147,0.0
2020-03-19,iran,,32.427908,53.68804599999999,18407,1284,5710.0,1046,149,321.0
2020-03-20,iran,,32.427908,53.68804599999999,19644,1433,6745.0,1237,149,1035.0
2020-03-21,iran,,32.427908,53.68804599999999,20610,1556,7635.0,966,123,890.0
2020-03-22,iran,,32.427908,53.68804599999999,21638,1685,7931.0,1028,129,296.0
2020-03-23,iran,,32.427908,53.68804599999999,23049,1812,7931.0,1411,127,0.0
2020-03-24,iran,,32.427908,53.68804599999999,24811,1934,8913.0,1762,122,982.0
2020-03-25,iran,,32.427908,53.68804599999999,27017,2077,9625.0,2206,143,712.0
2020-03-26,iran,,32.427908,53.68804599999999,29406,2234,10457.0,2389,157,832.0
2020-03-27,iran,,32.427908,53.68804599999999,32332,2378,11133.0,2926,144,676.0
2020-03-28,iran,,32.427908,53.68804599999999,35408,2517,11679.0,3076,139,546.0
2020-03-29,iran,,32.427908,53.68804599999999,38309,2640,12391.0,2901,123,712.0
2020-03-30,iran,,32.427908,53.68804599999999,41495,2757,13911.0,3186,117,1520.0
2020-03-31,iran,,32.427908,53.68804599999999,44605,2898,14656.0,3110,141,745.0
2020-04-01,iran,,32.427908,53.68804599999999,47593,3036,15473.0,2988,138,817.0
2020-04-02,iran,,32.427908,53.68804599999999,50468,3160,16711.0,2875,124,1238.0
2020-04-03,iran,,32.427908,53.68804599999999,53183,3294,17935.0,2715,134,1224.0
2020-04-04,iran,,32.427908,53.68804599999999,55743,3452,19736.0,2560,158,1801.0
2020-04-05,iran,,32.427908,53.68804599999999,58226,3603,19736.0,2483,151,0.0
2020-04-06,iran,,32.427908,53.68804599999999,60500,3739,24236.0,2274,136,4500.0
2020-04-07,iran,,32.427908,53.68804599999999,62589,3872,27039.0,2089,133,2803.0
2020-04-08,iran,,32.427908,53.68804599999999,64586,3993,29812.0,1997,121,2773.0
2020-04-09,iran,,32.427908,53.68804599999999,66220,4110,32309.0,1634,117,2497.0
2020-04-10,iran,,32.427908,53.68804599999999,68192,4232,35465.0,1972,122,3156.0
2020-04-11,iran,,32.427908,53.68804599999999,70029,4357,41947.0,1837,125,6482.0
2020-04-12,iran,,32.427908,53.68804599999999,71686,4474,43894.0,1657,117,1947.0
2020-04-13,iran,,32.427908,53.68804599999999,73303,4585,45983.0,1617,111,2089.0
2020-04-14,iran,,32.427908,53.68804599999999,74877,4683,48129.0,1574,98,2146.0
2020-04-15,iran,,32.427908,53.68804599999999,76389,4777,49933.0,1512,94,1804.0
2020-04-16,iran,,32.427908,53.68804599999999,77995,4869,52229.0,1606,92,2296.0
2020-04-17,iran,,32.427908,53.68804599999999,79494,4958,54064.0,1499,89,1835.0
2020-04-18,iran,,32.427908,53.68804599999999,80868,5031,55987.0,1374,73,1923.0
2020-04-19,iran,,32.427908,53.68804599999999,82211,5118,57023.0,1343,87,1036.0
2020-04-20,iran,,32.427908,53.68804599999999,83505,5209,59273.0,1294,91,2250.0
2020-04-21,iran,,32.427908,53.68804599999999,84802,5297,60965.0,1297,88,1692.0
2020-04-22,iran,,32.427908,53.68804599999999,85996,5391,63113.0,1194,94,2148.0
2020-04-23,iran,,32.427908,53.68804599999999,87026,5481,64843.0,1030,90,1730.0
2020-04-24,iran,,32.427908,53.68804599999999,88194,5574,66599.0,1168,93,1756.0
2020-04-25,iran,,32.427908,53.68804599999999,89328,5650,68193.0,1134,76,1594.0
2020-04-26,iran,,32.427908,53.68804599999999,90481,5710,69657.0,1153,60,1464.0
2020-04-27,iran,,32.427908,53.68804599999999,91472,5806,70933.0,991,96,1276.0
2020-04-28,iran,,32.427908,53.68804599999999,92584,5877,72439.0,1112,71,1506.0
2020-04-29,iran,,32.427908,53.68804599999999,93657,5957,73791.0,1073,80,1352.0
2020-04-30,iran,,32.427908,53.68804599999999,94640,6028,75103.0,983,71,1312.0
2020-05-01,iran,,32.427908,53.68804599999999,95646,6091,76318.0,1006,63,1215.0
2020-05-02,iran,,32.427908,53.68804599999999,96448,6156,77350.0,802,65,1032.0
2020-05-03,iran,,32.427908,53.68804599999999,97424,6203,78422.0,976,47,1072.0
2020-05-04,iran,,32.427908,53.68804599999999,98647,6277,79379.0,1223,74,957.0
2020-05-05,iran,,32.427908,53.68804599999999,99970,6340,80475.0,1323,63,1096.0
2020-05-06,iran,,32.427908,53.68804599999999,101650,6418,81587.0,1680,78,1112.0
2020-05-07,iran,,32.427908,53.68804599999999,103135,6486,82744.0,1485,68,1157.0
2020-05-08,iran,,32.427908,53.68804599999999,104691,6541,83837.0,1556,55,1093.0
2020-05-09,iran,,32.427908,53.68804599999999,106220,6589,85064.0,1529,48,1227.0
2020-05-10,iran,,32.427908,53.68804599999999,107603,6640,86143.0,1383,51,1079.0
2020-05-11,iran,,32.427908,53.68804599999999,109286,6685,87422.0,1683,45,1279.0
2020-05-12,iran,,32.427908,53.68804599999999,110767,6733,88357.0,1481,48,935.0
2020-05-13,iran,,32.427908,53.68804599999999,112725,6783,89428.0,1958,50,1071.0
2020-05-14,iran,,32.427908,53.68804599999999,114533,6854,90539.0,1808,71,1111.0
2020-05-15,iran,,32.427908,53.68804599999999,116635,6902,91836.0,2102,48,1297.0
2020-05-16,iran,,32.427908,53.68804599999999,118392,6937,93147.0,1757,35,1311.0
2020-05-17,iran,,32.427908,53.68804599999999,120198,6988,94464.0,1806,51,1317.0
2020-05-18,iran,,32.427908,53.68804599999999,122492,7057,95661.0,2294,69,1197.0
2020-05-19,iran,,32.427908,53.68804599999999,124603,7119,97173.0,2111,62,1512.0
2020-05-20,iran,,32.427908,53.68804599999999,126949,7183,98808.0,2346,64,1635.0
2020-05-21,iran,,32.427908,53.68804599999999,129341,7249,100564.0,2392,66,1756.0
2020-05-22,iran,,32.427908,53.68804599999999,131652,7300,102276.0,2311,51,1712.0
2020-05-23,iran,,32.427908,53.68804599999999,133521,7359,104072.0,1869,59,1796.0
2020-05-24,iran,,32.427908,53.68804599999999,135701,7417,105801.0,2180,58,1729.0
2020-05-25,iran,,32.427908,53.68804599999999,137724,7451,107713.0,2023,34,1912.0
2020-05-26,iran,,32.427908,53.68804599999999,139511,7508,109437.0,1787,57,1724.0
2020-05-27,iran,,32.427908,53.68804599999999,141591,7564,111176.0,2080,56,1739.0
2020-05-28,iran,,32.427908,53.68804599999999,143849,7627,112988.0,2258,63,1812.0
2020-05-29,iran,,32.427908,53.68804599999999,146668,7677,114931.0,2819,50,1943.0
2020-05-30,iran,,32.427908,53.68804599999999,148950,7734,116827.0,2282,57,1896.0
2020-05-31,iran,,32.427908,53.68804599999999,151466,7797,118848.0,2516,63,2021.0
2020-06-01,iran,,32.427908,53.68804599999999,154445,7878,121004.0,2979,81,2156.0
2020-06-02,iran,,32.427908,53.68804599999999,157562,7942,123077.0,3117,64,2073.0
2020-06-03,iran,,32.427908,53.68804599999999,160696,8012,125206.0,3134,70,2129.0
2020-06-04,iran,,32.427908,53.68804599999999,164270,8071,127485.0,3574,59,2279.0
2020-06-05,iran,,32.427908,53.68804599999999,167156,8134,129741.0,2886,63,2256.0
2020-06-06,iran,,32.427908,53.68804599999999,169425,8209,132038.0,2269,75,2297.0
2020-06-07,iran,,32.427908,53.68804599999999,171789,8281,134349.0,2364,72,2311.0
2020-06-08,iran,,32.427908,53.68804599999999,173832,8351,136360.0,2043,70,2011.0
2020-06-09,iran,,32.427908,53.68804599999999,175927,8425,138457.0,2095,74,2097.0
2020-06-10,iran,,32.427908,53.68804599999999,177938,8506,140590.0,2011,81,2133.0
2020-06-11,iran,,32.427908,53.68804599999999,180156,8584,142663.0,2218,78,2073.0
2020-06-12,iran,,32.427908,53.68804599999999,182525,8659,144649.0,2369,75,1986.0
2020-06-13,iran,,32.427908,53.68804599999999,184955,8730,146748.0,2430,71,2099.0
2020-06-14,iran,,32.427908,53.68804599999999,187427,8837,148674.0,2472,107,1926.0
2020-06-15,iran,,32.427908,53.68804599999999,189876,8950,150590.0,2449,113,1916.0
2020-06-16,iran,,32.427908,53.68804599999999,192439,9065,152675.0,2563,115,2085.0
2020-06-17,iran,,32.427908,53.68804599999999,195051,9185,154812.0,2612,120,2137.0
2020-06-18,iran,,32.427908,53.68804599999999,197647,9272,156991.0,2596,87,2179.0
2020-06-19,iran,,32.427908,53.68804599999999,200262,9392,159192.0,2615,120,2201.0
2020-06-20,iran,,32.427908,53.68804599999999,202584,9507,161384.0,2322,115,2192.0
2020-06-21,iran,,32.427908,53.68804599999999,204952,9623,163591.0,2368,116,2207.0
2020-06-22,iran,,32.427908,53.68804599999999,207525,9742,166427.0,2573,119,2836.0
2020-06-23,iran,,32.427908,53.68804599999999,209970,9863,169160.0,2445,121,2733.0
2020-06-24,iran,,32.427908,53.68804599999999,212501,9996,172096.0,2531,133,2936.0
2020-06-25,iran,,32.427908,53.68804599999999,215096,10130,175103.0,2595,134,3007.0
2020-06-26,iran,,32.427908,53.68804599999999,217724,10239,177852.0,2628,109,2749.0
2020-06-27,iran,,32.427908,53.68804599999999,220180,10364,180661.0,2456,125,2809.0
2020-06-28,iran,,32.427908,53.68804599999999,222669,10508,183310.0,2489,144,2649.0
2020-06-29,iran,,32.427908,53.68804599999999,225205,10670,186180.0,2536,162,2870.0
2020-06-30,iran,,32.427908,53.68804599999999,227662,10817,188758.0,2457,147,2578.0
2020-07-01,iran,,32.427908,53.68804599999999,230211,10958,191487.0,2549,141,2729.0
2020-07-02,iran,,32.427908,53.68804599999999,232863,11106,194098.0,2652,148,2611.0
2020-07-03,iran,,32.427908,53.68804599999999,235429,11260,196446.0,2566,154,2348.0
2020-07-04,iran,,32.427908,53.68804599999999,237878,11408,198949.0,2449,148,2503.0
2020-07-05,iran,,32.427908,53.68804599999999,240438,11571,201330.0,2560,163,2381.0
2020-07-06,iran,,32.427908,53.68804599999999,243051,11731,204083.0,2613,160,2753.0
2020-07-07,iran,,32.427908,53.68804599999999,245688,11931,207000.0,2637,200,2917.0
2020-07-08,iran,,32.427908,53.68804599999999,248379,12084,209463.0,2691,153,2463.0
2020-07-09,iran,,32.427908,53.68804599999999,250458,12305,212176.0,2079,221,2713.0
2020-07-10,iran,,32.427908,53.68804599999999,252720,12447,215015.0,2262,142,2839.0
2020-07-11,iran,,32.427908,53.68804599999999,255117,12635,217666.0,2397,188,2651.0
2020-07-12,iran,,32.427908,53.68804599999999,257303,12829,219993.0,2186,194,2327.0
2020-07-13,iran,,32.427908,53.68804599999999,259652,13032,222539.0,2349,203,2546.0
2020-07-14,iran,,32.427908,53.68804599999999,262173,13211,225270.0,2521,179,2731.0
2020-07-15,iran,,32.427908,53.68804599999999,264561,13410,227561.0,2388,199,2291.0
2020-07-16,iran,,32.427908,53.68804599999999,267061,13608,230608.0,2500,198,3047.0
2020-07-17,iran,,32.427908,53.68804599999999,269440,13791,232873.0,2379,183,2265.0
2020-07-18,iran,,32.427908,53.68804599999999,271606,13979,235300.0,2166,188,2427.0
2020-07-19,iran,,32.427908,53.68804599999999,273788,14188,237788.0,2182,209,2488.0
2020-07-20,iran,,32.427908,53.68804599999999,276202,14405,240087.0,2414,217,2299.0
2020-07-21,iran,,32.427908,53.68804599999999,278827,14634,242351.0,2625,229,2264.0
2020-07-22,iran,,32.427908,53.68804599999999,281413,14853,244840.0,2586,219,2489.0
2020-07-23,iran,,32.427908,53.68804599999999,284034,15074,247230.0,2621,221,2390.0
2020-07-24,iran,,32.427908,53.68804599999999,286523,15289,249212.0,2489,215,1982.0
2020-07-25,iran,,32.427908,53.68804599999999,288839,15484,251319.0,2316,195,2107.0
2020-07-26,iran,,32.427908,53.68804599999999,291172,15700,253213.0,2333,216,1894.0
2020-07-27,iran,,32.427908,53.68804599999999,293606,15912,255144.0,2434,212,1931.0
2020-07-28,iran,,32.427908,53.68804599999999,296273,16147,257019.0,2667,235,1875.0
2020-07-29,iran,,32.427908,53.68804599999999,298909,16343,259116.0,2636,196,2097.0
2020-07-30,iran,,32.427908,53.68804599999999,301530,16569,261200.0,2621,226,2084.0
2020-07-31,iran,,32.427908,53.68804599999999,304204,16766,263519.0,2674,197,2319.0
