date,country,state,lat,long,confirmed,deaths,recovered,confirmed_new,deaths_new,recovered_new
2020-01-22,ireland,,53.1424,-7.6921,0,0,0.0,0,0,0.0
2020-01-23,ireland,,53.1424,-7.6921,0,0,0.0,0,0,0.0
2020-01-24,ireland,,53.1424,-7.6921,0,0,0.0,0,0,0.0
2020-01-25,ireland,,53.1424,-7.6921,0,0,0.0,0,0,0.0
2020-01-26,ireland,,53.1424,-7.6921,0,0,0.0,0,0,0.0
2020-01-27,ireland,,53.1424,-7.6921,0,0,0.0,0,0,0.0
2020-01-28,ireland,,53.1424,-7.6921,0,0,0.0,0,0,0.0
2020-01-29,ireland,,53.1424,-7.6921,0,0,0.0,0,0,0.0
2020-01-30,ireland,,53.1424,-7.6921,0,0,0.0,0,0,0.0
2020-01-31,ireland,,53.1424,-7.6921,0,0,0.0,0,0,0.0
2020-02-01,ireland,,53.1424,-7.6921,0,0,0.0,0,0,0.0
2020-02-02,ireland,,53.1424,-7.6921,0,0,0.0,0,0,0.0
2020-02-03,ireland,,53.1424,-7.6921,0,0,0.0,0,0,0.0
2020-02-04,ireland,,53.1424,-7.6921,0,0,0.0,0,0,0.0
2020-02-05,ireland,,53.1424,-7.6921,0,0,0.0,0,0,0.0
2020-02-06,ireland,,53.1424,-7.6921,0,0,0.0,0,0,0.0
2020-02-07,ireland,,53.1424,-7.6921,0,0,0.0,0,0,0.0
2020-02-08,ireland,,53.1424,-7.6921,0,0,0.0,0,0,0.0
2020-02-09,ireland,,53.1424,-7.6921,0,0,0.0,0,0,0.0
2020-02-10,ireland,,53.1424,-7.6921,0,0,0.0,0,0,0.0
2020-02-11,ireland,,53.1424,-7.6921,0,0,0.0,0,0,0.0
2020-02-12,ireland,,53.1424,-7.6921,0,0,0.0,0,0,0.0
2020-02-13,ireland,,53.1424,-7.6921,0,0,0.0,0,0,0.0
2020-02-14,ireland,,53.1424,-7.6921,0,0,0.0,0,0,0.0
2020-02-15,ireland,,53.1424,-7.6921,0,0,0.0,0,0,0.0
2020-02-16,ireland,,53.1424,-7.6921,0,0,0.0,0,0,0.0
2020-02-17,ireland,,53.1424,-7.6921,0,0,0.0,0,0,0.0
2020-02-18,ireland,,53.1424,-7.6921,0,0,0.0,0,0,0.0
2020-02-19,ireland,,53.1424,-7.6921,0,0,0.0,0,0,0.0
2020-02-20,ireland,,53.1424,-7.6921,0,0,0.0,0,0,0.0
2020-02-21,ireland,,53.1424,-7.6921,0,0,0.0,0,0,0.0
2020-02-22,ireland,,53.1424,-7.6921,0,0,0.0,0,0,0.0
2020-02-23,ireland,,53.1424,-7.6921,0,0,0.0,0,0,0.0
2020-02-24,ireland,,53.1424,-7.6921,0,0,0.0,0,0,0.0
2020-02-25,ireland,,53.1424,-7.6921,0,0,0.0,0,0,0.0
2020-02-26,ireland,,53.1424,-7.6921,0,0,0.0,0,0,0.0
2020-02-27,ireland,,53.1424,-7.6921,0,0,0.0,0,0,0.0
2020-02-28,ireland,,53.1424,-7.6921,0,0,0.0,0,0,0.0
2020-02-29,ireland,,53.1424,-7.6921,1,0,0.0,1,0,0.0
2020-03-01,ireland,,53.1424,-7.6921,1,0,0.0,0,0,0.0
2020-03-02,ireland,,53.1424,-7.6921,1,0,0.0,0,0,0.0
2020-03-03,ireland,,53.1424,-7.6921,2,0,0.0,1,0,0.0
2020-03-04,ireland,,53.1424,-7.6921,6,0,0.0,4,0,0.0
2020-03-05,ireland,,53.1424,-7.6921,6,0,0.0,0,0,0.0
2020-03-06,ireland,,53.1424,-7.6921,18,0,0.0,12,0,0.0
2020-03-07,ireland,,53.1424,-7.6921,18,0,0.0,0,0,0.0
2020-03-08,ireland,,53.1424,-7.6921,19,0,0.0,1,0,0.0
2020-03-09,ireland,,53.1424,-7.6921,21,0,0.0,2,0,0.0
2020-03-10,ireland,,53.1424,-7.6921,34,0,0.0,13,0,0.0
2020-03-11,ireland,,53.1424,-7.6921,43,1,0.0,9,1,0.0
2020-03-12,ireland,,53.1424,-7.6921,43,1,0.0,0,0,0.0
2020-03-13,ireland,,53.1424,-7.6921,90,1,0.0,47,0,0.0
2020-03-14,ireland,,53.1424,-7.6921,129,2,0.0,39,1,0.0
2020-03-15,ireland,,53.1424,-7.6921,129,2,0.0,0,0,0.0
2020-03-16,ireland,,53.1424,-7.6921,169,2,0.0,40,0,0.0
2020-03-17,ireland,,53.1424,-7.6921,223,2,5.0,54,0,5.0
2020-03-18,ireland,,53.1424,-7.6921,292,2,5.0,69,0,0.0
2020-03-19,ireland,,53.1424,-7.6921,557,3,5.0,265,1,0.0
2020-03-20,ireland,,53.1424,-7.6921,683,3,5.0,126,0,0.0
2020-03-21,ireland,,53.1424,-7.6921,785,3,5.0,102,0,0.0
2020-03-22,ireland,,53.1424,-7.6921,906,4,5.0,121,1,0.0
2020-03-23,ireland,,53.1424,-7.6921,1125,6,5.0,219,2,0.0
2020-03-24,ireland,,53.1424,-7.6921,1329,7,5.0,204,1,0.0
2020-03-25,ireland,,53.1424,-7.6921,1564,9,5.0,235,2,0.0
2020-03-26,ireland,,53.1424,-7.6921,1819,19,5.0,255,10,0.0
2020-03-27,ireland,,53.1424,-7.6921,2121,22,5.0,302,3,0.0
2020-03-28,ireland,,53.1424,-7.6921,2415,36,5.0,294,14,0.0
2020-03-29,ireland,,53.1424,-7.6921,2615,46,5.0,200,10,0.0
2020-03-30,ireland,,53.1424,-7.6921,2910,54,5.0,295,8,0.0
2020-03-31,ireland,,53.1424,-7.6921,3235,71,5.0,325,17,0.0
2020-04-01,ireland,,53.1424,-7.6921,3447,85,5.0,212,14,0.0
2020-04-02,ireland,,53.1424,-7.6921,3849,98,5.0,402,13,0.0
2020-04-03,ireland,,53.1424,-7.6921,4273,120,5.0,424,22,0.0
2020-04-04,ireland,,53.1424,-7.6921,4604,137,25.0,331,17,20.0
2020-04-05,ireland,,53.1424,-7.6921,4994,158,25.0,390,21,0.0
2020-04-06,ireland,,53.1424,-7.6921,5364,174,25.0,370,16,0.0
2020-04-07,ireland,,53.1424,-7.6921,5709,210,25.0,345,36,0.0
2020-04-08,ireland,,53.1424,-7.6921,6074,235,25.0,365,25,0.0
2020-04-09,ireland,,53.1424,-7.6921,6574,263,25.0,500,28,0.0
2020-04-10,ireland,,53.1424,-7.6921,8089,287,25.0,1515,24,0.0
2020-04-11,ireland,,53.1424,-7.6921,8928,320,25.0,839,33,0.0
2020-04-12,ireland,,53.1424,-7.6921,9655,334,25.0,727,14,0.0
2020-04-13,ireland,,53.1424,-7.6921,10647,365,25.0,992,31,0.0
2020-04-14,ireland,,53.1424,-7.6921,11479,406,25.0,832,41,0.0
2020-04-15,ireland,,53.1424,-7.6921,12547,444,77.0,1068,38,52.0
2020-04-16,ireland,,53.1424,-7.6921,13271,486,77.0,724,42,0.0
2020-04-17,ireland,,53.1424,-7.6921,13980,530,77.0,709,44,0.0
2020-04-18,ireland,,53.1424,-7.6921,14758,571,77.0,778,41,0.0
2020-04-19,ireland,,53.1424,-7.6921,15251,610,77.0,493,39,0.0
2020-04-20,ireland,,53.1424,-7.6921,15652,687,77.0,401,77,0.0
2020-04-21,ireland,,53.1424,-7.6921,16040,730,9233.0,388,43,9156.0
2020-04-22,ireland,,53.1424,-7.6921,16671,769,9233.0,631,39,0.0
2020-04-23,ireland,,53.1424,-7.6921,17607,794,9233.0,936,25,0.0
2020-04-24,ireland,,53.1424,-7.6921,18184,1014,9233.0,577,220,0.0
2020-04-25,ireland,,53.1424,-7.6921,18561,1063,9233.0,377,49,0.0
2020-04-26,ireland,,53.1424,-7.6921,19262,1087,9233.0,701,24,0.0
2020-04-27,ireland,,53.1424,-7.6921,19648,1102,9233.0,386,15,0.0
2020-04-28,ireland,,53.1424,-7.6921,19877,1159,9233.0,229,57,0.0
2020-04-29,ireland,,53.1424,-7.6921,20253,1190,13386.0,376,31,4153.0
2020-04-30,ireland,,53.1424,-7.6921,20612,1232,13386.0,359,42,0.0
2020-05-01,ireland,,53.1424,-7.6921,20833,1265,13386.0,221,33,0.0
2020-05-02,ireland,,53.1424,-7.6921,21176,1286,13386.0,343,21,0.0
2020-05-03,ireland,,53.1424,-7.6921,21506,1303,13386.0,330,17,0.0
2020-05-04,ireland,,53.1424,-7.6921,21772,1319,13386.0,266,16,0.0
2020-05-05,ireland,,53.1424,-7.6921,21983,1339,13386.0,211,20,0.0
2020-05-06,ireland,,53.1424,-7.6921,22248,1375,17110.0,265,36,3724.0
2020-05-07,ireland,,53.1424,-7.6921,22385,1403,17110.0,137,28,0.0
2020-05-08,ireland,,53.1424,-7.6921,22541,1429,17110.0,156,26,0.0
2020-05-09,ireland,,53.1424,-7.6921,22760,1446,17110.0,219,17,0.0
2020-05-10,ireland,,53.1424,-7.6921,22996,1458,17110.0,236,12,0.0
2020-05-11,ireland,,53.1424,-7.6921,23135,1467,17110.0,139,9,0.0
2020-05-12,ireland,,53.1424,-7.6921,23242,1488,17110.0,107,21,0.0
2020-05-13,ireland,,53.1424,-7.6921,23401,1497,19470.0,159,9,2360.0
2020-05-14,ireland,,53.1424,-7.6921,23827,1506,19470.0,426,9,0.0
2020-05-15,ireland,,53.1424,-7.6921,23956,1518,19470.0,129,12,0.0
2020-05-16,ireland,,53.1424,-7.6921,24048,1533,19470.0,92,15,0.0
2020-05-17,ireland,,53.1424,-7.6921,24112,1543,19470.0,64,10,0.0
2020-05-18,ireland,,53.1424,-7.6921,24200,1547,19470.0,88,4,0.0
2020-05-19,ireland,,53.1424,-7.6921,24251,1561,19470.0,51,14,0.0
2020-05-20,ireland,,53.1424,-7.6921,24315,1571,21060.0,64,10,1590.0
2020-05-21,ireland,,53.1424,-7.6921,24391,1583,21060.0,76,12,0.0
2020-05-22,ireland,,53.1424,-7.6921,24506,1592,21060.0,115,9,0.0
2020-05-23,ireland,,53.1424,-7.6921,24582,1604,21060.0,76,12,0.0
2020-05-24,ireland,,53.1424,-7.6921,24639,1608,21060.0,57,4,0.0
2020-05-25,ireland,,53.1424,-7.6921,24698,1606,21060.0,59,-2,0.0
2020-05-26,ireland,,53.1424,-7.6921,24735,1615,21060.0,37,9,0.0
2020-05-27,ireland,,53.1424,-7.6921,24803,1631,22089.0,68,16,1029.0
2020-05-28,ireland,,53.1424,-7.6921,24841,1639,22089.0,38,8,0.0
2020-05-29,ireland,,53.1424,-7.6921,24876,1645,22089.0,35,6,0.0
2020-05-30,ireland,,53.1424,-7.6921,24929,1651,22089.0,53,6,0.0
2020-05-31,ireland,,53.1424,-7.6921,24990,1652,22089.0,61,1,0.0
2020-06-01,ireland,,53.1424,-7.6921,25062,1650,22089.0,72,-2,0.0
2020-06-02,ireland,,53.1424,-7.6921,25066,1658,22089.0,4,8,0.0
2020-06-03,ireland,,53.1424,-7.6921,25111,1659,22698.0,45,1,609.0
2020-06-04,ireland,,53.1424,-7.6921,25142,1664,22698.0,31,5,0.0
2020-06-05,ireland,,53.1424,-7.6921,25163,1670,22698.0,21,6,0.0
2020-06-06,ireland,,53.1424,-7.6921,25183,1678,22698.0,20,8,0.0
2020-06-07,ireland,,53.1424,-7.6921,25201,1679,22698.0,18,1,0.0
2020-06-08,ireland,,53.1424,-7.6921,25207,1683,22698.0,6,4,0.0
2020-06-09,ireland,,53.1424,-7.6921,25215,1691,22698.0,8,8,0.0
2020-06-10,ireland,,53.1424,-7.6921,25231,1695,22698.0,16,4,0.0
2020-06-11,ireland,,53.1424,-7.6921,25238,1703,22698.0,7,8,0.0
2020-06-12,ireland,,53.1424,-7.6921,25250,1705,22698.0,12,2,0.0
2020-06-13,ireland,,53.1424,-7.6921,25295,1705,22698.0,45,0,0.0
2020-06-14,ireland,,53.1424,-7.6921,25303,1706,22698.0,8,1,0.0
2020-06-15,ireland,,53.1424,-7.6921,25321,1706,22698.0,18,0,0.0
2020-06-16,ireland,,53.1424,-7.6921,25334,1709,22698.0,13,3,0.0
2020-06-17,ireland,,53.1424,-7.6921,25341,1710,22698.0,7,1,0.0
2020-06-18,ireland,,53.1424,-7.6921,25355,1714,22698.0,14,4,0.0
2020-06-19,ireland,,53.1424,-7.6921,25368,1714,22698.0,13,0,0.0
2020-06-20,ireland,,53.1424,-7.6921,25374,1715,22698.0,6,1,0.0
2020-06-21,ireland,,53.1424,-7.6921,25379,1715,22698.0,5,0,0.0
2020-06-22,ireland,,53.1424,-7.6921,25383,1717,22698.0,4,2,0.0
2020-06-23,ireland,,53.1424,-7.6921,25391,1720,22698.0,8,3,0.0
2020-06-24,ireland,,53.1424,-7.6921,25396,1726,23364.0,5,6,666.0
2020-06-25,ireland,,53.1424,-7.6921,25405,1727,23364.0,9,1,0.0
2020-06-26,ireland,,53.1424,-7.6921,25414,1730,23364.0,9,3,0.0
2020-06-27,ireland,,53.1424,-7.6921,25437,1734,23364.0,23,4,0.0
2020-06-28,ireland,,53.1424,-7.6921,25439,1735,23364.0,2,1,0.0
2020-06-29,ireland,,53.1424,-7.6921,25462,1735,23364.0,23,0,0.0
2020-06-30,ireland,,53.1424,-7.6921,25473,1736,23364.0,11,1,0.0
2020-07-01,ireland,,53.1424,-7.6921,25477,1738,23364.0,4,2,0.0
2020-07-02,ireland,,53.1424,-7.6921,25489,1738,23364.0,12,0,0.0
2020-07-03,ireland,,53.1424,-7.6921,25498,1740,23364.0,9,2,0.0
2020-07-04,ireland,,53.1424,-7.6921,25509,1741,23364.0,11,1,0.0
2020-07-05,ireland,,53.1424,-7.6921,25527,1741,23364.0,18,0,0.0
2020-07-06,ireland,,53.1424,-7.6921,25531,1741,23364.0,4,0,0.0
2020-07-07,ireland,,53.1424,-7.6921,25538,1742,23364.0,7,1,0.0
2020-07-08,ireland,,53.1424,-7.6921,25542,1738,23364.0,4,-4,0.0
2020-07-09,ireland,,53.1424,-7.6921,25565,1743,23364.0,23,5,0.0
2020-07-10,ireland,,53.1424,-7.6921,25589,1744,23364.0,24,1,0.0
2020-07-11,ireland,,53.1424,-7.6921,25611,1746,23364.0,22,2,0.0
2020-07-12,ireland,,53.1424,-7.6921,25628,1746,23364.0,17,0,0.0
2020-07-13,ireland,,53.1424,-7.6921,25638,1746,23364.0,10,0,0.0
2020-07-14,ireland,,53.1424,-7.6921,25670,1746,23364.0,32,0,0.0
2020-07-15,ireland,,53.1424,-7.6921,25683,1748,23364.0,13,2,0.0
2020-07-16,ireland,,53.1424,-7.6921,25698,1749,23364.0,15,1,0.0
2020-07-17,ireland,,53.1424,-7.6921,25730,1752,23364.0,32,3,0.0
2020-07-18,ireland,,53.1424,-7.6921,25750,1753,23364.0,20,1,0.0
2020-07-19,ireland,,53.1424,-7.6921,25760,1753,23364.0,10,0,0.0
2020-07-20,ireland,,53.1424,-7.6921,25766,1753,23364.0,6,0,0.0
2020-07-21,ireland,,53.1424,-7.6921,25802,1753,23364.0,36,0,0.0
2020-07-22,ireland,,53.1424,-7.6921,25819,1754,23364.0,17,1,0.0
2020-07-23,ireland,,53.1424,-7.6921,25826,1763,23364.0,7,9,0.0
2020-07-24,ireland,,53.1424,-7.6921,25845,1763,23364.0,19,0,0.0
2020-07-25,ireland,,53.1424,-7.6921,25869,1764,23364.0,24,1,0.0
2020-07-26,ireland,,53.1424,-7.6921,25881,1764,23364.0,12,0,0.0
2020-07-27,ireland,,53.1424,-7.6921,25892,1764,23364.0,11,0,0.0
2020-07-28,ireland,,53.1424,-7.6921,25929,1764,23364.0,37,0,0.0
2020-07-29,ireland,,53.1424,-7.6921,25942,1764,23364.0,13,0,0.0
2020-07-30,ireland,,53.1424,-7.6921,26027,1763,23364.0,85,-1,0.0
2020-07-31,ireland,,53.1424,-7.6921,26065,1763,23364.0,38,0,0.0
