date,country,state,lat,long,confirmed,deaths,recovered,confirmed_new,deaths_new,recovered_new
2020-01-22,israel,,31.046051000000002,34.851612,0,0,0.0,0,0,0.0
2020-01-23,israel,,31.046051000000002,34.851612,0,0,0.0,0,0,0.0
2020-01-24,israel,,31.046051000000002,34.851612,0,0,0.0,0,0,0.0
2020-01-25,israel,,31.046051000000002,34.851612,0,0,0.0,0,0,0.0
2020-01-26,israel,,31.046051000000002,34.851612,0,0,0.0,0,0,0.0
2020-01-27,israel,,31.046051000000002,34.851612,0,0,0.0,0,0,0.0
2020-01-28,israel,,31.046051000000002,34.851612,0,0,0.0,0,0,0.0
2020-01-29,israel,,31.046051000000002,34.851612,0,0,0.0,0,0,0.0
2020-01-30,israel,,31.046051000000002,34.851612,0,0,0.0,0,0,0.0
2020-01-31,israel,,31.046051000000002,34.851612,0,0,0.0,0,0,0.0
2020-02-01,israel,,31.046051000000002,34.851612,0,0,0.0,0,0,0.0
2020-02-02,israel,,31.046051000000002,34.851612,0,0,0.0,0,0,0.0
2020-02-03,israel,,31.046051000000002,34.851612,0,0,0.0,0,0,0.0
2020-02-04,israel,,31.046051000000002,34.851612,0,0,0.0,0,0,0.0
2020-02-05,israel,,31.046051000000002,34.851612,0,0,0.0,0,0,0.0
2020-02-06,israel,,31.046051000000002,34.851612,0,0,0.0,0,0,0.0
2020-02-07,israel,,31.046051000000002,34.851612,0,0,0.0,0,0,0.0
2020-02-08,israel,,31.046051000000002,34.851612,0,0,0.0,0,0,0.0
2020-02-09,israel,,31.046051000000002,34.851612,0,0,0.0,0,0,0.0
2020-02-10,israel,,31.046051000000002,34.851612,0,0,0.0,0,0,0.0
2020-02-11,israel,,31.046051000000002,34.851612,0,0,0.0,0,0,0.0
2020-02-12,israel,,31.046051000000002,34.851612,0,0,0.0,0,0,0.0
2020-02-13,israel,,31.046051000000002,34.851612,0,0,0.0,0,0,0.0
2020-02-14,israel,,31.046051000000002,34.851612,0,0,0.0,0,0,0.0
2020-02-15,israel,,31.046051000000002,34.851612,0,0,0.0,0,0,0.0
2020-02-16,israel,,31.046051000000002,34.851612,0,0,0.0,0,0,0.0
2020-02-17,israel,,31.046051000000002,34.851612,0,0,0.0,0,0,0.0
2020-02-18,israel,,31.046051000000002,34.851612,0,0,0.0,0,0,0.0
2020-02-19,israel,,31.046051000000002,34.851612,0,0,0.0,0,0,0.0
2020-02-20,israel,,31.046051000000002,34.851612,0,0,0.0,0,0,0.0
2020-02-21,israel,,31.046051000000002,34.851612,1,0,0.0,1,0,0.0
2020-02-22,israel,,31.046051000000002,34.851612,1,0,0.0,0,0,0.0
2020-02-23,israel,,31.046051000000002,34.851612,1,0,0.0,0,0,0.0
2020-02-24,israel,,31.046051000000002,34.851612,1,0,0.0,0,0,0.0
2020-02-25,israel,,31.046051000000002,34.851612,1,0,0.0,0,0,0.0
2020-02-26,israel,,31.046051000000002,34.851612,2,0,0.0,1,0,0.0
2020-02-27,israel,,31.046051000000002,34.851612,3,0,1.0,1,0,1.0
2020-02-28,israel,,31.046051000000002,34.851612,4,0,1.0,1,0,0.0
2020-02-29,israel,,31.046051000000002,34.851612,7,0,1.0,3,0,0.0
2020-03-01,israel,,31.046051000000002,34.851612,10,0,1.0,3,0,0.0
2020-03-02,israel,,31.046051000000002,34.851612,10,0,1.0,0,0,0.0
2020-03-03,israel,,31.046051000000002,34.851612,12,0,1.0,2,0,0.0
2020-03-04,israel,,31.046051000000002,34.851612,15,0,1.0,3,0,0.0
2020-03-05,israel,,31.046051000000002,34.851612,20,0,1.0,5,0,0.0
2020-03-06,israel,,31.046051000000002,34.851612,37,0,2.0,17,0,1.0
2020-03-07,israel,,31.046051000000002,34.851612,43,0,2.0,6,0,0.0
2020-03-08,israel,,31.046051000000002,34.851612,61,0,2.0,18,0,0.0
2020-03-09,israel,,31.046051000000002,34.851612,61,0,2.0,0,0,0.0
2020-03-10,israel,,31.046051000000002,34.851612,75,0,4.0,14,0,2.0
2020-03-11,israel,,31.046051000000002,34.851612,79,0,4.0,4,0,0.0
2020-03-12,israel,,31.046051000000002,34.851612,100,0,4.0,21,0,0.0
2020-03-13,israel,,31.046051000000002,34.851612,126,0,4.0,26,0,0.0
2020-03-14,israel,,31.046051000000002,34.851612,155,0,4.0,29,0,0.0
2020-03-15,israel,,31.046051000000002,34.851612,213,0,4.0,58,0,0.0
2020-03-16,israel,,31.046051000000002,34.851612,218,0,4.0,5,0,0.0
2020-03-17,israel,,31.046051000000002,34.851612,250,0,11.0,32,0,7.0
2020-03-18,israel,,31.046051000000002,34.851612,304,0,11.0,54,0,0.0
2020-03-19,israel,,31.046051000000002,34.851612,427,0,11.0,123,0,0.0
2020-03-20,israel,,31.046051000000002,34.851612,529,0,14.0,102,0,3.0
2020-03-21,israel,,31.046051000000002,34.851612,712,1,36.0,183,1,22.0
2020-03-22,israel,,31.046051000000002,34.851612,883,1,37.0,171,0,1.0
2020-03-23,israel,,31.046051000000002,34.851612,1071,1,37.0,188,0,0.0
2020-03-24,israel,,31.046051000000002,34.851612,1238,3,53.0,167,2,16.0
2020-03-25,israel,,31.046051000000002,34.851612,2369,5,58.0,1131,2,5.0
2020-03-26,israel,,31.046051000000002,34.851612,2693,8,68.0,324,3,10.0
2020-03-27,israel,,31.046051000000002,34.851612,3035,12,79.0,342,4,11.0
2020-03-28,israel,,31.046051000000002,34.851612,3619,12,89.0,584,0,10.0
2020-03-29,israel,,31.046051000000002,34.851612,4247,15,132.0,628,3,43.0
2020-03-30,israel,,31.046051000000002,34.851612,4695,16,161.0,448,1,29.0
2020-03-31,israel,,31.046051000000002,34.851612,5358,20,224.0,663,4,63.0
2020-04-01,israel,,31.046051000000002,34.851612,6092,26,241.0,734,6,17.0
2020-04-02,israel,,31.046051000000002,34.851612,6857,36,338.0,765,10,97.0
2020-04-03,israel,,31.046051000000002,34.851612,7428,40,403.0,571,4,65.0
2020-04-04,israel,,31.046051000000002,34.851612,7851,44,427.0,423,4,24.0
2020-04-05,israel,,31.046051000000002,34.851612,8430,49,477.0,579,5,50.0
2020-04-06,israel,,31.046051000000002,34.851612,8904,57,585.0,474,8,108.0
2020-04-07,israel,,31.046051000000002,34.851612,9248,65,770.0,344,8,185.0
2020-04-08,israel,,31.046051000000002,34.851612,9404,73,801.0,156,8,31.0
2020-04-09,israel,,31.046051000000002,34.851612,9968,86,1011.0,564,13,210.0
2020-04-10,israel,,31.046051000000002,34.851612,10408,95,1183.0,440,9,172.0
2020-04-11,israel,,31.046051000000002,34.851612,10743,101,1341.0,335,6,158.0
2020-04-12,israel,,31.046051000000002,34.851612,11145,103,1627.0,402,2,286.0
2020-04-13,israel,,31.046051000000002,34.851612,11586,116,1855.0,441,13,228.0
2020-04-14,israel,,31.046051000000002,34.851612,12046,123,2195.0,460,7,340.0
2020-04-15,israel,,31.046051000000002,34.851612,12501,130,2563.0,455,7,368.0
2020-04-16,israel,,31.046051000000002,34.851612,12758,142,2818.0,257,12,255.0
2020-04-17,israel,,31.046051000000002,34.851612,12982,151,3126.0,224,9,308.0
2020-04-18,israel,,31.046051000000002,34.851612,13265,164,3456.0,283,13,330.0
2020-04-19,israel,,31.046051000000002,34.851612,13491,172,3754.0,226,8,298.0
2020-04-20,israel,,31.046051000000002,34.851612,13713,177,4049.0,222,5,295.0
2020-04-21,israel,,31.046051000000002,34.851612,13942,184,4507.0,229,7,458.0
2020-04-22,israel,,31.046051000000002,34.851612,14498,189,5215.0,556,5,708.0
2020-04-23,israel,,31.046051000000002,34.851612,14803,192,5611.0,305,3,396.0
2020-04-24,israel,,31.046051000000002,34.851612,15058,194,6003.0,255,2,392.0
2020-04-25,israel,,31.046051000000002,34.851612,15298,199,6435.0,240,5,432.0
2020-04-26,israel,,31.046051000000002,34.851612,15443,201,6731.0,145,2,296.0
2020-04-27,israel,,31.046051000000002,34.851612,15555,204,7200.0,112,3,469.0
2020-04-28,israel,,31.046051000000002,34.851612,15728,210,7746.0,173,6,546.0
2020-04-29,israel,,31.046051000000002,34.851612,15834,215,8233.0,106,5,487.0
2020-04-30,israel,,31.046051000000002,34.851612,15946,222,8561.0,112,7,328.0
2020-05-01,israel,,31.046051000000002,34.851612,16101,225,9156.0,155,3,595.0
2020-05-02,israel,,31.046051000000002,34.851612,16185,229,9593.0,84,4,437.0
2020-05-03,israel,,31.046051000000002,34.851612,16208,232,9749.0,23,3,156.0
2020-05-04,israel,,31.046051000000002,34.851612,16246,235,10064.0,38,3,315.0
2020-05-05,israel,,31.046051000000002,34.851612,16289,238,10465.0,43,3,401.0
2020-05-06,israel,,31.046051000000002,34.851612,16310,239,10637.0,21,1,172.0
2020-05-07,israel,,31.046051000000002,34.851612,16381,240,10873.0,71,1,236.0
2020-05-08,israel,,31.046051000000002,34.851612,16436,245,11229.0,55,5,356.0
2020-05-09,israel,,31.046051000000002,34.851612,16454,247,11376.0,18,2,147.0
2020-05-10,israel,,31.046051000000002,34.851612,16477,252,11430.0,23,5,54.0
2020-05-11,israel,,31.046051000000002,34.851612,16506,258,11843.0,29,6,413.0
2020-05-12,israel,,31.046051000000002,34.851612,16529,260,12083.0,23,2,240.0
2020-05-13,israel,,31.046051000000002,34.851612,16548,264,12232.0,19,4,149.0
2020-05-14,israel,,31.046051000000002,34.851612,16579,265,12521.0,31,1,289.0
2020-05-15,israel,,31.046051000000002,34.851612,16589,266,12587.0,10,1,66.0
2020-05-16,israel,,31.046051000000002,34.851612,16608,268,12855.0,19,2,268.0
2020-05-17,israel,,31.046051000000002,34.851612,16617,272,12942.0,9,4,87.0
2020-05-18,israel,,31.046051000000002,34.851612,16643,276,13253.0,26,4,311.0
2020-05-19,israel,,31.046051000000002,34.851612,16659,278,13435.0,16,2,182.0
2020-05-20,israel,,31.046051000000002,34.851612,16667,279,13504.0,8,1,69.0
2020-05-21,israel,,31.046051000000002,34.851612,16683,279,13724.0,16,0,220.0
2020-05-22,israel,,31.046051000000002,34.851612,16690,279,13915.0,7,0,191.0
2020-05-23,israel,,31.046051000000002,34.851612,16712,279,14090.0,22,0,175.0
2020-05-24,israel,,31.046051000000002,34.851612,16717,279,14153.0,5,0,63.0
2020-05-25,israel,,31.046051000000002,34.851612,16734,281,14307.0,17,2,154.0
2020-05-26,israel,,31.046051000000002,34.851612,16757,281,14457.0,23,0,150.0
2020-05-27,israel,,31.046051000000002,34.851612,16793,281,14570.0,36,0,113.0
2020-05-28,israel,,31.046051000000002,34.851612,16872,284,14679.0,79,3,109.0
2020-05-29,israel,,31.046051000000002,34.851612,16987,284,14776.0,115,0,97.0
2020-05-30,israel,,31.046051000000002,34.851612,17012,284,14811.0,25,0,35.0
2020-05-31,israel,,31.046051000000002,34.851612,17071,285,14812.0,59,1,1.0
2020-06-01,israel,,31.046051000000002,34.851612,17169,285,14878.0,98,0,66.0
2020-06-02,israel,,31.046051000000002,34.851612,17285,290,14940.0,116,5,62.0
2020-06-03,israel,,31.046051000000002,34.851612,17377,291,14983.0,92,1,43.0
2020-06-04,israel,,31.046051000000002,34.851612,17495,291,15013.0,118,0,30.0
2020-06-05,israel,,31.046051000000002,34.851612,17562,291,15026.0,67,0,13.0
2020-06-06,israel,,31.046051000000002,34.851612,17752,295,15042.0,190,4,16.0
2020-06-07,israel,,31.046051000000002,34.851612,17863,298,15091.0,111,3,49.0
2020-06-08,israel,,31.046051000000002,34.851612,18032,298,15102.0,169,0,11.0
2020-06-09,israel,,31.046051000000002,34.851612,18180,299,15159.0,148,1,57.0
2020-06-10,israel,,31.046051000000002,34.851612,18355,299,15168.0,175,0,9.0
2020-06-11,israel,,31.046051000000002,34.851612,18569,300,15250.0,214,1,82.0
2020-06-12,israel,,31.046051000000002,34.851612,18795,300,15288.0,226,0,38.0
2020-06-13,israel,,31.046051000000002,34.851612,18972,300,15357.0,177,0,69.0
2020-06-14,israel,,31.046051000000002,34.851612,19055,300,15375.0,83,0,18.0
2020-06-15,israel,,31.046051000000002,34.851612,19237,302,15415.0,182,2,40.0
2020-06-16,israel,,31.046051000000002,34.851612,19495,302,15449.0,258,0,34.0
2020-06-17,israel,,31.046051000000002,34.851612,19783,303,15459.0,288,1,10.0
2020-06-18,israel,,31.046051000000002,34.851612,20036,303,15518.0,253,0,59.0
2020-06-19,israel,,31.046051000000002,34.851612,20339,304,15586.0,303,1,68.0
2020-06-20,israel,,31.046051000000002,34.851612,20633,305,15586.0,294,1,0.0
2020-06-21,israel,,31.046051000000002,34.851612,20778,306,15694.0,145,1,108.0
2020-06-22,israel,,31.046051000000002,34.851612,21082,307,15761.0,304,1,67.0
2020-06-23,israel,,31.046051000000002,34.851612,21512,308,15869.0,430,1,108.0
2020-06-24,israel,,31.046051000000002,34.851612,22044,308,15940.0,532,0,71.0
2020-06-25,israel,,31.046051000000002,34.851612,22400,309,16007.0,356,1,67.0
2020-06-26,israel,,31.046051000000002,34.851612,22800,314,16872.0,400,5,865.0
2020-06-27,israel,,31.046051000000002,34.851612,23421,317,17002.0,621,3,130.0
2020-06-28,israel,,31.046051000000002,34.851612,23755,318,17074.0,334,1,72.0
2020-06-29,israel,,31.046051000000002,34.851612,24441,319,17218.0,686,1,144.0
2020-06-30,israel,,31.046051000000002,34.851612,25244,320,17341.0,803,1,123.0
2020-07-01,israel,,31.046051000000002,34.851612,26257,322,17452.0,1013,2,111.0
2020-07-02,israel,,31.046051000000002,34.851612,27047,324,17547.0,790,2,95.0
2020-07-03,israel,,31.046051000000002,34.851612,28055,326,17669.0,1008,2,122.0
2020-07-04,israel,,31.046051000000002,34.851612,29170,330,17816.0,1115,4,147.0
2020-07-05,israel,,31.046051000000002,34.851612,29958,331,17950.0,788,1,134.0
2020-07-06,israel,,31.046051000000002,34.851612,30749,334,18056.0,791,3,106.0
2020-07-07,israel,,31.046051000000002,34.851612,32222,342,18227.0,1473,8,171.0
2020-07-08,israel,,31.046051000000002,34.851612,33557,344,18338.0,1335,2,111.0
2020-07-09,israel,,31.046051000000002,34.851612,34825,348,18452.0,1268,4,114.0
2020-07-10,israel,,31.046051000000002,34.851612,36266,351,18613.0,1441,3,161.0
2020-07-11,israel,,31.046051000000002,34.851612,37464,354,18814.0,1198,3,201.0
2020-07-12,israel,,31.046051000000002,34.851612,38670,362,19008.0,1206,8,194.0
2020-07-13,israel,,31.046051000000002,34.851612,40632,365,19395.0,1962,3,387.0
2020-07-14,israel,,31.046051000000002,34.851612,42360,371,19665.0,1728,6,270.0
2020-07-15,israel,,31.046051000000002,34.851612,44188,376,19989.0,1828,5,324.0
2020-07-16,israel,,31.046051000000002,34.851612,46059,384,20370.0,1871,8,381.0
2020-07-17,israel,,31.046051000000002,34.851612,47459,392,20744.0,1400,8,374.0
2020-07-18,israel,,31.046051000000002,34.851612,49365,401,21348.0,1906,9,604.0
2020-07-19,israel,,31.046051000000002,34.851612,50289,409,21675.0,924,8,327.0
2020-07-20,israel,,31.046051000000002,34.851612,52003,415,22154.0,1714,6,479.0
2020-07-21,israel,,31.046051000000002,34.851612,54042,425,22743.0,2039,10,589.0
2020-07-22,israel,,31.046051000000002,34.851612,56085,430,23310.0,2043,5,567.0
2020-07-23,israel,,31.046051000000002,34.851612,57982,442,24044.0,1897,12,734.0
2020-07-24,israel,,31.046051000000002,34.851612,59475,448,26797.0,1493,6,2753.0
2020-07-25,israel,,31.046051000000002,34.851612,60678,457,26917.0,1203,9,120.0
2020-07-26,israel,,31.046051000000002,34.851612,61956,470,27025.0,1278,13,108.0
2020-07-27,israel,,31.046051000000002,34.851612,63985,474,27133.0,2029,4,108.0
2020-07-28,israel,,31.046051000000002,34.851612,66293,486,32182.0,2308,12,5049.0
2020-07-29,israel,,31.046051000000002,34.851612,68299,491,32746.0,2006,5,564.0
2020-07-30,israel,,31.046051000000002,34.851612,70036,500,43489.0,1737,9,10743.0
2020-07-31,israel,,31.046051000000002,34.851612,70970,512,43850.0,934,12,361.0
