date,country,state,lat,long,confirmed,deaths,recovered,confirmed_new,deaths_new,recovered_new
2020-01-22,italy,,41.87194,12.56738,0,0,0.0,0,0,0.0
2020-01-23,italy,,41.87194,12.56738,0,0,0.0,0,0,0.0
2020-01-24,italy,,41.87194,12.56738,0,0,0.0,0,0,0.0
2020-01-25,italy,,41.87194,12.56738,0,0,0.0,0,0,0.0
2020-01-26,italy,,41.87194,12.56738,0,0,0.0,0,0,0.0
2020-01-27,italy,,41.87194,12.56738,0,0,0.0,0,0,0.0
2020-01-28,italy,,41.87194,12.56738,0,0,0.0,0,0,0.0
2020-01-29,italy,,41.87194,12.56738,0,0,0.0,0,0,0.0
2020-01-30,italy,,41.87194,12.56738,0,0,0.0,0,0,0.0
2020-01-31,italy,,41.87194,12.56738,2,0,0.0,2,0,0.0
2020-02-01,italy,,41.87194,12.56738,2,0,0.0,0,0,0.0
2020-02-02,italy,,41.87194,12.56738,2,0,0.0,0,0,0.0
2020-02-03,italy,,41.87194,12.56738,2,0,0.0,0,0,0.0
2020-02-04,italy,,41.87194,12.56738,2,0,0.0,0,0,0.0
2020-02-05,italy,,41.87194,12.56738,2,0,0.0,0,0,0.0
2020-02-06,italy,,41.87194,12.56738,2,0,0.0,0,0,0.0
2020-02-07,italy,,41.87194,12.56738,3,0,0.0,1,0,0.0
2020-02-08,italy,,41.87194,12.56738,3,0,0.0,0,0,0.0
2020-02-09,italy,,41.87194,12.56738,3,0,0.0,0,0,0.0
2020-02-10,italy,,41.87194,12.56738,3,0,0.0,0,0,0.0
2020-02-11,italy,,41.87194,12.56738,3,0,0.0,0,0,0.0
2020-02-12,italy,,41.87194,12.56738,3,0,0.0,0,0,0.0
2020-02-13,italy,,41.87194,12.56738,3,0,0.0,0,0,0.0
2020-02-14,italy,,41.87194,12.56738,3,0,0.0,0,0,0.0
2020-02-15,italy,,41.87194,12.56738,3,0,0.0,0,0,0.0
2020-02-16,italy,,41.87194,12.56738,3,0,0.0,0,0,0.0
2020-02-17,italy,,41.87194,12.56738,3,0,0.0,0,0,0.0
2020-02-18,italy,,41.87194,12.56738,3,0,0.0,0,0,0.0
2020-02-19,italy,,41.87194,12.56738,3,0,0.0,0,0,0.0
2020-02-20,italy,,41.87194,12.56738,3,0,0.0,0,0,0.0
2020-02-21,italy,,41.87194,12.56738,20,1,0.0,17,1,0.0
2020-02-22,italy,,41.87194,12.56738,62,2,1.0,42,1,1.0
2020-02-23,italy,,41.87194,12.56738,155,3,2.0,93,1,1.0
2020-02-24,italy,,41.87194,12.56738,229,7,1.0,74,4,-1.0
2020-02-25,italy,,41.87194,12.56738,322,10,1.0,93,3,0.0
2020-02-26,italy,,41.87194,12.56738,453,12,3.0,131,2,2.0
2020-02-27,italy,,41.87194,12.56738,655,17,45.0,202,5,42.0
2020-02-28,italy,,41.87194,12.56738,888,21,46.0,233,4,1.0
2020-02-29,italy,,41.87194,12.56738,1128,29,46.0,240,8,0.0
2020-03-01,italy,,41.87194,12.56738,1694,34,83.0,566,5,37.0
2020-03-02,italy,,41.87194,12.56738,2036,52,149.0,342,18,66.0
2020-03-03,italy,,41.87194,12.56738,2502,79,160.0,466,27,11.0
2020-03-04,italy,,41.87194,12.56738,3089,107,276.0,587,28,116.0
2020-03-05,italy,,41.87194,12.56738,3858,148,414.0,769,41,138.0
2020-03-06,italy,,41.87194,12.56738,4636,197,523.0,778,49,109.0
2020-03-07,italy,,41.87194,12.56738,5883,233,589.0,1247,36,66.0
2020-03-08,italy,,41.87194,12.56738,7375,366,622.0,1492,133,33.0
2020-03-09,italy,,41.87194,12.56738,9172,463,724.0,1797,97,102.0
2020-03-10,italy,,41.87194,12.56738,10149,631,724.0,977,168,0.0
2020-03-11,italy,,41.87194,12.56738,12462,827,1045.0,2313,196,321.0
2020-03-12,italy,,41.87194,12.56738,15113,1016,1045.0,2651,189,0.0
2020-03-13,italy,,41.87194,12.56738,17660,1266,1439.0,2547,250,394.0
2020-03-14,italy,,41.87194,12.56738,21157,1441,1966.0,3497,175,527.0
2020-03-15,italy,,41.87194,12.56738,24747,1809,2335.0,3590,368,369.0
2020-03-16,italy,,41.87194,12.56738,27980,2158,2749.0,3233,349,414.0
2020-03-17,italy,,41.87194,12.56738,31506,2503,2941.0,3526,345,192.0
2020-03-18,italy,,41.87194,12.56738,35713,2978,4025.0,4207,475,1084.0
2020-03-19,italy,,41.87194,12.56738,41035,3405,4440.0,5322,427,415.0
2020-03-20,italy,,41.87194,12.56738,47021,4032,4440.0,5986,627,0.0
2020-03-21,italy,,41.87194,12.56738,53578,4825,6072.0,6557,793,1632.0
2020-03-22,italy,,41.87194,12.56738,59138,5476,7024.0,5560,651,952.0
2020-03-23,italy,,41.87194,12.56738,63927,6077,7024.0,4789,601,0.0
2020-03-24,italy,,41.87194,12.56738,69176,6820,8326.0,5249,743,1302.0
2020-03-25,italy,,41.87194,12.56738,74386,7503,9362.0,5210,683,1036.0
2020-03-26,italy,,41.87194,12.56738,80589,8215,10361.0,6203,712,999.0
2020-03-27,italy,,41.87194,12.56738,86498,9134,10950.0,5909,919,589.0
2020-03-28,italy,,41.87194,12.56738,92472,10023,12384.0,5974,889,1434.0
2020-03-29,italy,,41.87194,12.56738,97689,10779,13030.0,5217,756,646.0
2020-03-30,italy,,41.87194,12.56738,101739,11591,14620.0,4050,812,1590.0
2020-03-31,italy,,41.87194,12.56738,105792,12428,15729.0,4053,837,1109.0
2020-04-01,italy,,41.87194,12.56738,110574,13155,16847.0,4782,727,1118.0
2020-04-02,italy,,41.87194,12.56738,115242,13915,18278.0,4668,760,1431.0
2020-04-03,italy,,41.87194,12.56738,119827,14681,19758.0,4585,766,1480.0
2020-04-04,italy,,41.87194,12.56738,124632,15362,20996.0,4805,681,1238.0
2020-04-05,italy,,41.87194,12.56738,128948,15887,21815.0,4316,525,819.0
2020-04-06,italy,,41.87194,12.56738,132547,16523,22837.0,3599,636,1022.0
2020-04-07,italy,,41.87194,12.56738,135586,17127,24392.0,3039,604,1555.0
2020-04-08,italy,,41.87194,12.56738,139422,17669,26491.0,3836,542,2099.0
2020-04-09,italy,,41.87194,12.56738,143626,18279,28470.0,4204,610,1979.0
2020-04-10,italy,,41.87194,12.56738,147577,18849,30455.0,3951,570,1985.0
2020-04-11,italy,,41.87194,12.56738,152271,19468,32534.0,4694,619,2079.0
2020-04-12,italy,,41.87194,12.56738,156363,19899,34211.0,4092,431,1677.0
2020-04-13,italy,,41.87194,12.56738,159516,20465,35435.0,3153,566,1224.0
2020-04-14,italy,,41.87194,12.56738,162488,21067,37130.0,2972,602,1695.0
2020-04-15,italy,,41.87194,12.56738,165155,21645,38092.0,2667,578,962.0
2020-04-16,italy,,41.87194,12.56738,168941,22170,40164.0,3786,525,2072.0
2020-04-17,italy,,41.87194,12.56738,172434,22745,42727.0,3493,575,2563.0
2020-04-18,italy,,41.87194,12.56738,175925,23227,44927.0,3491,482,2200.0
2020-04-19,italy,,41.87194,12.56738,178972,23660,47055.0,3047,433,2128.0
2020-04-20,italy,,41.87194,12.56738,181228,24114,48877.0,2256,454,1822.0
2020-04-21,italy,,41.87194,12.56738,183957,24648,51600.0,2729,534,2723.0
2020-04-22,italy,,41.87194,12.56738,187327,25085,54543.0,3370,437,2943.0
2020-04-23,italy,,41.87194,12.56738,189973,25549,57576.0,2646,464,3033.0
2020-04-24,italy,,41.87194,12.56738,192994,25969,60498.0,3021,420,2922.0
2020-04-25,italy,,41.87194,12.56738,195351,26384,63120.0,2357,415,2622.0
2020-04-26,italy,,41.87194,12.56738,197675,26644,64928.0,2324,260,1808.0
2020-04-27,italy,,41.87194,12.56738,199414,26977,66624.0,1739,333,1696.0
2020-04-28,italy,,41.87194,12.56738,201505,27359,68941.0,2091,382,2317.0
2020-04-29,italy,,41.87194,12.56738,203591,27682,71252.0,2086,323,2311.0
2020-04-30,italy,,41.87194,12.56738,205463,27967,75945.0,1872,285,4693.0
2020-05-01,italy,,41.87194,12.56738,207428,28236,78249.0,1965,269,2304.0
2020-05-02,italy,,41.87194,12.56738,209328,28710,79914.0,1900,474,1665.0
2020-05-03,italy,,41.87194,12.56738,210717,28884,81654.0,1389,174,1740.0
2020-05-04,italy,,41.87194,12.56738,211938,29079,82879.0,1221,195,1225.0
2020-05-05,italy,,41.87194,12.56738,213013,29315,85231.0,1075,236,2352.0
2020-05-06,italy,,41.87194,12.56738,214457,29684,93245.0,1444,369,8014.0
2020-05-07,italy,,41.87194,12.56738,215858,29958,96276.0,1401,274,3031.0
2020-05-08,italy,,41.87194,12.56738,217185,30201,99023.0,1327,243,2747.0
2020-05-09,italy,,41.87194,12.56738,218268,30395,103031.0,1083,194,4008.0
2020-05-10,italy,,41.87194,12.56738,219070,30560,105186.0,802,165,2155.0
2020-05-11,italy,,41.87194,12.56738,219814,30739,106587.0,744,179,1401.0
2020-05-12,italy,,41.87194,12.56738,221216,30911,109039.0,1402,172,2452.0
2020-05-13,italy,,41.87194,12.56738,222104,31106,112541.0,888,195,3502.0
2020-05-14,italy,,41.87194,12.56738,223096,31368,115288.0,992,262,2747.0
2020-05-15,italy,,41.87194,12.56738,223885,31610,120205.0,789,242,4917.0
2020-05-16,italy,,41.87194,12.56738,224760,31763,122810.0,875,153,2605.0
2020-05-17,italy,,41.87194,12.56738,225435,31908,125176.0,675,145,2366.0
2020-05-18,italy,,41.87194,12.56738,225886,32007,127326.0,451,99,2150.0
2020-05-19,italy,,41.87194,12.56738,226699,32169,129401.0,813,162,2075.0
2020-05-20,italy,,41.87194,12.56738,227364,32330,132282.0,665,161,2881.0
2020-05-21,italy,,41.87194,12.56738,228006,32486,134560.0,642,156,2278.0
2020-05-22,italy,,41.87194,12.56738,228658,32616,136720.0,652,130,2160.0
2020-05-23,italy,,41.87194,12.56738,229327,32735,138840.0,669,119,2120.0
2020-05-24,italy,,41.87194,12.56738,229858,32785,140479.0,531,50,1639.0
2020-05-25,italy,,41.87194,12.56738,230158,32877,141981.0,300,92,1502.0
2020-05-26,italy,,41.87194,12.56738,230555,32955,144658.0,397,78,2677.0
2020-05-27,italy,,41.87194,12.56738,231139,33072,147101.0,584,117,2443.0
2020-05-28,italy,,41.87194,12.56738,231732,33142,150604.0,593,70,3503.0
2020-05-29,italy,,41.87194,12.56738,232248,33229,152844.0,516,87,2240.0
2020-05-30,italy,,41.87194,12.56738,232664,33340,155633.0,416,111,2789.0
2020-05-31,italy,,41.87194,12.56738,232997,33415,157507.0,333,75,1874.0
2020-06-01,italy,,41.87194,12.56738,233197,33475,158355.0,200,60,848.0
2020-06-02,italy,,41.87194,12.56738,233515,33530,160092.0,318,55,1737.0
2020-06-03,italy,,41.87194,12.56738,233836,33601,160938.0,321,71,846.0
2020-06-04,italy,,41.87194,12.56738,234013,33689,161895.0,177,88,957.0
2020-06-05,italy,,41.87194,12.56738,234531,33774,163781.0,518,85,1886.0
2020-06-06,italy,,41.87194,12.56738,234801,33846,165078.0,270,72,1297.0
2020-06-07,italy,,41.87194,12.56738,234998,33899,165837.0,197,53,759.0
2020-06-08,italy,,41.87194,12.56738,235278,33964,166584.0,280,65,747.0
2020-06-09,italy,,41.87194,12.56738,235561,34043,168646.0,283,79,2062.0
2020-06-10,italy,,41.87194,12.56738,235763,34114,169939.0,202,71,1293.0
2020-06-11,italy,,41.87194,12.56738,236142,34167,171338.0,379,53,1399.0
2020-06-12,italy,,41.87194,12.56738,236305,34223,173085.0,163,56,1747.0
2020-06-13,italy,,41.87194,12.56738,236651,34301,174865.0,346,78,1780.0
2020-06-14,italy,,41.87194,12.56738,236989,34345,176370.0,338,44,1505.0
2020-06-15,italy,,41.87194,12.56738,237290,34371,177010.0,301,26,640.0
2020-06-16,italy,,41.87194,12.56738,237500,34405,178526.0,210,34,1516.0
2020-06-17,italy,,41.87194,12.56738,237828,34448,179455.0,328,43,929.0
2020-06-18,italy,,41.87194,12.56738,238159,34514,180544.0,331,66,1089.0
2020-06-19,italy,,41.87194,12.56738,238011,34561,181907.0,-148,47,1363.0
2020-06-20,italy,,41.87194,12.56738,238275,34610,182453.0,264,49,546.0
2020-06-21,italy,,41.87194,12.56738,238499,34634,182893.0,224,24,440.0
2020-06-22,italy,,41.87194,12.56738,238720,34657,183426.0,221,23,533.0
2020-06-23,italy,,41.87194,12.56738,238833,34675,184585.0,113,18,1159.0
2020-06-24,italy,,41.87194,12.56738,239410,34644,186111.0,577,-31,1526.0
2020-06-25,italy,,41.87194,12.56738,239706,34678,186725.0,296,34,614.0
2020-06-26,italy,,41.87194,12.56738,239961,34708,187615.0,255,30,890.0
2020-06-27,italy,,41.87194,12.56738,240136,34716,188584.0,175,8,969.0
2020-06-28,italy,,41.87194,12.56738,240310,34738,188891.0,174,22,307.0
2020-06-29,italy,,41.87194,12.56738,240436,34744,189196.0,126,6,305.0
2020-06-30,italy,,41.87194,12.56738,240578,34767,190248.0,142,23,1052.0
2020-07-01,italy,,41.87194,12.56738,240760,34788,190717.0,182,21,469.0
2020-07-02,italy,,41.87194,12.56738,240961,34818,191083.0,201,30,366.0
2020-07-03,italy,,41.87194,12.56738,241184,34833,191467.0,223,15,384.0
2020-07-04,italy,,41.87194,12.56738,241419,34854,191944.0,235,21,477.0
2020-07-05,italy,,41.87194,12.56738,241611,34861,192108.0,192,7,164.0
2020-07-06,italy,,41.87194,12.56738,241819,34869,192241.0,208,8,133.0
2020-07-07,italy,,41.87194,12.56738,241956,34899,192815.0,137,30,574.0
2020-07-08,italy,,41.87194,12.56738,242149,34914,193640.0,193,15,825.0
2020-07-09,italy,,41.87194,12.56738,242363,34926,193978.0,214,12,338.0
2020-07-10,italy,,41.87194,12.56738,242639,34938,194273.0,276,12,295.0
2020-07-11,italy,,41.87194,12.56738,242827,34945,194579.0,188,7,306.0
2020-07-12,italy,,41.87194,12.56738,243061,34954,194928.0,234,9,349.0
2020-07-13,italy,,41.87194,12.56738,243230,34967,195106.0,169,13,178.0
2020-07-14,italy,,41.87194,12.56738,243344,34984,195441.0,114,17,335.0
2020-07-15,italy,,41.87194,12.56738,243506,34997,196016.0,162,13,575.0
2020-07-16,italy,,41.87194,12.56738,243736,35017,196246.0,230,20,230.0
2020-07-17,italy,,41.87194,12.56738,243967,35028,196483.0,231,11,237.0
2020-07-18,italy,,41.87194,12.56738,244216,35042,196806.0,249,14,323.0
2020-07-19,italy,,41.87194,12.56738,244434,35045,196949.0,218,3,143.0
2020-07-20,italy,,41.87194,12.56738,244624,35058,197162.0,190,13,213.0
2020-07-21,italy,,41.87194,12.56738,244752,35073,197431.0,128,15,269.0
2020-07-22,italy,,41.87194,12.56738,245032,35082,197628.0,280,9,197.0
2020-07-23,italy,,41.87194,12.56738,245338,35092,197842.0,306,10,214.0
2020-07-24,italy,,41.87194,12.56738,245590,35097,198192.0,252,5,350.0
2020-07-25,italy,,41.87194,12.56738,245864,35102,198320.0,274,5,128.0
2020-07-26,italy,,41.87194,12.56738,246118,35107,198446.0,254,5,126.0
2020-07-27,italy,,41.87194,12.56738,246286,35112,198593.0,168,5,147.0
2020-07-28,italy,,41.87194,12.56738,246488,35123,198756.0,202,11,163.0
2020-07-29,italy,,41.87194,12.56738,246776,35129,199031.0,288,6,275.0
2020-07-30,italy,,41.87194,12.56738,247158,35132,199796.0,382,3,765.0
2020-07-31,italy,,41.87194,12.56738,247537,35141,199974.0,379,9,178.0
