date,country,state,lat,long,confirmed,deaths,recovered,confirmed_new,deaths_new,recovered_new
2020-01-22,jamaica,,18.1096,-77.2975,0,0,0.0,0,0,0.0
2020-01-23,jamaica,,18.1096,-77.2975,0,0,0.0,0,0,0.0
2020-01-24,jamaica,,18.1096,-77.2975,0,0,0.0,0,0,0.0
2020-01-25,jamaica,,18.1096,-77.2975,0,0,0.0,0,0,0.0
2020-01-26,jamaica,,18.1096,-77.2975,0,0,0.0,0,0,0.0
2020-01-27,jamaica,,18.1096,-77.2975,0,0,0.0,0,0,0.0
2020-01-28,jamaica,,18.1096,-77.2975,0,0,0.0,0,0,0.0
2020-01-29,jamaica,,18.1096,-77.2975,0,0,0.0,0,0,0.0
2020-01-30,jamaica,,18.1096,-77.2975,0,0,0.0,0,0,0.0
2020-01-31,jamaica,,18.1096,-77.2975,0,0,0.0,0,0,0.0
2020-02-01,jamaica,,18.1096,-77.2975,0,0,0.0,0,0,0.0
2020-02-02,jamaica,,18.1096,-77.2975,0,0,0.0,0,0,0.0
2020-02-03,jamaica,,18.1096,-77.2975,0,0,0.0,0,0,0.0
2020-02-04,jamaica,,18.1096,-77.2975,0,0,0.0,0,0,0.0
2020-02-05,jamaica,,18.1096,-77.2975,0,0,0.0,0,0,0.0
2020-02-06,jamaica,,18.1096,-77.2975,0,0,0.0,0,0,0.0
2020-02-07,jamaica,,18.1096,-77.2975,0,0,0.0,0,0,0.0
2020-02-08,jamaica,,18.1096,-77.2975,0,0,0.0,0,0,0.0
2020-02-09,jamaica,,18.1096,-77.2975,0,0,0.0,0,0,0.0
2020-02-10,jamaica,,18.1096,-77.2975,0,0,0.0,0,0,0.0
2020-02-11,jamaica,,18.1096,-77.2975,0,0,0.0,0,0,0.0
2020-02-12,jamaica,,18.1096,-77.2975,0,0,0.0,0,0,0.0
2020-02-13,jamaica,,18.1096,-77.2975,0,0,0.0,0,0,0.0
2020-02-14,jamaica,,18.1096,-77.2975,0,0,0.0,0,0,0.0
2020-02-15,jamaica,,18.1096,-77.2975,0,0,0.0,0,0,0.0
2020-02-16,jamaica,,18.1096,-77.2975,0,0,0.0,0,0,0.0
2020-02-17,jamaica,,18.1096,-77.2975,0,0,0.0,0,0,0.0
2020-02-18,jamaica,,18.1096,-77.2975,0,0,0.0,0,0,0.0
2020-02-19,jamaica,,18.1096,-77.2975,0,0,0.0,0,0,0.0
2020-02-20,jamaica,,18.1096,-77.2975,0,0,0.0,0,0,0.0
2020-02-21,jamaica,,18.1096,-77.2975,0,0,0.0,0,0,0.0
2020-02-22,jamaica,,18.1096,-77.2975,0,0,0.0,0,0,0.0
2020-02-23,jamaica,,18.1096,-77.2975,0,0,0.0,0,0,0.0
2020-02-24,jamaica,,18.1096,-77.2975,0,0,0.0,0,0,0.0
2020-02-25,jamaica,,18.1096,-77.2975,0,0,0.0,0,0,0.0
2020-02-26,jamaica,,18.1096,-77.2975,0,0,0.0,0,0,0.0
2020-02-27,jamaica,,18.1096,-77.2975,0,0,0.0,0,0,0.0
2020-02-28,jamaica,,18.1096,-77.2975,0,0,0.0,0,0,0.0
2020-02-29,jamaica,,18.1096,-77.2975,0,0,0.0,0,0,0.0
2020-03-01,jamaica,,18.1096,-77.2975,0,0,0.0,0,0,0.0
2020-03-02,jamaica,,18.1096,-77.2975,0,0,0.0,0,0,0.0
2020-03-03,jamaica,,18.1096,-77.2975,0,0,0.0,0,0,0.0
2020-03-04,jamaica,,18.1096,-77.2975,0,0,0.0,0,0,0.0
2020-03-05,jamaica,,18.1096,-77.2975,0,0,0.0,0,0,0.0
2020-03-06,jamaica,,18.1096,-77.2975,0,0,0.0,0,0,0.0
2020-03-07,jamaica,,18.1096,-77.2975,0,0,0.0,0,0,0.0
2020-03-08,jamaica,,18.1096,-77.2975,0,0,0.0,0,0,0.0
2020-03-09,jamaica,,18.1096,-77.2975,0,0,0.0,0,0,0.0
2020-03-10,jamaica,,18.1096,-77.2975,0,0,0.0,0,0,0.0
2020-03-11,jamaica,,18.1096,-77.2975,1,0,0.0,1,0,0.0
2020-03-12,jamaica,,18.1096,-77.2975,2,0,0.0,1,0,0.0
2020-03-13,jamaica,,18.1096,-77.2975,8,0,0.0,6,0,0.0
2020-03-14,jamaica,,18.1096,-77.2975,8,0,0.0,0,0,0.0
2020-03-15,jamaica,,18.1096,-77.2975,10,0,0.0,2,0,0.0
2020-03-16,jamaica,,18.1096,-77.2975,10,0,2.0,0,0,2.0
2020-03-17,jamaica,,18.1096,-77.2975,12,0,2.0,2,0,0.0
2020-03-18,jamaica,,18.1096,-77.2975,13,0,2.0,1,0,0.0
2020-03-19,jamaica,,18.1096,-77.2975,15,1,2.0,2,1,0.0
2020-03-20,jamaica,,18.1096,-77.2975,16,1,2.0,1,0,0.0
2020-03-21,jamaica,,18.1096,-77.2975,16,1,2.0,0,0,0.0
2020-03-22,jamaica,,18.1096,-77.2975,19,1,2.0,3,0,0.0
2020-03-23,jamaica,,18.1096,-77.2975,19,1,2.0,0,0,0.0
2020-03-24,jamaica,,18.1096,-77.2975,21,1,2.0,2,0,0.0
2020-03-25,jamaica,,18.1096,-77.2975,26,1,2.0,5,0,0.0
2020-03-26,jamaica,,18.1096,-77.2975,26,1,2.0,0,0,0.0
2020-03-27,jamaica,,18.1096,-77.2975,26,1,2.0,0,0,0.0
2020-03-28,jamaica,,18.1096,-77.2975,30,1,2.0,4,0,0.0
2020-03-29,jamaica,,18.1096,-77.2975,32,1,2.0,2,0,0.0
2020-03-30,jamaica,,18.1096,-77.2975,36,1,2.0,4,0,0.0
2020-03-31,jamaica,,18.1096,-77.2975,36,1,2.0,0,0,0.0
2020-04-01,jamaica,,18.1096,-77.2975,44,3,2.0,8,2,0.0
2020-04-02,jamaica,,18.1096,-77.2975,47,3,2.0,3,0,0.0
2020-04-03,jamaica,,18.1096,-77.2975,47,3,2.0,0,0,0.0
2020-04-04,jamaica,,18.1096,-77.2975,53,3,7.0,6,0,5.0
2020-04-05,jamaica,,18.1096,-77.2975,58,3,8.0,5,0,1.0
2020-04-06,jamaica,,18.1096,-77.2975,58,3,8.0,0,0,0.0
2020-04-07,jamaica,,18.1096,-77.2975,63,3,8.0,5,0,0.0
2020-04-08,jamaica,,18.1096,-77.2975,63,4,10.0,0,1,2.0
2020-04-09,jamaica,,18.1096,-77.2975,63,4,12.0,0,0,2.0
2020-04-10,jamaica,,18.1096,-77.2975,63,4,13.0,0,0,1.0
2020-04-11,jamaica,,18.1096,-77.2975,65,4,13.0,2,0,0.0
2020-04-12,jamaica,,18.1096,-77.2975,69,4,13.0,4,0,0.0
2020-04-13,jamaica,,18.1096,-77.2975,73,4,19.0,4,0,6.0
2020-04-14,jamaica,,18.1096,-77.2975,73,4,19.0,0,0,0.0
2020-04-15,jamaica,,18.1096,-77.2975,125,5,21.0,52,1,2.0
2020-04-16,jamaica,,18.1096,-77.2975,143,5,21.0,18,0,0.0
2020-04-17,jamaica,,18.1096,-77.2975,143,5,25.0,0,0,4.0
2020-04-18,jamaica,,18.1096,-77.2975,163,5,25.0,20,0,0.0
2020-04-19,jamaica,,18.1096,-77.2975,173,5,27.0,10,0,2.0
2020-04-20,jamaica,,18.1096,-77.2975,223,5,27.0,50,0,0.0
2020-04-21,jamaica,,18.1096,-77.2975,223,6,27.0,0,1,0.0
2020-04-22,jamaica,,18.1096,-77.2975,233,6,27.0,10,0,0.0
2020-04-23,jamaica,,18.1096,-77.2975,257,6,28.0,24,0,1.0
2020-04-24,jamaica,,18.1096,-77.2975,288,7,28.0,31,1,0.0
2020-04-25,jamaica,,18.1096,-77.2975,305,7,28.0,17,0,0.0
2020-04-26,jamaica,,18.1096,-77.2975,350,7,28.0,45,0,0.0
2020-04-27,jamaica,,18.1096,-77.2975,364,7,29.0,14,0,1.0
2020-04-28,jamaica,,18.1096,-77.2975,364,7,29.0,0,0,0.0
2020-04-29,jamaica,,18.1096,-77.2975,396,7,29.0,32,0,0.0
2020-04-30,jamaica,,18.1096,-77.2975,422,8,29.0,26,1,0.0
2020-05-01,jamaica,,18.1096,-77.2975,432,8,31.0,10,0,2.0
2020-05-02,jamaica,,18.1096,-77.2975,463,8,33.0,31,0,2.0
2020-05-03,jamaica,,18.1096,-77.2975,469,9,38.0,6,1,5.0
2020-05-04,jamaica,,18.1096,-77.2975,471,9,38.0,2,0,0.0
2020-05-05,jamaica,,18.1096,-77.2975,473,9,56.0,2,0,18.0
2020-05-06,jamaica,,18.1096,-77.2975,478,9,57.0,5,0,1.0
2020-05-07,jamaica,,18.1096,-77.2975,488,9,58.0,10,0,1.0
2020-05-08,jamaica,,18.1096,-77.2975,490,9,62.0,2,0,4.0
2020-05-09,jamaica,,18.1096,-77.2975,490,9,62.0,0,0,0.0
2020-05-10,jamaica,,18.1096,-77.2975,502,9,90.0,12,0,28.0
2020-05-11,jamaica,,18.1096,-77.2975,505,9,90.0,3,0,0.0
2020-05-12,jamaica,,18.1096,-77.2975,507,9,100.0,2,0,10.0
2020-05-13,jamaica,,18.1096,-77.2975,509,9,113.0,2,0,13.0
2020-05-14,jamaica,,18.1096,-77.2975,509,9,118.0,0,0,5.0
2020-05-15,jamaica,,18.1096,-77.2975,511,9,121.0,2,0,3.0
2020-05-16,jamaica,,18.1096,-77.2975,517,9,121.0,6,0,0.0
2020-05-17,jamaica,,18.1096,-77.2975,520,9,127.0,3,0,6.0
2020-05-18,jamaica,,18.1096,-77.2975,520,9,131.0,0,0,4.0
2020-05-19,jamaica,,18.1096,-77.2975,520,9,145.0,0,0,14.0
2020-05-20,jamaica,,18.1096,-77.2975,529,9,171.0,9,0,26.0
2020-05-21,jamaica,,18.1096,-77.2975,534,9,181.0,5,0,10.0
2020-05-22,jamaica,,18.1096,-77.2975,544,9,191.0,10,0,10.0
2020-05-23,jamaica,,18.1096,-77.2975,550,9,200.0,6,0,9.0
2020-05-24,jamaica,,18.1096,-77.2975,552,9,211.0,2,0,11.0
2020-05-25,jamaica,,18.1096,-77.2975,556,9,238.0,4,0,27.0
2020-05-26,jamaica,,18.1096,-77.2975,564,9,267.0,8,0,29.0
2020-05-27,jamaica,,18.1096,-77.2975,569,9,279.0,5,0,12.0
2020-05-28,jamaica,,18.1096,-77.2975,569,9,284.0,0,0,5.0
2020-05-29,jamaica,,18.1096,-77.2975,575,9,289.0,6,0,5.0
2020-05-30,jamaica,,18.1096,-77.2975,581,9,290.0,6,0,1.0
2020-05-31,jamaica,,18.1096,-77.2975,586,9,311.0,5,0,21.0
2020-06-01,jamaica,,18.1096,-77.2975,588,9,322.0,2,0,11.0
2020-06-02,jamaica,,18.1096,-77.2975,590,9,356.0,2,0,34.0
2020-06-03,jamaica,,18.1096,-77.2975,591,10,361.0,1,1,5.0
2020-06-04,jamaica,,18.1096,-77.2975,591,10,368.0,0,0,7.0
2020-06-05,jamaica,,18.1096,-77.2975,595,10,385.0,4,0,17.0
2020-06-06,jamaica,,18.1096,-77.2975,596,10,404.0,1,0,19.0
2020-06-07,jamaica,,18.1096,-77.2975,598,10,405.0,2,0,1.0
2020-06-08,jamaica,,18.1096,-77.2975,599,10,405.0,1,0,0.0
2020-06-09,jamaica,,18.1096,-77.2975,605,10,405.0,6,0,0.0
2020-06-10,jamaica,,18.1096,-77.2975,605,10,407.0,0,0,2.0
2020-06-11,jamaica,,18.1096,-77.2975,611,10,408.0,6,0,1.0
2020-06-12,jamaica,,18.1096,-77.2975,614,10,417.0,3,0,9.0
2020-06-13,jamaica,,18.1096,-77.2975,615,10,420.0,1,0,3.0
2020-06-14,jamaica,,18.1096,-77.2975,617,10,420.0,2,0,0.0
2020-06-15,jamaica,,18.1096,-77.2975,621,10,430.0,4,0,10.0
2020-06-16,jamaica,,18.1096,-77.2975,621,10,449.0,0,0,19.0
2020-06-17,jamaica,,18.1096,-77.2975,626,10,451.0,5,0,2.0
2020-06-18,jamaica,,18.1096,-77.2975,638,10,458.0,12,0,7.0
2020-06-19,jamaica,,18.1096,-77.2975,652,10,458.0,14,0,0.0
2020-06-20,jamaica,,18.1096,-77.2975,657,10,462.0,5,0,4.0
2020-06-21,jamaica,,18.1096,-77.2975,659,10,516.0,2,0,54.0
2020-06-22,jamaica,,18.1096,-77.2975,665,10,516.0,6,0,0.0
2020-06-23,jamaica,,18.1096,-77.2975,670,10,518.0,5,0,2.0
2020-06-24,jamaica,,18.1096,-77.2975,678,10,521.0,8,0,3.0
2020-06-25,jamaica,,18.1096,-77.2975,684,10,526.0,6,0,5.0
2020-06-26,jamaica,,18.1096,-77.2975,686,10,539.0,2,0,13.0
2020-06-27,jamaica,,18.1096,-77.2975,690,10,552.0,4,0,13.0
2020-06-28,jamaica,,18.1096,-77.2975,696,10,552.0,6,0,0.0
2020-06-29,jamaica,,18.1096,-77.2975,698,10,553.0,2,0,1.0
2020-06-30,jamaica,,18.1096,-77.2975,702,10,553.0,4,0,0.0
2020-07-01,jamaica,,18.1096,-77.2975,707,10,555.0,5,0,2.0
2020-07-02,jamaica,,18.1096,-77.2975,715,10,560.0,8,0,5.0
2020-07-03,jamaica,,18.1096,-77.2975,721,10,565.0,6,0,5.0
2020-07-04,jamaica,,18.1096,-77.2975,728,10,569.0,7,0,4.0
2020-07-05,jamaica,,18.1096,-77.2975,732,10,584.0,4,0,15.0
2020-07-06,jamaica,,18.1096,-77.2975,737,10,591.0,5,0,7.0
2020-07-07,jamaica,,18.1096,-77.2975,745,10,599.0,8,0,8.0
2020-07-08,jamaica,,18.1096,-77.2975,751,10,600.0,6,0,1.0
2020-07-09,jamaica,,18.1096,-77.2975,753,10,603.0,2,0,3.0
2020-07-10,jamaica,,18.1096,-77.2975,753,10,605.0,0,0,2.0
2020-07-11,jamaica,,18.1096,-77.2975,758,10,615.0,5,0,10.0
2020-07-12,jamaica,,18.1096,-77.2975,758,10,620.0,0,0,5.0
2020-07-13,jamaica,,18.1096,-77.2975,759,10,628.0,1,0,8.0
2020-07-14,jamaica,,18.1096,-77.2975,762,10,643.0,3,0,15.0
2020-07-15,jamaica,,18.1096,-77.2975,763,10,647.0,1,0,4.0
2020-07-16,jamaica,,18.1096,-77.2975,765,10,647.0,2,0,0.0
2020-07-17,jamaica,,18.1096,-77.2975,768,10,678.0,3,0,31.0
2020-07-18,jamaica,,18.1096,-77.2975,774,10,679.0,6,0,1.0
2020-07-19,jamaica,,18.1096,-77.2975,790,10,693.0,16,0,14.0
2020-07-20,jamaica,,18.1096,-77.2975,809,10,706.0,19,0,13.0
2020-07-21,jamaica,,18.1096,-77.2975,810,10,709.0,1,0,3.0
2020-07-22,jamaica,,18.1096,-77.2975,816,10,710.0,6,0,1.0
2020-07-23,jamaica,,18.1096,-77.2975,821,10,711.0,5,0,1.0
2020-07-24,jamaica,,18.1096,-77.2975,831,10,711.0,10,0,0.0
2020-07-25,jamaica,,18.1096,-77.2975,837,10,711.0,6,0,0.0
2020-07-26,jamaica,,18.1096,-77.2975,842,10,714.0,5,0,3.0
2020-07-27,jamaica,,18.1096,-77.2975,853,10,714.0,11,0,0.0
2020-07-28,jamaica,,18.1096,-77.2975,855,10,724.0,2,0,10.0
2020-07-29,jamaica,,18.1096,-77.2975,856,10,724.0,1,0,0.0
2020-07-30,jamaica,,18.1096,-77.2975,864,10,724.0,8,0,0.0
2020-07-31,jamaica,,18.1096,-77.2975,878,10,726.0,14,0,2.0
