date,country,state,lat,long,confirmed,deaths,recovered,confirmed_new,deaths_new,recovered_new
2020-01-22,kazakhstan,,48.0196,66.9237,0,0,0.0,0,0,0.0
2020-01-23,kazakhstan,,48.0196,66.9237,0,0,0.0,0,0,0.0
2020-01-24,kazakhstan,,48.0196,66.9237,0,0,0.0,0,0,0.0
2020-01-25,kazakhstan,,48.0196,66.9237,0,0,0.0,0,0,0.0
2020-01-26,kazakhstan,,48.0196,66.9237,0,0,0.0,0,0,0.0
2020-01-27,kazakhstan,,48.0196,66.9237,0,0,0.0,0,0,0.0
2020-01-28,kazakhstan,,48.0196,66.9237,0,0,0.0,0,0,0.0
2020-01-29,kazakhstan,,48.0196,66.9237,0,0,0.0,0,0,0.0
2020-01-30,kazakhstan,,48.0196,66.9237,0,0,0.0,0,0,0.0
2020-01-31,kazakhstan,,48.0196,66.9237,0,0,0.0,0,0,0.0
2020-02-01,kazakhstan,,48.0196,66.9237,0,0,0.0,0,0,0.0
2020-02-02,kazakhstan,,48.0196,66.9237,0,0,0.0,0,0,0.0
2020-02-03,kazakhstan,,48.0196,66.9237,0,0,0.0,0,0,0.0
2020-02-04,kazakhstan,,48.0196,66.9237,0,0,0.0,0,0,0.0
2020-02-05,kazakhstan,,48.0196,66.9237,0,0,0.0,0,0,0.0
2020-02-06,kazakhstan,,48.0196,66.9237,0,0,0.0,0,0,0.0
2020-02-07,kazakhstan,,48.0196,66.9237,0,0,0.0,0,0,0.0
2020-02-08,kazakhstan,,48.0196,66.9237,0,0,0.0,0,0,0.0
2020-02-09,kazakhstan,,48.0196,66.9237,0,0,0.0,0,0,0.0
2020-02-10,kazakhstan,,48.0196,66.9237,0,0,0.0,0,0,0.0
2020-02-11,kazakhstan,,48.0196,66.9237,0,0,0.0,0,0,0.0
2020-02-12,kazakhstan,,48.0196,66.9237,0,0,0.0,0,0,0.0
2020-02-13,kazakhstan,,48.0196,66.9237,0,0,0.0,0,0,0.0
2020-02-14,kazakhstan,,48.0196,66.9237,0,0,0.0,0,0,0.0
2020-02-15,kazakhstan,,48.0196,66.9237,0,0,0.0,0,0,0.0
2020-02-16,kazakhstan,,48.0196,66.9237,0,0,0.0,0,0,0.0
2020-02-17,kazakhstan,,48.0196,66.9237,0,0,0.0,0,0,0.0
2020-02-18,kazakhstan,,48.0196,66.9237,0,0,0.0,0,0,0.0
2020-02-19,kazakhstan,,48.0196,66.9237,0,0,0.0,0,0,0.0
2020-02-20,kazakhstan,,48.0196,66.9237,0,0,0.0,0,0,0.0
2020-02-21,kazakhstan,,48.0196,66.9237,0,0,0.0,0,0,0.0
2020-02-22,kazakhstan,,48.0196,66.9237,0,0,0.0,0,0,0.0
2020-02-23,kazakhstan,,48.0196,66.9237,0,0,0.0,0,0,0.0
2020-02-24,kazakhstan,,48.0196,66.9237,0,0,0.0,0,0,0.0
2020-02-25,kazakhstan,,48.0196,66.9237,0,0,0.0,0,0,0.0
2020-02-26,kazakhstan,,48.0196,66.9237,0,0,0.0,0,0,0.0
2020-02-27,kazakhstan,,48.0196,66.9237,0,0,0.0,0,0,0.0
2020-02-28,kazakhstan,,48.0196,66.9237,0,0,0.0,0,0,0.0
2020-02-29,kazakhstan,,48.0196,66.9237,0,0,0.0,0,0,0.0
2020-03-01,kazakhstan,,48.0196,66.9237,0,0,0.0,0,0,0.0
2020-03-02,kazakhstan,,48.0196,66.9237,0,0,0.0,0,0,0.0
2020-03-03,kazakhstan,,48.0196,66.9237,0,0,0.0,0,0,0.0
2020-03-04,kazakhstan,,48.0196,66.9237,0,0,0.0,0,0,0.0
2020-03-05,kazakhstan,,48.0196,66.9237,0,0,0.0,0,0,0.0
2020-03-06,kazakhstan,,48.0196,66.9237,0,0,0.0,0,0,0.0
2020-03-07,kazakhstan,,48.0196,66.9237,0,0,0.0,0,0,0.0
2020-03-08,kazakhstan,,48.0196,66.9237,0,0,0.0,0,0,0.0
2020-03-09,kazakhstan,,48.0196,66.9237,0,0,0.0,0,0,0.0
2020-03-10,kazakhstan,,48.0196,66.9237,0,0,0.0,0,0,0.0
2020-03-11,kazakhstan,,48.0196,66.9237,0,0,0.0,0,0,0.0
2020-03-12,kazakhstan,,48.0196,66.9237,0,0,0.0,0,0,0.0
2020-03-13,kazakhstan,,48.0196,66.9237,4,0,0.0,4,0,0.0
2020-03-14,kazakhstan,,48.0196,66.9237,6,0,0.0,2,0,0.0
2020-03-15,kazakhstan,,48.0196,66.9237,9,0,0.0,3,0,0.0
2020-03-16,kazakhstan,,48.0196,66.9237,10,0,0.0,1,0,0.0
2020-03-17,kazakhstan,,48.0196,66.9237,33,0,0.0,23,0,0.0
2020-03-18,kazakhstan,,48.0196,66.9237,35,0,0.0,2,0,0.0
2020-03-19,kazakhstan,,48.0196,66.9237,44,0,0.0,9,0,0.0
2020-03-20,kazakhstan,,48.0196,66.9237,49,3,0.0,5,3,0.0
2020-03-21,kazakhstan,,48.0196,66.9237,53,0,0.0,4,-3,0.0
2020-03-22,kazakhstan,,48.0196,66.9237,60,0,0.0,7,0,0.0
2020-03-23,kazakhstan,,48.0196,66.9237,62,0,0.0,2,0,0.0
2020-03-24,kazakhstan,,48.0196,66.9237,72,0,0.0,10,0,0.0
2020-03-25,kazakhstan,,48.0196,66.9237,81,0,0.0,9,0,0.0
2020-03-26,kazakhstan,,48.0196,66.9237,111,1,2.0,30,1,2.0
2020-03-27,kazakhstan,,48.0196,66.9237,150,1,3.0,39,0,1.0
2020-03-28,kazakhstan,,48.0196,66.9237,228,1,16.0,78,0,13.0
2020-03-29,kazakhstan,,48.0196,66.9237,284,1,20.0,56,0,4.0
2020-03-30,kazakhstan,,48.0196,66.9237,302,1,21.0,18,0,1.0
2020-03-31,kazakhstan,,48.0196,66.9237,343,2,24.0,41,1,3.0
2020-04-01,kazakhstan,,48.0196,66.9237,380,3,26.0,37,1,2.0
2020-04-02,kazakhstan,,48.0196,66.9237,435,3,27.0,55,0,1.0
2020-04-03,kazakhstan,,48.0196,66.9237,464,6,29.0,29,3,2.0
2020-04-04,kazakhstan,,48.0196,66.9237,531,5,36.0,67,-1,7.0
2020-04-05,kazakhstan,,48.0196,66.9237,584,6,42.0,53,1,6.0
2020-04-06,kazakhstan,,48.0196,66.9237,662,6,46.0,78,0,4.0
2020-04-07,kazakhstan,,48.0196,66.9237,697,6,51.0,35,0,5.0
2020-04-08,kazakhstan,,48.0196,66.9237,727,7,54.0,30,1,3.0
2020-04-09,kazakhstan,,48.0196,66.9237,781,8,60.0,54,1,6.0
2020-04-10,kazakhstan,,48.0196,66.9237,812,10,64.0,31,2,4.0
2020-04-11,kazakhstan,,48.0196,66.9237,865,10,81.0,53,0,17.0
2020-04-12,kazakhstan,,48.0196,66.9237,951,10,99.0,86,0,18.0
2020-04-13,kazakhstan,,48.0196,66.9237,1091,12,138.0,140,2,39.0
2020-04-14,kazakhstan,,48.0196,66.9237,1232,14,203.0,141,2,65.0
2020-04-15,kazakhstan,,48.0196,66.9237,1295,16,240.0,63,2,37.0
2020-04-16,kazakhstan,,48.0196,66.9237,1402,17,277.0,107,1,37.0
2020-04-17,kazakhstan,,48.0196,66.9237,1546,17,347.0,144,0,70.0
2020-04-18,kazakhstan,,48.0196,66.9237,1615,17,377.0,69,0,30.0
2020-04-19,kazakhstan,,48.0196,66.9237,1676,17,400.0,61,0,23.0
2020-04-20,kazakhstan,,48.0196,66.9237,1852,19,447.0,176,2,47.0
2020-04-21,kazakhstan,,48.0196,66.9237,1995,19,489.0,143,0,42.0
2020-04-22,kazakhstan,,48.0196,66.9237,2135,19,515.0,140,0,26.0
2020-04-23,kazakhstan,,48.0196,66.9237,2289,20,560.0,154,1,45.0
2020-04-24,kazakhstan,,48.0196,66.9237,2482,25,604.0,193,5,44.0
2020-04-25,kazakhstan,,48.0196,66.9237,2601,25,646.0,119,0,42.0
2020-04-26,kazakhstan,,48.0196,66.9237,2717,25,682.0,116,0,36.0
2020-04-27,kazakhstan,,48.0196,66.9237,2835,25,720.0,118,0,38.0
2020-04-28,kazakhstan,,48.0196,66.9237,3027,25,774.0,192,0,54.0
2020-04-29,kazakhstan,,48.0196,66.9237,3138,25,819.0,111,0,45.0
2020-04-30,kazakhstan,,48.0196,66.9237,3402,25,866.0,264,0,47.0
2020-05-01,kazakhstan,,48.0196,66.9237,3597,25,922.0,195,0,56.0
2020-05-02,kazakhstan,,48.0196,66.9237,3857,25,985.0,260,0,63.0
2020-05-03,kazakhstan,,48.0196,66.9237,3920,27,1084.0,63,2,99.0
2020-05-04,kazakhstan,,48.0196,66.9237,4049,29,1173.0,129,2,89.0
2020-05-05,kazakhstan,,48.0196,66.9237,4205,29,1279.0,156,0,106.0
2020-05-06,kazakhstan,,48.0196,66.9237,4422,30,1408.0,217,1,129.0
2020-05-07,kazakhstan,,48.0196,66.9237,4578,30,1518.0,156,0,110.0
2020-05-08,kazakhstan,,48.0196,66.9237,4834,31,1631.0,256,1,113.0
2020-05-09,kazakhstan,,48.0196,66.9237,4975,31,1776.0,141,0,145.0
2020-05-10,kazakhstan,,48.0196,66.9237,5090,31,1941.0,115,0,165.0
2020-05-11,kazakhstan,,48.0196,66.9237,5207,32,2074.0,117,1,133.0
2020-05-12,kazakhstan,,48.0196,66.9237,5279,32,2223.0,72,0,149.0
2020-05-13,kazakhstan,,48.0196,66.9237,5417,32,2408.0,138,0,185.0
2020-05-14,kazakhstan,,48.0196,66.9237,5571,32,2531.0,154,0,123.0
2020-05-15,kazakhstan,,48.0196,66.9237,5689,34,2707.0,118,2,176.0
2020-05-16,kazakhstan,,48.0196,66.9237,5850,34,2980.0,161,0,273.0
2020-05-17,kazakhstan,,48.0196,66.9237,6157,34,3256.0,307,0,276.0
2020-05-18,kazakhstan,,48.0196,66.9237,6751,35,3469.0,594,1,213.0
2020-05-19,kazakhstan,,48.0196,66.9237,6751,35,3598.0,0,0,129.0
2020-05-20,kazakhstan,,48.0196,66.9237,6969,35,3734.0,218,0,136.0
2020-05-21,kazakhstan,,48.0196,66.9237,7234,35,3843.0,265,0,109.0
2020-05-22,kazakhstan,,48.0196,66.9237,7919,35,4096.0,685,0,253.0
2020-05-23,kazakhstan,,48.0196,66.9237,7919,35,4214.0,0,0,118.0
2020-05-24,kazakhstan,,48.0196,66.9237,8531,35,4352.0,612,0,138.0
2020-05-25,kazakhstan,,48.0196,66.9237,8969,35,4515.0,438,0,163.0
2020-05-26,kazakhstan,,48.0196,66.9237,8969,37,4613.0,0,2,98.0
2020-05-27,kazakhstan,,48.0196,66.9237,9304,37,4768.0,335,0,155.0
2020-05-28,kazakhstan,,48.0196,66.9237,9576,37,4900.0,272,0,132.0
2020-05-29,kazakhstan,,48.0196,66.9237,9932,37,5057.0,356,0,157.0
2020-05-30,kazakhstan,,48.0196,66.9237,10382,38,5220.0,450,1,163.0
2020-05-31,kazakhstan,,48.0196,66.9237,10858,40,5404.0,476,2,184.0
2020-06-01,kazakhstan,,48.0196,66.9237,11308,41,5587.0,450,1,183.0
2020-06-02,kazakhstan,,48.0196,66.9237,11571,44,5941.0,263,3,354.0
2020-06-03,kazakhstan,,48.0196,66.9237,12067,48,6240.0,496,4,299.0
2020-06-04,kazakhstan,,48.0196,66.9237,12067,52,6606.0,0,4,366.0
2020-06-05,kazakhstan,,48.0196,66.9237,12312,52,6903.0,245,0,297.0
2020-06-06,kazakhstan,,48.0196,66.9237,12511,53,7135.0,199,1,232.0
2020-06-07,kazakhstan,,48.0196,66.9237,12694,56,7376.0,183,3,241.0
2020-06-08,kazakhstan,,48.0196,66.9237,12859,56,7376.0,165,0,0.0
2020-06-09,kazakhstan,,48.0196,66.9237,13074,61,8015.0,215,5,639.0
2020-06-10,kazakhstan,,48.0196,66.9237,13319,67,8345.0,245,6,330.0
2020-06-11,kazakhstan,,48.0196,66.9237,13872,67,8593.0,553,0,248.0
2020-06-12,kazakhstan,,48.0196,66.9237,13872,70,8829.0,0,3,236.0
2020-06-13,kazakhstan,,48.0196,66.9237,14238,73,8829.0,366,3,0.0
2020-06-14,kazakhstan,,48.0196,66.9237,14496,77,9188.0,258,4,359.0
2020-06-15,kazakhstan,,48.0196,66.9237,15192,81,9388.0,696,4,200.0
2020-06-16,kazakhstan,,48.0196,66.9237,15542,88,9647.0,350,7,259.0
2020-06-17,kazakhstan,,48.0196,66.9237,15877,97,9920.0,335,9,273.0
2020-06-18,kazakhstan,,48.0196,66.9237,15877,100,10065.0,0,3,145.0
2020-06-19,kazakhstan,,48.0196,66.9237,16779,113,10411.0,902,13,346.0
2020-06-20,kazakhstan,,48.0196,66.9237,17225,118,10671.0,446,5,260.0
2020-06-21,kazakhstan,,48.0196,66.9237,17732,120,10897.0,507,2,226.0
2020-06-22,kazakhstan,,48.0196,66.9237,18231,127,11158.0,499,7,261.0
2020-06-23,kazakhstan,,48.0196,66.9237,18765,134,11514.0,534,7,356.0
2020-06-24,kazakhstan,,48.0196,66.9237,19285,136,11882.0,520,2,368.0
2020-06-25,kazakhstan,,48.0196,66.9237,19750,140,12220.0,465,4,338.0
2020-06-26,kazakhstan,,48.0196,66.9237,20319,150,12548.0,569,10,328.0
2020-06-27,kazakhstan,,48.0196,66.9237,20319,166,12738.0,0,16,190.0
2020-06-28,kazakhstan,,48.0196,66.9237,21327,178,12933.0,1008,12,195.0
2020-06-29,kazakhstan,,48.0196,66.9237,21819,188,13008.0,492,10,75.0
2020-06-30,kazakhstan,,48.0196,66.9237,22308,188,13558.0,489,0,550.0
2020-07-01,kazakhstan,,48.0196,66.9237,41065,188,14059.0,18757,0,501.0
2020-07-02,kazakhstan,,48.0196,66.9237,42574,188,14777.0,1509,0,718.0
2020-07-03,kazakhstan,,48.0196,66.9237,45719,188,15276.0,3145,0,499.0
2020-07-04,kazakhstan,,48.0196,66.9237,47171,188,15556.0,1452,0,280.0
2020-07-05,kazakhstan,,48.0196,66.9237,48574,188,15860.0,1403,0,304.0
2020-07-06,kazakhstan,,48.0196,66.9237,49683,264,15860.0,1109,76,0.0
2020-07-07,kazakhstan,,48.0196,66.9237,51059,264,16298.0,1376,0,438.0
2020-07-08,kazakhstan,,48.0196,66.9237,51059,264,35137.0,0,0,18839.0
2020-07-09,kazakhstan,,48.0196,66.9237,54747,264,35137.0,3688,0,0.0
2020-07-10,kazakhstan,,48.0196,66.9237,56455,264,32500.0,1708,0,-2637.0
2020-07-11,kazakhstan,,48.0196,66.9237,58253,264,33814.0,1798,0,1314.0
2020-07-12,kazakhstan,,48.0196,66.9237,58253,375,33814.0,0,111,0.0
2020-07-13,kazakhstan,,48.0196,66.9237,61755,375,35911.0,3502,0,2097.0
2020-07-14,kazakhstan,,48.0196,66.9237,63514,375,38008.0,1759,0,2097.0
2020-07-15,kazakhstan,,48.0196,66.9237,65188,375,39066.0,1674,0,1058.0
2020-07-16,kazakhstan,,48.0196,66.9237,66895,375,40256.0,1707,0,1190.0
2020-07-17,kazakhstan,,48.0196,66.9237,68703,375,40256.0,1808,0,0.0
2020-07-18,kazakhstan,,48.0196,66.9237,68703,375,40256.0,0,0,0.0
2020-07-19,kazakhstan,,48.0196,66.9237,71838,375,43029.0,3135,0,2773.0
2020-07-20,kazakhstan,,48.0196,66.9237,73468,585,43401.0,1630,210,372.0
2020-07-21,kazakhstan,,48.0196,66.9237,75153,585,46790.0,1685,0,3389.0
2020-07-22,kazakhstan,,48.0196,66.9237,75153,585,46790.0,0,0,0.0
2020-07-23,kazakhstan,,48.0196,66.9237,78486,585,49488.0,3333,0,2698.0
2020-07-24,kazakhstan,,48.0196,66.9237,80226,585,51260.0,1740,0,1772.0
2020-07-25,kazakhstan,,48.0196,66.9237,81720,585,51823.0,1494,0,563.0
2020-07-26,kazakhstan,,48.0196,66.9237,83122,585,52571.0,1402,0,748.0
2020-07-27,kazakhstan,,48.0196,66.9237,84648,585,54404.0,1526,0,1833.0
2020-07-28,kazakhstan,,48.0196,66.9237,86192,793,56638.0,1544,208,2234.0
2020-07-29,kazakhstan,,48.0196,66.9237,87664,793,57815.0,1472,0,1177.0
2020-07-30,kazakhstan,,48.0196,66.9237,89078,793,59517.0,1414,0,1702.0
2020-07-31,kazakhstan,,48.0196,66.9237,90367,793,60825.0,1289,0,1308.0
