date,country,state,lat,long,confirmed,deaths,recovered,confirmed_new,deaths_new,recovered_new
2020-01-22,kuwait,,29.311659999999996,47.481766,0,0,0.0,0,0,0.0
2020-01-23,kuwait,,29.311659999999996,47.481766,0,0,0.0,0,0,0.0
2020-01-24,kuwait,,29.311659999999996,47.481766,0,0,0.0,0,0,0.0
2020-01-25,kuwait,,29.311659999999996,47.481766,0,0,0.0,0,0,0.0
2020-01-26,kuwait,,29.311659999999996,47.481766,0,0,0.0,0,0,0.0
2020-01-27,kuwait,,29.311659999999996,47.481766,0,0,0.0,0,0,0.0
2020-01-28,kuwait,,29.311659999999996,47.481766,0,0,0.0,0,0,0.0
2020-01-29,kuwait,,29.311659999999996,47.481766,0,0,0.0,0,0,0.0
2020-01-30,kuwait,,29.311659999999996,47.481766,0,0,0.0,0,0,0.0
2020-01-31,kuwait,,29.311659999999996,47.481766,0,0,0.0,0,0,0.0
2020-02-01,kuwait,,29.311659999999996,47.481766,0,0,0.0,0,0,0.0
2020-02-02,kuwait,,29.311659999999996,47.481766,0,0,0.0,0,0,0.0
2020-02-03,kuwait,,29.311659999999996,47.481766,0,0,0.0,0,0,0.0
2020-02-04,kuwait,,29.311659999999996,47.481766,0,0,0.0,0,0,0.0
2020-02-05,kuwait,,29.311659999999996,47.481766,0,0,0.0,0,0,0.0
2020-02-06,kuwait,,29.311659999999996,47.481766,0,0,0.0,0,0,0.0
2020-02-07,kuwait,,29.311659999999996,47.481766,0,0,0.0,0,0,0.0
2020-02-08,kuwait,,29.311659999999996,47.481766,0,0,0.0,0,0,0.0
2020-02-09,kuwait,,29.311659999999996,47.481766,0,0,0.0,0,0,0.0
2020-02-10,kuwait,,29.311659999999996,47.481766,0,0,0.0,0,0,0.0
2020-02-11,kuwait,,29.311659999999996,47.481766,0,0,0.0,0,0,0.0
2020-02-12,kuwait,,29.311659999999996,47.481766,0,0,0.0,0,0,0.0
2020-02-13,kuwait,,29.311659999999996,47.481766,0,0,0.0,0,0,0.0
2020-02-14,kuwait,,29.311659999999996,47.481766,0,0,0.0,0,0,0.0
2020-02-15,kuwait,,29.311659999999996,47.481766,0,0,0.0,0,0,0.0
2020-02-16,kuwait,,29.311659999999996,47.481766,0,0,0.0,0,0,0.0
2020-02-17,kuwait,,29.311659999999996,47.481766,0,0,0.0,0,0,0.0
2020-02-18,kuwait,,29.311659999999996,47.481766,0,0,0.0,0,0,0.0
2020-02-19,kuwait,,29.311659999999996,47.481766,0,0,0.0,0,0,0.0
2020-02-20,kuwait,,29.311659999999996,47.481766,0,0,0.0,0,0,0.0
2020-02-21,kuwait,,29.311659999999996,47.481766,0,0,0.0,0,0,0.0
2020-02-22,kuwait,,29.311659999999996,47.481766,0,0,0.0,0,0,0.0
2020-02-23,kuwait,,29.311659999999996,47.481766,0,0,0.0,0,0,0.0
2020-02-24,kuwait,,29.311659999999996,47.481766,1,0,0.0,1,0,0.0
2020-02-25,kuwait,,29.311659999999996,47.481766,11,0,0.0,10,0,0.0
2020-02-26,kuwait,,29.311659999999996,47.481766,26,0,0.0,15,0,0.0
2020-02-27,kuwait,,29.311659999999996,47.481766,43,0,0.0,17,0,0.0
2020-02-28,kuwait,,29.311659999999996,47.481766,45,0,0.0,2,0,0.0
2020-02-29,kuwait,,29.311659999999996,47.481766,45,0,0.0,0,0,0.0
2020-03-01,kuwait,,29.311659999999996,47.481766,45,0,0.0,0,0,0.0
2020-03-02,kuwait,,29.311659999999996,47.481766,56,0,0.0,11,0,0.0
2020-03-03,kuwait,,29.311659999999996,47.481766,56,0,0.0,0,0,0.0
2020-03-04,kuwait,,29.311659999999996,47.481766,56,0,0.0,0,0,0.0
2020-03-05,kuwait,,29.311659999999996,47.481766,58,0,0.0,2,0,0.0
2020-03-06,kuwait,,29.311659999999996,47.481766,58,0,0.0,0,0,0.0
2020-03-07,kuwait,,29.311659999999996,47.481766,61,0,0.0,3,0,0.0
2020-03-08,kuwait,,29.311659999999996,47.481766,64,0,1.0,3,0,1.0
2020-03-09,kuwait,,29.311659999999996,47.481766,64,0,1.0,0,0,0.0
2020-03-10,kuwait,,29.311659999999996,47.481766,69,0,1.0,5,0,0.0
2020-03-11,kuwait,,29.311659999999996,47.481766,72,0,2.0,3,0,1.0
2020-03-12,kuwait,,29.311659999999996,47.481766,80,0,5.0,8,0,3.0
2020-03-13,kuwait,,29.311659999999996,47.481766,80,0,5.0,0,0,0.0
2020-03-14,kuwait,,29.311659999999996,47.481766,104,0,5.0,24,0,0.0
2020-03-15,kuwait,,29.311659999999996,47.481766,112,0,5.0,8,0,0.0
2020-03-16,kuwait,,29.311659999999996,47.481766,123,0,9.0,11,0,4.0
2020-03-17,kuwait,,29.311659999999996,47.481766,130,0,9.0,7,0,0.0
2020-03-18,kuwait,,29.311659999999996,47.481766,142,0,15.0,12,0,6.0
2020-03-19,kuwait,,29.311659999999996,47.481766,148,0,18.0,6,0,3.0
2020-03-20,kuwait,,29.311659999999996,47.481766,159,0,18.0,11,0,0.0
2020-03-21,kuwait,,29.311659999999996,47.481766,176,0,27.0,17,0,9.0
2020-03-22,kuwait,,29.311659999999996,47.481766,188,0,27.0,12,0,0.0
2020-03-23,kuwait,,29.311659999999996,47.481766,189,0,27.0,1,0,0.0
2020-03-24,kuwait,,29.311659999999996,47.481766,191,0,39.0,2,0,12.0
2020-03-25,kuwait,,29.311659999999996,47.481766,195,0,43.0,4,0,4.0
2020-03-26,kuwait,,29.311659999999996,47.481766,208,0,49.0,13,0,6.0
2020-03-27,kuwait,,29.311659999999996,47.481766,225,0,57.0,17,0,8.0
2020-03-28,kuwait,,29.311659999999996,47.481766,235,0,64.0,10,0,7.0
2020-03-29,kuwait,,29.311659999999996,47.481766,255,0,67.0,20,0,3.0
2020-03-30,kuwait,,29.311659999999996,47.481766,266,0,72.0,11,0,5.0
2020-03-31,kuwait,,29.311659999999996,47.481766,289,0,73.0,23,0,1.0
2020-04-01,kuwait,,29.311659999999996,47.481766,317,0,80.0,28,0,7.0
2020-04-02,kuwait,,29.311659999999996,47.481766,342,0,81.0,25,0,1.0
2020-04-03,kuwait,,29.311659999999996,47.481766,417,0,82.0,75,0,1.0
2020-04-04,kuwait,,29.311659999999996,47.481766,479,1,93.0,62,1,11.0
2020-04-05,kuwait,,29.311659999999996,47.481766,556,1,99.0,77,0,6.0
2020-04-06,kuwait,,29.311659999999996,47.481766,665,1,103.0,109,0,4.0
2020-04-07,kuwait,,29.311659999999996,47.481766,743,1,105.0,78,0,2.0
2020-04-08,kuwait,,29.311659999999996,47.481766,855,1,111.0,112,0,6.0
2020-04-09,kuwait,,29.311659999999996,47.481766,910,1,111.0,55,0,0.0
2020-04-10,kuwait,,29.311659999999996,47.481766,993,1,123.0,83,0,12.0
2020-04-11,kuwait,,29.311659999999996,47.481766,1154,1,133.0,161,0,10.0
2020-04-12,kuwait,,29.311659999999996,47.481766,1234,1,142.0,80,0,9.0
2020-04-13,kuwait,,29.311659999999996,47.481766,1300,2,150.0,66,1,8.0
2020-04-14,kuwait,,29.311659999999996,47.481766,1355,3,176.0,55,1,26.0
2020-04-15,kuwait,,29.311659999999996,47.481766,1405,3,206.0,50,0,30.0
2020-04-16,kuwait,,29.311659999999996,47.481766,1524,3,225.0,119,0,19.0
2020-04-17,kuwait,,29.311659999999996,47.481766,1658,5,258.0,134,2,33.0
2020-04-18,kuwait,,29.311659999999996,47.481766,1751,6,280.0,93,1,22.0
2020-04-19,kuwait,,29.311659999999996,47.481766,1915,7,305.0,164,1,25.0
2020-04-20,kuwait,,29.311659999999996,47.481766,1995,9,367.0,80,2,62.0
2020-04-21,kuwait,,29.311659999999996,47.481766,2080,11,412.0,85,2,45.0
2020-04-22,kuwait,,29.311659999999996,47.481766,2248,13,443.0,168,2,31.0
2020-04-23,kuwait,,29.311659999999996,47.481766,2399,14,498.0,151,1,55.0
2020-04-24,kuwait,,29.311659999999996,47.481766,2614,15,613.0,215,1,115.0
2020-04-25,kuwait,,29.311659999999996,47.481766,2892,19,656.0,278,4,43.0
2020-04-26,kuwait,,29.311659999999996,47.481766,3075,20,806.0,183,1,150.0
2020-04-27,kuwait,,29.311659999999996,47.481766,3288,22,1012.0,213,2,206.0
2020-04-28,kuwait,,29.311659999999996,47.481766,3440,23,1176.0,152,1,164.0
2020-04-29,kuwait,,29.311659999999996,47.481766,3740,24,1389.0,300,1,213.0
2020-04-30,kuwait,,29.311659999999996,47.481766,4024,26,1539.0,284,2,150.0
2020-05-01,kuwait,,29.311659999999996,47.481766,4377,30,1602.0,353,4,63.0
2020-05-02,kuwait,,29.311659999999996,47.481766,4619,33,1703.0,242,3,101.0
2020-05-03,kuwait,,29.311659999999996,47.481766,4983,38,1776.0,364,5,73.0
2020-05-04,kuwait,,29.311659999999996,47.481766,5278,40,1947.0,295,2,171.0
2020-05-05,kuwait,,29.311659999999996,47.481766,5804,40,2032.0,526,0,85.0
2020-05-06,kuwait,,29.311659999999996,47.481766,6289,42,2219.0,485,2,187.0
2020-05-07,kuwait,,29.311659999999996,47.481766,6567,44,2381.0,278,2,162.0
2020-05-08,kuwait,,29.311659999999996,47.481766,7208,47,2466.0,641,3,85.0
2020-05-09,kuwait,,29.311659999999996,47.481766,7623,49,2622.0,415,2,156.0
2020-05-10,kuwait,,29.311659999999996,47.481766,8688,58,2729.0,1065,9,107.0
2020-05-11,kuwait,,29.311659999999996,47.481766,9286,65,2907.0,598,7,178.0
2020-05-12,kuwait,,29.311659999999996,47.481766,10277,75,3101.0,991,10,194.0
2020-05-13,kuwait,,29.311659999999996,47.481766,11028,82,3263.0,751,7,162.0
2020-05-14,kuwait,,29.311659999999996,47.481766,11975,88,3451.0,947,6,188.0
2020-05-15,kuwait,,29.311659999999996,47.481766,12860,96,3640.0,885,8,189.0
2020-05-16,kuwait,,29.311659999999996,47.481766,13802,107,3843.0,942,11,203.0
2020-05-17,kuwait,,29.311659999999996,47.481766,14850,112,4093.0,1048,5,250.0
2020-05-18,kuwait,,29.311659999999996,47.481766,15691,118,4339.0,841,6,246.0
2020-05-19,kuwait,,29.311659999999996,47.481766,16764,121,4681.0,1073,3,342.0
2020-05-20,kuwait,,29.311659999999996,47.481766,17568,124,4885.0,804,3,204.0
2020-05-21,kuwait,,29.311659999999996,47.481766,18609,129,5205.0,1041,5,320.0
2020-05-22,kuwait,,29.311659999999996,47.481766,19564,138,5515.0,955,9,310.0
2020-05-23,kuwait,,29.311659999999996,47.481766,20464,148,5747.0,900,10,232.0
2020-05-24,kuwait,,29.311659999999996,47.481766,21302,156,6117.0,838,8,370.0
2020-05-25,kuwait,,29.311659999999996,47.481766,21967,165,6621.0,665,9,504.0
2020-05-26,kuwait,,29.311659999999996,47.481766,22575,172,7306.0,608,7,685.0
2020-05-27,kuwait,,29.311659999999996,47.481766,23267,175,7946.0,692,3,640.0
2020-05-28,kuwait,,29.311659999999996,47.481766,24112,185,8698.0,845,10,752.0
2020-05-29,kuwait,,29.311659999999996,47.481766,25184,194,9273.0,1072,9,575.0
2020-05-30,kuwait,,29.311659999999996,47.481766,26192,205,10156.0,1008,11,883.0
2020-05-31,kuwait,,29.311659999999996,47.481766,27043,212,11386.0,851,7,1230.0
2020-06-01,kuwait,,29.311659999999996,47.481766,27762,220,12899.0,719,8,1513.0
2020-06-02,kuwait,,29.311659999999996,47.481766,28649,226,14281.0,887,6,1382.0
2020-06-03,kuwait,,29.311659999999996,47.481766,29359,230,15750.0,710,4,1469.0
2020-06-04,kuwait,,29.311659999999996,47.481766,29921,236,17223.0,562,6,1473.0
2020-06-05,kuwait,,29.311659999999996,47.481766,30644,244,18277.0,723,8,1054.0
2020-06-06,kuwait,,29.311659999999996,47.481766,31131,254,19282.0,487,10,1005.0
2020-06-07,kuwait,,29.311659999999996,47.481766,31848,264,20205.0,717,10,923.0
2020-06-08,kuwait,,29.311659999999996,47.481766,32510,269,21242.0,662,5,1037.0
2020-06-09,kuwait,,29.311659999999996,47.481766,33140,273,22162.0,630,4,920.0
2020-06-10,kuwait,,29.311659999999996,47.481766,33823,275,23288.0,683,2,1126.0
2020-06-11,kuwait,,29.311659999999996,47.481766,34432,279,24137.0,609,4,849.0
2020-06-12,kuwait,,29.311659999999996,47.481766,34952,285,25048.0,520,6,911.0
2020-06-13,kuwait,,29.311659999999996,47.481766,35466,289,25882.0,514,4,834.0
2020-06-14,kuwait,,29.311659999999996,47.481766,35920,296,26759.0,454,7,877.0
2020-06-15,kuwait,,29.311659999999996,47.481766,36431,298,27531.0,511,2,772.0
2020-06-16,kuwait,,29.311659999999996,47.481766,36958,303,28206.0,527,5,675.0
2020-06-17,kuwait,,29.311659999999996,47.481766,37533,306,28896.0,575,3,690.0
2020-06-18,kuwait,,29.311659999999996,47.481766,38074,308,29512.0,541,2,616.0
2020-06-19,kuwait,,29.311659999999996,47.481766,38678,313,30190.0,604,5,678.0
2020-06-20,kuwait,,29.311659999999996,47.481766,39145,319,30726.0,467,6,536.0
2020-06-21,kuwait,,29.311659999999996,47.481766,39650,326,31240.0,505,7,514.0
2020-06-22,kuwait,,29.311659999999996,47.481766,40291,330,31770.0,641,4,530.0
2020-06-23,kuwait,,29.311659999999996,47.481766,41033,334,32304.0,742,4,534.0
2020-06-24,kuwait,,29.311659999999996,47.481766,41879,337,32809.0,846,3,505.0
2020-06-25,kuwait,,29.311659999999996,47.481766,42788,339,33367.0,909,2,558.0
2020-06-26,kuwait,,29.311659999999996,47.481766,43703,341,33969.0,915,2,602.0
2020-06-27,kuwait,,29.311659999999996,47.481766,44391,344,34586.0,688,3,617.0
2020-06-28,kuwait,,29.311659999999996,47.481766,44942,348,35494.0,551,4,908.0
2020-06-29,kuwait,,29.311659999999996,47.481766,45524,350,36313.0,582,2,819.0
2020-06-30,kuwait,,29.311659999999996,47.481766,46195,354,37030.0,671,4,717.0
2020-07-01,kuwait,,29.311659999999996,47.481766,46940,358,37715.0,745,4,685.0
2020-07-02,kuwait,,29.311659999999996,47.481766,47859,359,38390.0,919,1,675.0
2020-07-03,kuwait,,29.311659999999996,47.481766,48672,360,39276.0,813,1,886.0
2020-07-04,kuwait,,29.311659999999996,47.481766,49303,365,39943.0,631,5,667.0
2020-07-05,kuwait,,29.311659999999996,47.481766,49941,368,40463.0,638,3,520.0
2020-07-06,kuwait,,29.311659999999996,47.481766,50644,373,41001.0,703,5,538.0
2020-07-07,kuwait,,29.311659999999996,47.481766,51245,377,41515.0,601,4,514.0
2020-07-08,kuwait,,29.311659999999996,47.481766,52007,379,42108.0,762,2,593.0
2020-07-09,kuwait,,29.311659999999996,47.481766,52840,382,42686.0,833,3,578.0
2020-07-10,kuwait,,29.311659999999996,47.481766,53580,383,43214.0,740,1,528.0
2020-07-11,kuwait,,29.311659999999996,47.481766,54058,386,43961.0,478,3,747.0
2020-07-12,kuwait,,29.311659999999996,47.481766,54894,390,44610.0,836,4,649.0
2020-07-13,kuwait,,29.311659999999996,47.481766,55508,393,45356.0,614,3,746.0
2020-07-14,kuwait,,29.311659999999996,47.481766,56174,396,46161.0,666,3,805.0
2020-07-15,kuwait,,29.311659999999996,47.481766,56877,399,46897.0,703,3,736.0
2020-07-16,kuwait,,29.311659999999996,47.481766,57668,402,47545.0,791,3,648.0
2020-07-17,kuwait,,29.311659999999996,47.481766,58221,404,48381.0,553,2,836.0
2020-07-18,kuwait,,29.311659999999996,47.481766,58904,407,49020.0,683,3,639.0
2020-07-19,kuwait,,29.311659999999996,47.481766,59204,408,49687.0,300,1,667.0
2020-07-20,kuwait,,29.311659999999996,47.481766,59763,408,50339.0,559,0,652.0
2020-07-21,kuwait,,29.311659999999996,47.481766,60434,412,50919.0,671,4,580.0
2020-07-22,kuwait,,29.311659999999996,47.481766,61185,417,51520.0,751,5,601.0
2020-07-23,kuwait,,29.311659999999996,47.481766,61872,421,52247.0,687,4,727.0
2020-07-24,kuwait,,29.311659999999996,47.481766,62625,425,52915.0,753,4,668.0
2020-07-25,kuwait,,29.311659999999996,47.481766,63309,429,53607.0,684,4,692.0
2020-07-26,kuwait,,29.311659999999996,47.481766,63773,433,54373.0,464,4,766.0
2020-07-27,kuwait,,29.311659999999996,47.481766,64379,438,55057.0,606,5,684.0
2020-07-28,kuwait,,29.311659999999996,47.481766,65149,442,55681.0,770,4,624.0
2020-07-29,kuwait,,29.311659999999996,47.481766,65903,444,56467.0,754,2,786.0
2020-07-30,kuwait,,29.311659999999996,47.481766,66529,445,57330.0,626,1,863.0
2020-07-31,kuwait,,29.311659999999996,47.481766,66957,447,57932.0,428,2,602.0
