date,country,state,lat,long,confirmed,deaths,recovered,confirmed_new,deaths_new,recovered_new
2020-01-22,kyrgyzstan,,41.20438,74.766098,0,0,0.0,0,0,0.0
2020-01-23,kyrgyzstan,,41.20438,74.766098,0,0,0.0,0,0,0.0
2020-01-24,kyrgyzstan,,41.20438,74.766098,0,0,0.0,0,0,0.0
2020-01-25,kyrgyzstan,,41.20438,74.766098,0,0,0.0,0,0,0.0
2020-01-26,kyrgyzstan,,41.20438,74.766098,0,0,0.0,0,0,0.0
2020-01-27,kyrgyzstan,,41.20438,74.766098,0,0,0.0,0,0,0.0
2020-01-28,kyrgyzstan,,41.20438,74.766098,0,0,0.0,0,0,0.0
2020-01-29,kyrgyzstan,,41.20438,74.766098,0,0,0.0,0,0,0.0
2020-01-30,kyrgyzstan,,41.20438,74.766098,0,0,0.0,0,0,0.0
2020-01-31,kyrgyzstan,,41.20438,74.766098,0,0,0.0,0,0,0.0
2020-02-01,kyrgyzstan,,41.20438,74.766098,0,0,0.0,0,0,0.0
2020-02-02,kyrgyzstan,,41.20438,74.766098,0,0,0.0,0,0,0.0
2020-02-03,kyrgyzstan,,41.20438,74.766098,0,0,0.0,0,0,0.0
2020-02-04,kyrgyzstan,,41.20438,74.766098,0,0,0.0,0,0,0.0
2020-02-05,kyrgyzstan,,41.20438,74.766098,0,0,0.0,0,0,0.0
2020-02-06,kyrgyzstan,,41.20438,74.766098,0,0,0.0,0,0,0.0
2020-02-07,kyrgyzstan,,41.20438,74.766098,0,0,0.0,0,0,0.0
2020-02-08,kyrgyzstan,,41.20438,74.766098,0,0,0.0,0,0,0.0
2020-02-09,kyrgyzstan,,41.20438,74.766098,0,0,0.0,0,0,0.0
2020-02-10,kyrgyzstan,,41.20438,74.766098,0,0,0.0,0,0,0.0
2020-02-11,kyrgyzstan,,41.20438,74.766098,0,0,0.0,0,0,0.0
2020-02-12,kyrgyzstan,,41.20438,74.766098,0,0,0.0,0,0,0.0
2020-02-13,kyrgyzstan,,41.20438,74.766098,0,0,0.0,0,0,0.0
2020-02-14,kyrgyzstan,,41.20438,74.766098,0,0,0.0,0,0,0.0
2020-02-15,kyrgyzstan,,41.20438,74.766098,0,0,0.0,0,0,0.0
2020-02-16,kyrgyzstan,,41.20438,74.766098,0,0,0.0,0,0,0.0
2020-02-17,kyrgyzstan,,41.20438,74.766098,0,0,0.0,0,0,0.0
2020-02-18,kyrgyzstan,,41.20438,74.766098,0,0,0.0,0,0,0.0
2020-02-19,kyrgyzstan,,41.20438,74.766098,0,0,0.0,0,0,0.0
2020-02-20,kyrgyzstan,,41.20438,74.766098,0,0,0.0,0,0,0.0
2020-02-21,kyrgyzstan,,41.20438,74.766098,0,0,0.0,0,0,0.0
2020-02-22,kyrgyzstan,,41.20438,74.766098,0,0,0.0,0,0,0.0
2020-02-23,kyrgyzstan,,41.20438,74.766098,0,0,0.0,0,0,0.0
2020-02-24,kyrgyzstan,,41.20438,74.766098,0,0,0.0,0,0,0.0
2020-02-25,kyrgyzstan,,41.20438,74.766098,0,0,0.0,0,0,0.0
2020-02-26,kyrgyzstan,,41.20438,74.766098,0,0,0.0,0,0,0.0
2020-02-27,kyrgyzstan,,41.20438,74.766098,0,0,0.0,0,0,0.0
2020-02-28,kyrgyzstan,,41.20438,74.766098,0,0,0.0,0,0,0.0
2020-02-29,kyrgyzstan,,41.20438,74.766098,0,0,0.0,0,0,0.0
2020-03-01,kyrgyzstan,,41.20438,74.766098,0,0,0.0,0,0,0.0
2020-03-02,kyrgyzstan,,41.20438,74.766098,0,0,0.0,0,0,0.0
2020-03-03,kyrgyzstan,,41.20438,74.766098,0,0,0.0,0,0,0.0
2020-03-04,kyrgyzstan,,41.20438,74.766098,0,0,0.0,0,0,0.0
2020-03-05,kyrgyzstan,,41.20438,74.766098,0,0,0.0,0,0,0.0
2020-03-06,kyrgyzstan,,41.20438,74.766098,0,0,0.0,0,0,0.0
2020-03-07,kyrgyzstan,,41.20438,74.766098,0,0,0.0,0,0,0.0
2020-03-08,kyrgyzstan,,41.20438,74.766098,0,0,0.0,0,0,0.0
2020-03-09,kyrgyzstan,,41.20438,74.766098,0,0,0.0,0,0,0.0
2020-03-10,kyrgyzstan,,41.20438,74.766098,0,0,0.0,0,0,0.0
2020-03-11,kyrgyzstan,,41.20438,74.766098,0,0,0.0,0,0,0.0
2020-03-12,kyrgyzstan,,41.20438,74.766098,0,0,0.0,0,0,0.0
2020-03-13,kyrgyzstan,,41.20438,74.766098,0,0,0.0,0,0,0.0
2020-03-14,kyrgyzstan,,41.20438,74.766098,0,0,0.0,0,0,0.0
2020-03-15,kyrgyzstan,,41.20438,74.766098,0,0,0.0,0,0,0.0
2020-03-16,kyrgyzstan,,41.20438,74.766098,0,0,0.0,0,0,0.0
2020-03-17,kyrgyzstan,,41.20438,74.766098,0,0,0.0,0,0,0.0
2020-03-18,kyrgyzstan,,41.20438,74.766098,3,0,0.0,3,0,0.0
2020-03-19,kyrgyzstan,,41.20438,74.766098,3,0,0.0,0,0,0.0
2020-03-20,kyrgyzstan,,41.20438,74.766098,6,0,0.0,3,0,0.0
2020-03-21,kyrgyzstan,,41.20438,74.766098,14,0,0.0,8,0,0.0
2020-03-22,kyrgyzstan,,41.20438,74.766098,14,0,0.0,0,0,0.0
2020-03-23,kyrgyzstan,,41.20438,74.766098,16,0,0.0,2,0,0.0
2020-03-24,kyrgyzstan,,41.20438,74.766098,42,0,0.0,26,0,0.0
2020-03-25,kyrgyzstan,,41.20438,74.766098,44,0,0.0,2,0,0.0
2020-03-26,kyrgyzstan,,41.20438,74.766098,44,0,0.0,0,0,0.0
2020-03-27,kyrgyzstan,,41.20438,74.766098,58,0,0.0,14,0,0.0
2020-03-28,kyrgyzstan,,41.20438,74.766098,58,0,0.0,0,0,0.0
2020-03-29,kyrgyzstan,,41.20438,74.766098,84,0,0.0,26,0,0.0
2020-03-30,kyrgyzstan,,41.20438,74.766098,94,0,3.0,10,0,3.0
2020-03-31,kyrgyzstan,,41.20438,74.766098,107,0,3.0,13,0,0.0
2020-04-01,kyrgyzstan,,41.20438,74.766098,111,0,3.0,4,0,0.0
2020-04-02,kyrgyzstan,,41.20438,74.766098,116,0,5.0,5,0,2.0
2020-04-03,kyrgyzstan,,41.20438,74.766098,130,1,6.0,14,1,1.0
2020-04-04,kyrgyzstan,,41.20438,74.766098,144,1,9.0,14,0,3.0
2020-04-05,kyrgyzstan,,41.20438,74.766098,147,1,9.0,3,0,0.0
2020-04-06,kyrgyzstan,,41.20438,74.766098,216,4,33.0,69,3,24.0
2020-04-07,kyrgyzstan,,41.20438,74.766098,228,4,33.0,12,0,0.0
2020-04-08,kyrgyzstan,,41.20438,74.766098,270,4,33.0,42,0,0.0
2020-04-09,kyrgyzstan,,41.20438,74.766098,280,4,35.0,10,0,2.0
2020-04-10,kyrgyzstan,,41.20438,74.766098,298,5,35.0,18,1,0.0
2020-04-11,kyrgyzstan,,41.20438,74.766098,339,5,44.0,41,0,9.0
2020-04-12,kyrgyzstan,,41.20438,74.766098,377,5,54.0,38,0,10.0
2020-04-13,kyrgyzstan,,41.20438,74.766098,419,5,67.0,42,0,13.0
2020-04-14,kyrgyzstan,,41.20438,74.766098,430,5,71.0,11,0,4.0
2020-04-15,kyrgyzstan,,41.20438,74.766098,449,5,78.0,19,0,7.0
2020-04-16,kyrgyzstan,,41.20438,74.766098,466,5,91.0,17,0,13.0
2020-04-17,kyrgyzstan,,41.20438,74.766098,489,5,114.0,23,0,23.0
2020-04-18,kyrgyzstan,,41.20438,74.766098,506,5,130.0,17,0,16.0
2020-04-19,kyrgyzstan,,41.20438,74.766098,554,5,133.0,48,0,3.0
2020-04-20,kyrgyzstan,,41.20438,74.766098,568,7,201.0,14,2,68.0
2020-04-21,kyrgyzstan,,41.20438,74.766098,590,7,216.0,22,0,15.0
2020-04-22,kyrgyzstan,,41.20438,74.766098,612,7,254.0,22,0,38.0
2020-04-23,kyrgyzstan,,41.20438,74.766098,631,8,302.0,19,1,48.0
2020-04-24,kyrgyzstan,,41.20438,74.766098,665,8,345.0,34,0,43.0
2020-04-25,kyrgyzstan,,41.20438,74.766098,665,8,345.0,0,0,0.0
2020-04-26,kyrgyzstan,,41.20438,74.766098,682,8,370.0,17,0,25.0
2020-04-27,kyrgyzstan,,41.20438,74.766098,695,8,395.0,13,0,25.0
2020-04-28,kyrgyzstan,,41.20438,74.766098,708,8,416.0,13,0,21.0
2020-04-29,kyrgyzstan,,41.20438,74.766098,729,8,437.0,21,0,21.0
2020-04-30,kyrgyzstan,,41.20438,74.766098,746,8,462.0,17,0,25.0
2020-05-01,kyrgyzstan,,41.20438,74.766098,756,8,504.0,10,0,42.0
2020-05-02,kyrgyzstan,,41.20438,74.766098,769,8,527.0,13,0,23.0
2020-05-03,kyrgyzstan,,41.20438,74.766098,795,10,564.0,26,2,37.0
2020-05-04,kyrgyzstan,,41.20438,74.766098,830,10,575.0,35,0,11.0
2020-05-05,kyrgyzstan,,41.20438,74.766098,843,11,600.0,13,1,25.0
2020-05-06,kyrgyzstan,,41.20438,74.766098,871,12,614.0,28,1,14.0
2020-05-07,kyrgyzstan,,41.20438,74.766098,895,12,637.0,24,0,23.0
2020-05-08,kyrgyzstan,,41.20438,74.766098,906,12,650.0,11,0,13.0
2020-05-09,kyrgyzstan,,41.20438,74.766098,931,12,658.0,25,0,8.0
2020-05-10,kyrgyzstan,,41.20438,74.766098,1002,12,675.0,71,0,17.0
2020-05-11,kyrgyzstan,,41.20438,74.766098,1016,12,688.0,14,0,13.0
2020-05-12,kyrgyzstan,,41.20438,74.766098,1037,12,709.0,21,0,21.0
2020-05-13,kyrgyzstan,,41.20438,74.766098,1044,12,726.0,7,0,17.0
2020-05-14,kyrgyzstan,,41.20438,74.766098,1082,12,735.0,38,0,9.0
2020-05-15,kyrgyzstan,,41.20438,74.766098,1111,14,745.0,29,2,10.0
2020-05-16,kyrgyzstan,,41.20438,74.766098,1117,14,783.0,6,0,38.0
2020-05-17,kyrgyzstan,,41.20438,74.766098,1138,14,804.0,21,0,21.0
2020-05-18,kyrgyzstan,,41.20438,74.766098,1216,14,827.0,78,0,23.0
2020-05-19,kyrgyzstan,,41.20438,74.766098,1243,14,898.0,27,0,71.0
2020-05-20,kyrgyzstan,,41.20438,74.766098,1270,14,910.0,27,0,12.0
2020-05-21,kyrgyzstan,,41.20438,74.766098,1313,14,923.0,43,0,13.0
2020-05-22,kyrgyzstan,,41.20438,74.766098,1350,14,939.0,37,0,16.0
2020-05-23,kyrgyzstan,,41.20438,74.766098,1365,14,957.0,15,0,18.0
2020-05-24,kyrgyzstan,,41.20438,74.766098,1403,14,980.0,38,0,23.0
2020-05-25,kyrgyzstan,,41.20438,74.766098,1433,16,992.0,30,2,12.0
2020-05-26,kyrgyzstan,,41.20438,74.766098,1468,16,1015.0,35,0,23.0
2020-05-27,kyrgyzstan,,41.20438,74.766098,1520,16,1043.0,52,0,28.0
2020-05-28,kyrgyzstan,,41.20438,74.766098,1594,16,1066.0,74,0,23.0
2020-05-29,kyrgyzstan,,41.20438,74.766098,1662,16,1088.0,68,0,22.0
2020-05-30,kyrgyzstan,,41.20438,74.766098,1722,16,1113.0,60,0,25.0
2020-05-31,kyrgyzstan,,41.20438,74.766098,1748,16,1170.0,26,0,57.0
2020-06-01,kyrgyzstan,,41.20438,74.766098,1817,16,1181.0,69,0,11.0
2020-06-02,kyrgyzstan,,41.20438,74.766098,1845,17,1219.0,28,1,38.0
2020-06-03,kyrgyzstan,,41.20438,74.766098,1871,20,1265.0,26,3,46.0
2020-06-04,kyrgyzstan,,41.20438,74.766098,1899,20,1292.0,28,0,27.0
2020-06-05,kyrgyzstan,,41.20438,74.766098,1936,22,1340.0,37,2,48.0
2020-06-06,kyrgyzstan,,41.20438,74.766098,1974,22,1360.0,38,0,20.0
2020-06-07,kyrgyzstan,,41.20438,74.766098,2007,22,1425.0,33,0,65.0
2020-06-08,kyrgyzstan,,41.20438,74.766098,2032,23,1445.0,25,1,20.0
2020-06-09,kyrgyzstan,,41.20438,74.766098,2055,24,1483.0,23,1,38.0
2020-06-10,kyrgyzstan,,41.20438,74.766098,2093,26,1572.0,38,2,89.0
2020-06-11,kyrgyzstan,,41.20438,74.766098,2166,26,1668.0,73,0,96.0
2020-06-12,kyrgyzstan,,41.20438,74.766098,2166,26,1668.0,0,0,0.0
2020-06-13,kyrgyzstan,,41.20438,74.766098,2207,27,1722.0,41,1,54.0
2020-06-14,kyrgyzstan,,41.20438,74.766098,2285,27,1791.0,78,0,69.0
2020-06-15,kyrgyzstan,,41.20438,74.766098,2472,28,1847.0,187,1,56.0
2020-06-16,kyrgyzstan,,41.20438,74.766098,2562,30,1902.0,90,2,55.0
2020-06-17,kyrgyzstan,,41.20438,74.766098,2657,31,1933.0,95,1,31.0
2020-06-18,kyrgyzstan,,41.20438,74.766098,2657,31,1933.0,0,0,0.0
2020-06-19,kyrgyzstan,,41.20438,74.766098,2789,32,1961.0,132,1,28.0
2020-06-20,kyrgyzstan,,41.20438,74.766098,2981,35,1981.0,192,3,20.0
2020-06-21,kyrgyzstan,,41.20438,74.766098,3356,40,2021.0,375,5,40.0
2020-06-22,kyrgyzstan,,41.20438,74.766098,3356,40,2021.0,0,0,0.0
2020-06-23,kyrgyzstan,,41.20438,74.766098,3726,42,2082.0,370,2,61.0
2020-06-24,kyrgyzstan,,41.20438,74.766098,3954,43,2112.0,228,1,30.0
2020-06-25,kyrgyzstan,,41.20438,74.766098,4204,43,2162.0,250,0,50.0
2020-06-26,kyrgyzstan,,41.20438,74.766098,4446,46,2194.0,242,3,32.0
2020-06-27,kyrgyzstan,,41.20438,74.766098,4513,46,2212.0,67,0,18.0
2020-06-28,kyrgyzstan,,41.20438,74.766098,5017,50,2294.0,504,4,82.0
2020-06-29,kyrgyzstan,,41.20438,74.766098,5296,57,2370.0,279,7,76.0
2020-06-30,kyrgyzstan,,41.20438,74.766098,5506,61,2443.0,210,4,73.0
2020-07-01,kyrgyzstan,,41.20438,74.766098,6261,66,2530.0,755,5,87.0
2020-07-02,kyrgyzstan,,41.20438,74.766098,6767,76,2655.0,506,10,125.0
2020-07-03,kyrgyzstan,,41.20438,74.766098,6878,76,2671.0,111,0,16.0
2020-07-04,kyrgyzstan,,41.20438,74.766098,7094,78,2714.0,216,2,43.0
2020-07-05,kyrgyzstan,,41.20438,74.766098,7377,88,2802.0,283,10,88.0
2020-07-06,kyrgyzstan,,41.20438,74.766098,8141,99,2916.0,764,11,114.0
2020-07-07,kyrgyzstan,,41.20438,74.766098,8279,107,2967.0,138,8,51.0
2020-07-08,kyrgyzstan,,41.20438,74.766098,8847,116,3053.0,568,9,86.0
2020-07-09,kyrgyzstan,,41.20438,74.766098,9358,122,3134.0,511,6,81.0
2020-07-10,kyrgyzstan,,41.20438,74.766098,9910,125,3236.0,552,3,102.0
2020-07-11,kyrgyzstan,,41.20438,74.766098,10410,129,3253.0,500,4,17.0
2020-07-12,kyrgyzstan,,41.20438,74.766098,11117,147,3460.0,707,18,207.0
2020-07-13,kyrgyzstan,,41.20438,74.766098,11444,149,3538.0,327,2,78.0
2020-07-14,kyrgyzstan,,41.20438,74.766098,11444,149,3538.0,0,0,0.0
2020-07-15,kyrgyzstan,,41.20438,74.766098,12282,165,3712.0,838,16,174.0
2020-07-16,kyrgyzstan,,41.20438,74.766098,12498,167,3735.0,216,2,23.0
2020-07-17,kyrgyzstan,,41.20438,74.766098,13101,173,3821.0,603,6,86.0
2020-07-18,kyrgyzstan,,41.20438,74.766098,24606,900,10704.0,11505,727,6883.0
2020-07-19,kyrgyzstan,,41.20438,74.766098,27143,1037,13109.0,2537,137,2405.0
2020-07-20,kyrgyzstan,,41.20438,74.766098,27143,1037,13109.0,0,0,0.0
2020-07-21,kyrgyzstan,,41.20438,74.766098,28251,1079,14776.0,1108,42,1667.0
2020-07-22,kyrgyzstan,,41.20438,74.766098,28980,1111,15536.0,729,32,760.0
2020-07-23,kyrgyzstan,,41.20438,74.766098,31247,1211,18038.0,2267,100,2502.0
2020-07-24,kyrgyzstan,,41.20438,74.766098,31247,1211,18038.0,0,0,0.0
2020-07-25,kyrgyzstan,,41.20438,74.766098,32124,1249,19203.0,877,38,1165.0
2020-07-26,kyrgyzstan,,41.20438,74.766098,32813,1277,20388.0,689,28,1185.0
2020-07-27,kyrgyzstan,,41.20438,74.766098,33296,1301,21205.0,483,24,817.0
2020-07-28,kyrgyzstan,,41.20438,74.766098,33844,1329,22296.0,548,28,1091.0
2020-07-29,kyrgyzstan,,41.20438,74.766098,34592,1347,22296.0,748,18,0.0
2020-07-30,kyrgyzstan,,41.20438,74.766098,35223,1364,23985.0,631,17,1689.0
2020-07-31,kyrgyzstan,,41.20438,74.766098,35805,1378,25037.0,582,14,1052.0
