date,country,state,lat,long,confirmed,deaths,recovered,confirmed_new,deaths_new,recovered_new
2020-01-22,lebanon,,33.8547,35.8623,0,0,0.0,0,0,0.0
2020-01-23,lebanon,,33.8547,35.8623,0,0,0.0,0,0,0.0
2020-01-24,lebanon,,33.8547,35.8623,0,0,0.0,0,0,0.0
2020-01-25,lebanon,,33.8547,35.8623,0,0,0.0,0,0,0.0
2020-01-26,lebanon,,33.8547,35.8623,0,0,0.0,0,0,0.0
2020-01-27,lebanon,,33.8547,35.8623,0,0,0.0,0,0,0.0
2020-01-28,lebanon,,33.8547,35.8623,0,0,0.0,0,0,0.0
2020-01-29,lebanon,,33.8547,35.8623,0,0,0.0,0,0,0.0
2020-01-30,lebanon,,33.8547,35.8623,0,0,0.0,0,0,0.0
2020-01-31,lebanon,,33.8547,35.8623,0,0,0.0,0,0,0.0
2020-02-01,lebanon,,33.8547,35.8623,0,0,0.0,0,0,0.0
2020-02-02,lebanon,,33.8547,35.8623,0,0,0.0,0,0,0.0
2020-02-03,lebanon,,33.8547,35.8623,0,0,0.0,0,0,0.0
2020-02-04,lebanon,,33.8547,35.8623,0,0,0.0,0,0,0.0
2020-02-05,lebanon,,33.8547,35.8623,0,0,0.0,0,0,0.0
2020-02-06,lebanon,,33.8547,35.8623,0,0,0.0,0,0,0.0
2020-02-07,lebanon,,33.8547,35.8623,0,0,0.0,0,0,0.0
2020-02-08,lebanon,,33.8547,35.8623,0,0,0.0,0,0,0.0
2020-02-09,lebanon,,33.8547,35.8623,0,0,0.0,0,0,0.0
2020-02-10,lebanon,,33.8547,35.8623,0,0,0.0,0,0,0.0
2020-02-11,lebanon,,33.8547,35.8623,0,0,0.0,0,0,0.0
2020-02-12,lebanon,,33.8547,35.8623,0,0,0.0,0,0,0.0
2020-02-13,lebanon,,33.8547,35.8623,0,0,0.0,0,0,0.0
2020-02-14,lebanon,,33.8547,35.8623,0,0,0.0,0,0,0.0
2020-02-15,lebanon,,33.8547,35.8623,0,0,0.0,0,0,0.0
2020-02-16,lebanon,,33.8547,35.8623,0,0,0.0,0,0,0.0
2020-02-17,lebanon,,33.8547,35.8623,0,0,0.0,0,0,0.0
2020-02-18,lebanon,,33.8547,35.8623,0,0,0.0,0,0,0.0
2020-02-19,lebanon,,33.8547,35.8623,0,0,0.0,0,0,0.0
2020-02-20,lebanon,,33.8547,35.8623,0,0,0.0,0,0,0.0
2020-02-21,lebanon,,33.8547,35.8623,1,0,0.0,1,0,0.0
2020-02-22,lebanon,,33.8547,35.8623,1,0,0.0,0,0,0.0
2020-02-23,lebanon,,33.8547,35.8623,1,0,0.0,0,0,0.0
2020-02-24,lebanon,,33.8547,35.8623,1,0,0.0,0,0,0.0
2020-02-25,lebanon,,33.8547,35.8623,1,0,0.0,0,0,0.0
2020-02-26,lebanon,,33.8547,35.8623,2,0,0.0,1,0,0.0
2020-02-27,lebanon,,33.8547,35.8623,2,0,0.0,0,0,0.0
2020-02-28,lebanon,,33.8547,35.8623,2,0,0.0,0,0,0.0
2020-02-29,lebanon,,33.8547,35.8623,4,0,0.0,2,0,0.0
2020-03-01,lebanon,,33.8547,35.8623,10,0,0.0,6,0,0.0
2020-03-02,lebanon,,33.8547,35.8623,13,0,0.0,3,0,0.0
2020-03-03,lebanon,,33.8547,35.8623,13,0,0.0,0,0,0.0
2020-03-04,lebanon,,33.8547,35.8623,13,0,1.0,0,0,1.0
2020-03-05,lebanon,,33.8547,35.8623,16,0,1.0,3,0,0.0
2020-03-06,lebanon,,33.8547,35.8623,22,0,1.0,6,0,0.0
2020-03-07,lebanon,,33.8547,35.8623,22,0,1.0,0,0,0.0
2020-03-08,lebanon,,33.8547,35.8623,32,0,1.0,10,0,0.0
2020-03-09,lebanon,,33.8547,35.8623,32,0,1.0,0,0,0.0
2020-03-10,lebanon,,33.8547,35.8623,41,1,1.0,9,1,0.0
2020-03-11,lebanon,,33.8547,35.8623,61,3,1.0,20,2,0.0
2020-03-12,lebanon,,33.8547,35.8623,61,3,1.0,0,0,0.0
2020-03-13,lebanon,,33.8547,35.8623,77,3,1.0,16,0,0.0
2020-03-14,lebanon,,33.8547,35.8623,93,3,1.0,16,0,0.0
2020-03-15,lebanon,,33.8547,35.8623,110,3,1.0,17,0,0.0
2020-03-16,lebanon,,33.8547,35.8623,110,3,1.0,0,0,0.0
2020-03-17,lebanon,,33.8547,35.8623,120,3,3.0,10,0,2.0
2020-03-18,lebanon,,33.8547,35.8623,133,3,3.0,13,0,0.0
2020-03-19,lebanon,,33.8547,35.8623,157,4,4.0,24,1,1.0
2020-03-20,lebanon,,33.8547,35.8623,163,4,4.0,6,0,0.0
2020-03-21,lebanon,,33.8547,35.8623,187,4,4.0,24,0,0.0
2020-03-22,lebanon,,33.8547,35.8623,248,4,8.0,61,0,4.0
2020-03-23,lebanon,,33.8547,35.8623,267,4,8.0,19,0,0.0
2020-03-24,lebanon,,33.8547,35.8623,318,4,8.0,51,0,0.0
2020-03-25,lebanon,,33.8547,35.8623,333,6,20.0,15,2,12.0
2020-03-26,lebanon,,33.8547,35.8623,368,6,23.0,35,0,3.0
2020-03-27,lebanon,,33.8547,35.8623,391,8,27.0,23,2,4.0
2020-03-28,lebanon,,33.8547,35.8623,412,8,30.0,21,0,3.0
2020-03-29,lebanon,,33.8547,35.8623,438,10,30.0,26,2,0.0
2020-03-30,lebanon,,33.8547,35.8623,446,11,35.0,8,1,5.0
2020-03-31,lebanon,,33.8547,35.8623,470,12,37.0,24,1,2.0
2020-04-01,lebanon,,33.8547,35.8623,479,14,43.0,9,2,6.0
2020-04-02,lebanon,,33.8547,35.8623,494,16,46.0,15,2,3.0
2020-04-03,lebanon,,33.8547,35.8623,508,17,50.0,14,1,4.0
2020-04-04,lebanon,,33.8547,35.8623,520,17,54.0,12,0,4.0
2020-04-05,lebanon,,33.8547,35.8623,527,18,54.0,7,1,0.0
2020-04-06,lebanon,,33.8547,35.8623,541,19,60.0,14,1,6.0
2020-04-07,lebanon,,33.8547,35.8623,548,19,62.0,7,0,2.0
2020-04-08,lebanon,,33.8547,35.8623,576,19,62.0,28,0,0.0
2020-04-09,lebanon,,33.8547,35.8623,582,19,67.0,6,0,5.0
2020-04-10,lebanon,,33.8547,35.8623,609,20,76.0,27,1,9.0
2020-04-11,lebanon,,33.8547,35.8623,619,20,77.0,10,0,1.0
2020-04-12,lebanon,,33.8547,35.8623,630,20,80.0,11,0,3.0
2020-04-13,lebanon,,33.8547,35.8623,632,20,80.0,2,0,0.0
2020-04-14,lebanon,,33.8547,35.8623,641,21,80.0,9,1,0.0
2020-04-15,lebanon,,33.8547,35.8623,658,21,85.0,17,0,5.0
2020-04-16,lebanon,,33.8547,35.8623,663,21,86.0,5,0,1.0
2020-04-17,lebanon,,33.8547,35.8623,668,21,86.0,5,0,0.0
2020-04-18,lebanon,,33.8547,35.8623,672,21,99.0,4,0,13.0
2020-04-19,lebanon,,33.8547,35.8623,673,21,102.0,1,0,3.0
2020-04-20,lebanon,,33.8547,35.8623,677,21,103.0,4,0,1.0
2020-04-21,lebanon,,33.8547,35.8623,677,21,108.0,0,0,5.0
2020-04-22,lebanon,,33.8547,35.8623,682,22,113.0,5,1,5.0
2020-04-23,lebanon,,33.8547,35.8623,688,22,140.0,6,0,27.0
2020-04-24,lebanon,,33.8547,35.8623,696,22,140.0,8,0,0.0
2020-04-25,lebanon,,33.8547,35.8623,704,24,143.0,8,2,3.0
2020-04-26,lebanon,,33.8547,35.8623,707,24,145.0,3,0,2.0
2020-04-27,lebanon,,33.8547,35.8623,710,24,145.0,3,0,0.0
2020-04-28,lebanon,,33.8547,35.8623,717,24,145.0,7,0,0.0
2020-04-29,lebanon,,33.8547,35.8623,721,24,150.0,4,0,5.0
2020-04-30,lebanon,,33.8547,35.8623,725,24,150.0,4,0,0.0
2020-05-01,lebanon,,33.8547,35.8623,729,24,192.0,4,0,42.0
2020-05-02,lebanon,,33.8547,35.8623,733,25,197.0,4,1,5.0
2020-05-03,lebanon,,33.8547,35.8623,737,25,200.0,4,0,3.0
2020-05-04,lebanon,,33.8547,35.8623,740,25,200.0,3,0,0.0
2020-05-05,lebanon,,33.8547,35.8623,741,25,206.0,1,0,6.0
2020-05-06,lebanon,,33.8547,35.8623,750,25,206.0,9,0,0.0
2020-05-07,lebanon,,33.8547,35.8623,784,25,220.0,34,0,14.0
2020-05-08,lebanon,,33.8547,35.8623,796,26,223.0,12,1,3.0
2020-05-09,lebanon,,33.8547,35.8623,809,26,234.0,13,0,11.0
2020-05-10,lebanon,,33.8547,35.8623,845,26,234.0,36,0,0.0
2020-05-11,lebanon,,33.8547,35.8623,859,26,234.0,14,0,0.0
2020-05-12,lebanon,,33.8547,35.8623,870,26,234.0,11,0,0.0
2020-05-13,lebanon,,33.8547,35.8623,878,26,236.0,8,0,2.0
2020-05-14,lebanon,,33.8547,35.8623,886,26,236.0,8,0,0.0
2020-05-15,lebanon,,33.8547,35.8623,891,26,246.0,5,0,10.0
2020-05-16,lebanon,,33.8547,35.8623,902,26,247.0,11,0,1.0
2020-05-17,lebanon,,33.8547,35.8623,911,26,247.0,9,0,0.0
2020-05-18,lebanon,,33.8547,35.8623,931,26,251.0,20,0,4.0
2020-05-19,lebanon,,33.8547,35.8623,954,26,251.0,23,0,0.0
2020-05-20,lebanon,,33.8547,35.8623,961,26,251.0,7,0,0.0
2020-05-21,lebanon,,33.8547,35.8623,1024,26,663.0,63,0,412.0
2020-05-22,lebanon,,33.8547,35.8623,1086,26,663.0,62,0,0.0
2020-05-23,lebanon,,33.8547,35.8623,1097,26,667.0,11,0,4.0
2020-05-24,lebanon,,33.8547,35.8623,1114,26,688.0,17,0,21.0
2020-05-25,lebanon,,33.8547,35.8623,1119,26,688.0,5,0,0.0
2020-05-26,lebanon,,33.8547,35.8623,1140,26,689.0,21,0,1.0
2020-05-27,lebanon,,33.8547,35.8623,1161,26,692.0,21,0,3.0
2020-05-28,lebanon,,33.8547,35.8623,1168,26,699.0,7,0,7.0
2020-05-29,lebanon,,33.8547,35.8623,1172,26,705.0,4,0,6.0
2020-05-30,lebanon,,33.8547,35.8623,1191,26,708.0,19,0,3.0
2020-05-31,lebanon,,33.8547,35.8623,1220,27,712.0,29,1,4.0
2020-06-01,lebanon,,33.8547,35.8623,1233,27,715.0,13,0,3.0
2020-06-02,lebanon,,33.8547,35.8623,1242,27,719.0,9,0,4.0
2020-06-03,lebanon,,33.8547,35.8623,1256,27,724.0,14,0,5.0
2020-06-04,lebanon,,33.8547,35.8623,1306,28,731.0,50,1,7.0
2020-06-05,lebanon,,33.8547,35.8623,1312,28,768.0,6,0,37.0
2020-06-06,lebanon,,33.8547,35.8623,1320,29,768.0,8,1,0.0
2020-06-07,lebanon,,33.8547,35.8623,1331,30,768.0,11,1,0.0
2020-06-08,lebanon,,33.8547,35.8623,1350,30,779.0,19,0,11.0
2020-06-09,lebanon,,33.8547,35.8623,1368,30,795.0,18,0,16.0
2020-06-10,lebanon,,33.8547,35.8623,1388,30,832.0,20,0,37.0
2020-06-11,lebanon,,33.8547,35.8623,1402,31,845.0,14,1,13.0
2020-06-12,lebanon,,33.8547,35.8623,1422,31,853.0,20,0,8.0
2020-06-13,lebanon,,33.8547,35.8623,1442,32,868.0,20,1,15.0
2020-06-14,lebanon,,33.8547,35.8623,1446,32,868.0,4,0,0.0
2020-06-15,lebanon,,33.8547,35.8623,1464,32,875.0,18,0,7.0
2020-06-16,lebanon,,33.8547,35.8623,1473,32,889.0,9,0,14.0
2020-06-17,lebanon,,33.8547,35.8623,1489,32,907.0,16,0,18.0
2020-06-18,lebanon,,33.8547,35.8623,1495,32,944.0,6,0,37.0
2020-06-19,lebanon,,33.8547,35.8623,1510,32,960.0,15,0,16.0
2020-06-20,lebanon,,33.8547,35.8623,1536,32,1006.0,26,0,46.0
2020-06-21,lebanon,,33.8547,35.8623,1587,32,1068.0,51,0,62.0
2020-06-22,lebanon,,33.8547,35.8623,1603,32,1077.0,16,0,9.0
2020-06-23,lebanon,,33.8547,35.8623,1622,32,1098.0,19,0,21.0
2020-06-24,lebanon,,33.8547,35.8623,1644,33,1103.0,22,1,5.0
2020-06-25,lebanon,,33.8547,35.8623,1662,33,1144.0,18,0,41.0
2020-06-26,lebanon,,33.8547,35.8623,1697,33,1144.0,35,0,0.0
2020-06-27,lebanon,,33.8547,35.8623,1719,33,1153.0,22,0,9.0
2020-06-28,lebanon,,33.8547,35.8623,1740,34,1153.0,21,1,0.0
2020-06-29,lebanon,,33.8547,35.8623,1745,34,1170.0,5,0,17.0
2020-06-30,lebanon,,33.8547,35.8623,1778,34,1183.0,33,0,13.0
2020-07-01,lebanon,,33.8547,35.8623,1788,34,1223.0,10,0,40.0
2020-07-02,lebanon,,33.8547,35.8623,1796,35,1242.0,8,1,19.0
2020-07-03,lebanon,,33.8547,35.8623,1830,35,1292.0,34,0,50.0
2020-07-04,lebanon,,33.8547,35.8623,1855,35,1304.0,25,0,12.0
2020-07-05,lebanon,,33.8547,35.8623,1873,36,1311.0,18,1,7.0
2020-07-06,lebanon,,33.8547,35.8623,1885,36,1311.0,12,0,0.0
2020-07-07,lebanon,,33.8547,35.8623,1907,36,1348.0,22,0,37.0
2020-07-08,lebanon,,33.8547,35.8623,1946,36,1368.0,39,0,20.0
2020-07-09,lebanon,,33.8547,35.8623,2011,36,1368.0,65,0,0.0
2020-07-10,lebanon,,33.8547,35.8623,2082,36,1402.0,71,0,34.0
2020-07-11,lebanon,,33.8547,35.8623,2168,36,1402.0,86,0,0.0
2020-07-12,lebanon,,33.8547,35.8623,2334,36,1420.0,166,0,18.0
2020-07-13,lebanon,,33.8547,35.8623,2419,36,1423.0,85,0,3.0
2020-07-14,lebanon,,33.8547,35.8623,2451,37,1452.0,32,1,29.0
2020-07-15,lebanon,,33.8547,35.8623,2542,38,1455.0,91,1,3.0
2020-07-16,lebanon,,33.8547,35.8623,2599,40,1485.0,57,2,30.0
2020-07-17,lebanon,,33.8547,35.8623,2700,40,1485.0,101,0,0.0
2020-07-18,lebanon,,33.8547,35.8623,2775,40,1485.0,75,0,0.0
2020-07-19,lebanon,,33.8547,35.8623,2859,40,1515.0,84,0,30.0
2020-07-20,lebanon,,33.8547,35.8623,2905,41,1562.0,46,1,47.0
2020-07-21,lebanon,,33.8547,35.8623,2980,41,1577.0,75,0,15.0
2020-07-22,lebanon,,33.8547,35.8623,3104,43,1607.0,124,2,30.0
2020-07-23,lebanon,,33.8547,35.8623,3260,43,1619.0,156,0,12.0
2020-07-24,lebanon,,33.8547,35.8623,3407,46,1666.0,147,3,47.0
2020-07-25,lebanon,,33.8547,35.8623,3582,47,1671.0,175,1,5.0
2020-07-26,lebanon,,33.8547,35.8623,3750,51,1692.0,168,4,21.0
2020-07-27,lebanon,,33.8547,35.8623,3882,51,1709.0,132,0,17.0
2020-07-28,lebanon,,33.8547,35.8623,4023,54,1710.0,141,3,1.0
2020-07-29,lebanon,,33.8547,35.8623,4205,55,1753.0,182,1,43.0
2020-07-30,lebanon,,33.8547,35.8623,4334,57,1753.0,129,2,0.0
2020-07-31,lebanon,,33.8547,35.8623,4555,61,1761.0,221,4,8.0
