date,country,state,lat,long,confirmed,deaths,recovered,confirmed_new,deaths_new,recovered_new
2020-01-22,liberia,,6.4280550000000005,-9.429499,0,0,0.0,0,0,0.0
2020-01-23,liberia,,6.4280550000000005,-9.429499,0,0,0.0,0,0,0.0
2020-01-24,liberia,,6.4280550000000005,-9.429499,0,0,0.0,0,0,0.0
2020-01-25,liberia,,6.4280550000000005,-9.429499,0,0,0.0,0,0,0.0
2020-01-26,liberia,,6.4280550000000005,-9.429499,0,0,0.0,0,0,0.0
2020-01-27,liberia,,6.4280550000000005,-9.429499,0,0,0.0,0,0,0.0
2020-01-28,liberia,,6.4280550000000005,-9.429499,0,0,0.0,0,0,0.0
2020-01-29,liberia,,6.4280550000000005,-9.429499,0,0,0.0,0,0,0.0
2020-01-30,liberia,,6.4280550000000005,-9.429499,0,0,0.0,0,0,0.0
2020-01-31,liberia,,6.4280550000000005,-9.429499,0,0,0.0,0,0,0.0
2020-02-01,liberia,,6.4280550000000005,-9.429499,0,0,0.0,0,0,0.0
2020-02-02,liberia,,6.4280550000000005,-9.429499,0,0,0.0,0,0,0.0
2020-02-03,liberia,,6.4280550000000005,-9.429499,0,0,0.0,0,0,0.0
2020-02-04,liberia,,6.4280550000000005,-9.429499,0,0,0.0,0,0,0.0
2020-02-05,liberia,,6.4280550000000005,-9.429499,0,0,0.0,0,0,0.0
2020-02-06,liberia,,6.4280550000000005,-9.429499,0,0,0.0,0,0,0.0
2020-02-07,liberia,,6.4280550000000005,-9.429499,0,0,0.0,0,0,0.0
2020-02-08,liberia,,6.4280550000000005,-9.429499,0,0,0.0,0,0,0.0
2020-02-09,liberia,,6.4280550000000005,-9.429499,0,0,0.0,0,0,0.0
2020-02-10,liberia,,6.4280550000000005,-9.429499,0,0,0.0,0,0,0.0
2020-02-11,liberia,,6.4280550000000005,-9.429499,0,0,0.0,0,0,0.0
2020-02-12,liberia,,6.4280550000000005,-9.429499,0,0,0.0,0,0,0.0
2020-02-13,liberia,,6.4280550000000005,-9.429499,0,0,0.0,0,0,0.0
2020-02-14,liberia,,6.4280550000000005,-9.429499,0,0,0.0,0,0,0.0
2020-02-15,liberia,,6.4280550000000005,-9.429499,0,0,0.0,0,0,0.0
2020-02-16,liberia,,6.4280550000000005,-9.429499,0,0,0.0,0,0,0.0
2020-02-17,liberia,,6.4280550000000005,-9.429499,0,0,0.0,0,0,0.0
2020-02-18,liberia,,6.4280550000000005,-9.429499,0,0,0.0,0,0,0.0
2020-02-19,liberia,,6.4280550000000005,-9.429499,0,0,0.0,0,0,0.0
2020-02-20,liberia,,6.4280550000000005,-9.429499,0,0,0.0,0,0,0.0
2020-02-21,liberia,,6.4280550000000005,-9.429499,0,0,0.0,0,0,0.0
2020-02-22,liberia,,6.4280550000000005,-9.429499,0,0,0.0,0,0,0.0
2020-02-23,liberia,,6.4280550000000005,-9.429499,0,0,0.0,0,0,0.0
2020-02-24,liberia,,6.4280550000000005,-9.429499,0,0,0.0,0,0,0.0
2020-02-25,liberia,,6.4280550000000005,-9.429499,0,0,0.0,0,0,0.0
2020-02-26,liberia,,6.4280550000000005,-9.429499,0,0,0.0,0,0,0.0
2020-02-27,liberia,,6.4280550000000005,-9.429499,0,0,0.0,0,0,0.0
2020-02-28,liberia,,6.4280550000000005,-9.429499,0,0,0.0,0,0,0.0
2020-02-29,liberia,,6.4280550000000005,-9.429499,0,0,0.0,0,0,0.0
2020-03-01,liberia,,6.4280550000000005,-9.429499,0,0,0.0,0,0,0.0
2020-03-02,liberia,,6.4280550000000005,-9.429499,0,0,0.0,0,0,0.0
2020-03-03,liberia,,6.4280550000000005,-9.429499,0,0,0.0,0,0,0.0
2020-03-04,liberia,,6.4280550000000005,-9.429499,0,0,0.0,0,0,0.0
2020-03-05,liberia,,6.4280550000000005,-9.429499,0,0,0.0,0,0,0.0
2020-03-06,liberia,,6.4280550000000005,-9.429499,0,0,0.0,0,0,0.0
2020-03-07,liberia,,6.4280550000000005,-9.429499,0,0,0.0,0,0,0.0
2020-03-08,liberia,,6.4280550000000005,-9.429499,0,0,0.0,0,0,0.0
2020-03-09,liberia,,6.4280550000000005,-9.429499,0,0,0.0,0,0,0.0
2020-03-10,liberia,,6.4280550000000005,-9.429499,0,0,0.0,0,0,0.0
2020-03-11,liberia,,6.4280550000000005,-9.429499,0,0,0.0,0,0,0.0
2020-03-12,liberia,,6.4280550000000005,-9.429499,0,0,0.0,0,0,0.0
2020-03-13,liberia,,6.4280550000000005,-9.429499,0,0,0.0,0,0,0.0
2020-03-14,liberia,,6.4280550000000005,-9.429499,0,0,0.0,0,0,0.0
2020-03-15,liberia,,6.4280550000000005,-9.429499,0,0,0.0,0,0,0.0
2020-03-16,liberia,,6.4280550000000005,-9.429499,1,0,0.0,1,0,0.0
2020-03-17,liberia,,6.4280550000000005,-9.429499,1,0,0.0,0,0,0.0
2020-03-18,liberia,,6.4280550000000005,-9.429499,2,0,0.0,1,0,0.0
2020-03-19,liberia,,6.4280550000000005,-9.429499,2,0,0.0,0,0,0.0
2020-03-20,liberia,,6.4280550000000005,-9.429499,2,0,0.0,0,0,0.0
2020-03-21,liberia,,6.4280550000000005,-9.429499,3,0,0.0,1,0,0.0
2020-03-22,liberia,,6.4280550000000005,-9.429499,3,0,0.0,0,0,0.0
2020-03-23,liberia,,6.4280550000000005,-9.429499,3,0,0.0,0,0,0.0
2020-03-24,liberia,,6.4280550000000005,-9.429499,3,0,0.0,0,0,0.0
2020-03-25,liberia,,6.4280550000000005,-9.429499,3,0,0.0,0,0,0.0
2020-03-26,liberia,,6.4280550000000005,-9.429499,3,0,0.0,0,0,0.0
2020-03-27,liberia,,6.4280550000000005,-9.429499,3,0,0.0,0,0,0.0
2020-03-28,liberia,,6.4280550000000005,-9.429499,3,0,0.0,0,0,0.0
2020-03-29,liberia,,6.4280550000000005,-9.429499,3,0,0.0,0,0,0.0
2020-03-30,liberia,,6.4280550000000005,-9.429499,3,0,0.0,0,0,0.0
2020-03-31,liberia,,6.4280550000000005,-9.429499,3,0,0.0,0,0,0.0
2020-04-01,liberia,,6.4280550000000005,-9.429499,6,0,0.0,3,0,0.0
2020-04-02,liberia,,6.4280550000000005,-9.429499,6,0,0.0,0,0,0.0
2020-04-03,liberia,,6.4280550000000005,-9.429499,7,0,0.0,1,0,0.0
2020-04-04,liberia,,6.4280550000000005,-9.429499,10,1,3.0,3,1,3.0
2020-04-05,liberia,,6.4280550000000005,-9.429499,13,3,3.0,3,2,0.0
2020-04-06,liberia,,6.4280550000000005,-9.429499,14,3,3.0,1,0,0.0
2020-04-07,liberia,,6.4280550000000005,-9.429499,14,3,3.0,0,0,0.0
2020-04-08,liberia,,6.4280550000000005,-9.429499,31,4,3.0,17,1,0.0
2020-04-09,liberia,,6.4280550000000005,-9.429499,31,4,3.0,0,0,0.0
2020-04-10,liberia,,6.4280550000000005,-9.429499,37,5,3.0,6,1,0.0
2020-04-11,liberia,,6.4280550000000005,-9.429499,48,5,3.0,11,0,0.0
2020-04-12,liberia,,6.4280550000000005,-9.429499,50,5,3.0,2,0,0.0
2020-04-13,liberia,,6.4280550000000005,-9.429499,59,6,4.0,9,1,1.0
2020-04-14,liberia,,6.4280550000000005,-9.429499,59,6,4.0,0,0,0.0
2020-04-15,liberia,,6.4280550000000005,-9.429499,59,6,4.0,0,0,0.0
2020-04-16,liberia,,6.4280550000000005,-9.429499,59,6,4.0,0,0,0.0
2020-04-17,liberia,,6.4280550000000005,-9.429499,76,7,7.0,17,1,3.0
2020-04-18,liberia,,6.4280550000000005,-9.429499,76,7,7.0,0,0,0.0
2020-04-19,liberia,,6.4280550000000005,-9.429499,91,8,7.0,15,1,0.0
2020-04-20,liberia,,6.4280550000000005,-9.429499,99,8,7.0,8,0,0.0
2020-04-21,liberia,,6.4280550000000005,-9.429499,101,8,7.0,2,0,0.0
2020-04-22,liberia,,6.4280550000000005,-9.429499,101,8,20.0,0,0,13.0
2020-04-23,liberia,,6.4280550000000005,-9.429499,101,8,20.0,0,0,0.0
2020-04-24,liberia,,6.4280550000000005,-9.429499,117,8,25.0,16,0,5.0
2020-04-25,liberia,,6.4280550000000005,-9.429499,120,11,25.0,3,3,0.0
2020-04-26,liberia,,6.4280550000000005,-9.429499,124,12,25.0,4,1,0.0
2020-04-27,liberia,,6.4280550000000005,-9.429499,124,12,25.0,0,0,0.0
2020-04-28,liberia,,6.4280550000000005,-9.429499,141,16,45.0,17,4,20.0
2020-04-29,liberia,,6.4280550000000005,-9.429499,141,16,45.0,0,0,0.0
2020-04-30,liberia,,6.4280550000000005,-9.429499,141,16,45.0,0,0,0.0
2020-05-01,liberia,,6.4280550000000005,-9.429499,152,18,45.0,11,2,0.0
2020-05-02,liberia,,6.4280550000000005,-9.429499,154,18,48.0,2,0,3.0
2020-05-03,liberia,,6.4280550000000005,-9.429499,158,18,58.0,4,0,10.0
2020-05-04,liberia,,6.4280550000000005,-9.429499,166,18,58.0,8,0,0.0
2020-05-05,liberia,,6.4280550000000005,-9.429499,170,20,58.0,4,2,0.0
2020-05-06,liberia,,6.4280550000000005,-9.429499,178,20,75.0,8,0,17.0
2020-05-07,liberia,,6.4280550000000005,-9.429499,189,20,79.0,11,0,4.0
2020-05-08,liberia,,6.4280550000000005,-9.429499,199,20,79.0,10,0,0.0
2020-05-09,liberia,,6.4280550000000005,-9.429499,199,20,79.0,0,0,0.0
2020-05-10,liberia,,6.4280550000000005,-9.429499,199,20,79.0,0,0,0.0
2020-05-11,liberia,,6.4280550000000005,-9.429499,211,20,85.0,12,0,6.0
2020-05-12,liberia,,6.4280550000000005,-9.429499,211,20,85.0,0,0,0.0
2020-05-13,liberia,,6.4280550000000005,-9.429499,213,20,101.0,2,0,16.0
2020-05-14,liberia,,6.4280550000000005,-9.429499,215,20,105.0,2,0,4.0
2020-05-15,liberia,,6.4280550000000005,-9.429499,219,20,108.0,4,0,3.0
2020-05-16,liberia,,6.4280550000000005,-9.429499,223,20,116.0,4,0,8.0
2020-05-17,liberia,,6.4280550000000005,-9.429499,226,21,120.0,3,1,4.0
2020-05-18,liberia,,6.4280550000000005,-9.429499,229,22,123.0,3,1,3.0
2020-05-19,liberia,,6.4280550000000005,-9.429499,233,23,125.0,4,1,2.0
2020-05-20,liberia,,6.4280550000000005,-9.429499,238,23,128.0,5,0,3.0
2020-05-21,liberia,,6.4280550000000005,-9.429499,240,23,131.0,2,0,3.0
2020-05-22,liberia,,6.4280550000000005,-9.429499,249,24,136.0,9,1,5.0
2020-05-23,liberia,,6.4280550000000005,-9.429499,255,26,136.0,6,2,0.0
2020-05-24,liberia,,6.4280550000000005,-9.429499,265,26,139.0,10,0,3.0
2020-05-25,liberia,,6.4280550000000005,-9.429499,265,26,141.0,0,0,2.0
2020-05-26,liberia,,6.4280550000000005,-9.429499,266,26,144.0,1,0,3.0
2020-05-27,liberia,,6.4280550000000005,-9.429499,266,27,144.0,0,1,0.0
2020-05-28,liberia,,6.4280550000000005,-9.429499,269,27,144.0,3,0,0.0
2020-05-29,liberia,,6.4280550000000005,-9.429499,273,27,146.0,4,0,2.0
2020-05-30,liberia,,6.4280550000000005,-9.429499,280,27,148.0,7,0,2.0
2020-05-31,liberia,,6.4280550000000005,-9.429499,288,27,157.0,8,0,9.0
2020-06-01,liberia,,6.4280550000000005,-9.429499,296,27,159.0,8,0,2.0
2020-06-02,liberia,,6.4280550000000005,-9.429499,311,28,167.0,15,1,8.0
2020-06-03,liberia,,6.4280550000000005,-9.429499,316,28,169.0,5,0,2.0
2020-06-04,liberia,,6.4280550000000005,-9.429499,321,28,175.0,5,0,6.0
2020-06-05,liberia,,6.4280550000000005,-9.429499,334,30,176.0,13,2,1.0
2020-06-06,liberia,,6.4280550000000005,-9.429499,345,30,185.0,11,0,9.0
2020-06-07,liberia,,6.4280550000000005,-9.429499,359,30,194.0,14,0,9.0
2020-06-08,liberia,,6.4280550000000005,-9.429499,370,30,195.0,11,0,1.0
2020-06-09,liberia,,6.4280550000000005,-9.429499,383,31,199.0,13,1,4.0
2020-06-10,liberia,,6.4280550000000005,-9.429499,397,31,200.0,14,0,1.0
2020-06-11,liberia,,6.4280550000000005,-9.429499,410,31,206.0,13,0,6.0
2020-06-12,liberia,,6.4280550000000005,-9.429499,421,32,210.0,11,1,4.0
2020-06-13,liberia,,6.4280550000000005,-9.429499,446,32,214.0,25,0,4.0
2020-06-14,liberia,,6.4280550000000005,-9.429499,458,32,219.0,12,0,5.0
2020-06-15,liberia,,6.4280550000000005,-9.429499,498,33,221.0,40,1,2.0
2020-06-16,liberia,,6.4280550000000005,-9.429499,509,33,222.0,11,0,1.0
2020-06-17,liberia,,6.4280550000000005,-9.429499,516,33,240.0,7,0,18.0
2020-06-18,liberia,,6.4280550000000005,-9.429499,542,33,250.0,26,0,10.0
2020-06-19,liberia,,6.4280550000000005,-9.429499,581,33,250.0,39,0,0.0
2020-06-20,liberia,,6.4280550000000005,-9.429499,601,33,254.0,20,0,4.0
2020-06-21,liberia,,6.4280550000000005,-9.429499,626,34,254.0,25,1,0.0
2020-06-22,liberia,,6.4280550000000005,-9.429499,650,34,260.0,24,0,6.0
2020-06-23,liberia,,6.4280550000000005,-9.429499,652,34,270.0,2,0,10.0
2020-06-24,liberia,,6.4280550000000005,-9.429499,662,34,270.0,10,0,0.0
2020-06-25,liberia,,6.4280550000000005,-9.429499,681,34,278.0,19,0,8.0
2020-06-26,liberia,,6.4280550000000005,-9.429499,684,34,285.0,3,0,7.0
2020-06-27,liberia,,6.4280550000000005,-9.429499,729,34,291.0,45,0,6.0
2020-06-28,liberia,,6.4280550000000005,-9.429499,768,34,298.0,39,0,7.0
2020-06-29,liberia,,6.4280550000000005,-9.429499,770,36,312.0,2,2,14.0
2020-06-30,liberia,,6.4280550000000005,-9.429499,780,36,324.0,10,0,12.0
2020-07-01,liberia,,6.4280550000000005,-9.429499,804,37,335.0,24,1,11.0
2020-07-02,liberia,,6.4280550000000005,-9.429499,819,37,338.0,15,0,3.0
2020-07-03,liberia,,6.4280550000000005,-9.429499,833,37,346.0,14,0,8.0
2020-07-04,liberia,,6.4280550000000005,-9.429499,869,37,369.0,36,0,23.0
2020-07-05,liberia,,6.4280550000000005,-9.429499,874,37,377.0,5,0,8.0
2020-07-06,liberia,,6.4280550000000005,-9.429499,891,39,377.0,17,2,0.0
2020-07-07,liberia,,6.4280550000000005,-9.429499,917,41,394.0,26,2,17.0
2020-07-08,liberia,,6.4280550000000005,-9.429499,926,41,395.0,9,0,1.0
2020-07-09,liberia,,6.4280550000000005,-9.429499,957,42,398.0,31,1,3.0
2020-07-10,liberia,,6.4280550000000005,-9.429499,963,47,400.0,6,5,2.0
2020-07-11,liberia,,6.4280550000000005,-9.429499,998,47,420.0,35,0,20.0
2020-07-12,liberia,,6.4280550000000005,-9.429499,1010,51,423.0,12,4,3.0
2020-07-13,liberia,,6.4280550000000005,-9.429499,1024,51,439.0,14,0,16.0
2020-07-14,liberia,,6.4280550000000005,-9.429499,1024,51,439.0,0,0,0.0
2020-07-15,liberia,,6.4280550000000005,-9.429499,1056,51,447.0,32,0,8.0
2020-07-16,liberia,,6.4280550000000005,-9.429499,1070,68,486.0,14,17,39.0
2020-07-17,liberia,,6.4280550000000005,-9.429499,1085,69,496.0,15,1,10.0
2020-07-18,liberia,,6.4280550000000005,-9.429499,1088,70,519.0,3,1,23.0
2020-07-19,liberia,,6.4280550000000005,-9.429499,1091,70,534.0,3,0,15.0
2020-07-20,liberia,,6.4280550000000005,-9.429499,1107,70,547.0,16,0,13.0
2020-07-21,liberia,,6.4280550000000005,-9.429499,1108,70,575.0,1,0,28.0
2020-07-22,liberia,,6.4280550000000005,-9.429499,1114,70,592.0,6,0,17.0
2020-07-23,liberia,,6.4280550000000005,-9.429499,1117,71,613.0,3,1,21.0
2020-07-24,liberia,,6.4280550000000005,-9.429499,1135,71,621.0,18,0,8.0
2020-07-25,liberia,,6.4280550000000005,-9.429499,1155,71,631.0,20,0,10.0
2020-07-26,liberia,,6.4280550000000005,-9.429499,1162,72,641.0,7,1,10.0
2020-07-27,liberia,,6.4280550000000005,-9.429499,1167,72,646.0,5,0,5.0
2020-07-28,liberia,,6.4280550000000005,-9.429499,1177,72,646.0,10,0,0.0
2020-07-29,liberia,,6.4280550000000005,-9.429499,1179,72,664.0,2,0,18.0
2020-07-30,liberia,,6.4280550000000005,-9.429499,1181,73,667.0,2,1,3.0
2020-07-31,liberia,,6.4280550000000005,-9.429499,1186,75,670.0,5,2,3.0
