date,country,state,lat,long,confirmed,deaths,recovered,confirmed_new,deaths_new,recovered_new
2020-01-22,madagascar,,-18.766947000000002,46.869107,0,0,0.0,0,0,0.0
2020-01-23,madagascar,,-18.766947000000002,46.869107,0,0,0.0,0,0,0.0
2020-01-24,madagascar,,-18.766947000000002,46.869107,0,0,0.0,0,0,0.0
2020-01-25,madagascar,,-18.766947000000002,46.869107,0,0,0.0,0,0,0.0
2020-01-26,madagascar,,-18.766947000000002,46.869107,0,0,0.0,0,0,0.0
2020-01-27,madagascar,,-18.766947000000002,46.869107,0,0,0.0,0,0,0.0
2020-01-28,madagascar,,-18.766947000000002,46.869107,0,0,0.0,0,0,0.0
2020-01-29,madagascar,,-18.766947000000002,46.869107,0,0,0.0,0,0,0.0
2020-01-30,madagascar,,-18.766947000000002,46.869107,0,0,0.0,0,0,0.0
2020-01-31,madagascar,,-18.766947000000002,46.869107,0,0,0.0,0,0,0.0
2020-02-01,madagascar,,-18.766947000000002,46.869107,0,0,0.0,0,0,0.0
2020-02-02,madagascar,,-18.766947000000002,46.869107,0,0,0.0,0,0,0.0
2020-02-03,madagascar,,-18.766947000000002,46.869107,0,0,0.0,0,0,0.0
2020-02-04,madagascar,,-18.766947000000002,46.869107,0,0,0.0,0,0,0.0
2020-02-05,madagascar,,-18.766947000000002,46.869107,0,0,0.0,0,0,0.0
2020-02-06,madagascar,,-18.766947000000002,46.869107,0,0,0.0,0,0,0.0
2020-02-07,madagascar,,-18.766947000000002,46.869107,0,0,0.0,0,0,0.0
2020-02-08,madagascar,,-18.766947000000002,46.869107,0,0,0.0,0,0,0.0
2020-02-09,madagascar,,-18.766947000000002,46.869107,0,0,0.0,0,0,0.0
2020-02-10,madagascar,,-18.766947000000002,46.869107,0,0,0.0,0,0,0.0
2020-02-11,madagascar,,-18.766947000000002,46.869107,0,0,0.0,0,0,0.0
2020-02-12,madagascar,,-18.766947000000002,46.869107,0,0,0.0,0,0,0.0
2020-02-13,madagascar,,-18.766947000000002,46.869107,0,0,0.0,0,0,0.0
2020-02-14,madagascar,,-18.766947000000002,46.869107,0,0,0.0,0,0,0.0
2020-02-15,madagascar,,-18.766947000000002,46.869107,0,0,0.0,0,0,0.0
2020-02-16,madagascar,,-18.766947000000002,46.869107,0,0,0.0,0,0,0.0
2020-02-17,madagascar,,-18.766947000000002,46.869107,0,0,0.0,0,0,0.0
2020-02-18,madagascar,,-18.766947000000002,46.869107,0,0,0.0,0,0,0.0
2020-02-19,madagascar,,-18.766947000000002,46.869107,0,0,0.0,0,0,0.0
2020-02-20,madagascar,,-18.766947000000002,46.869107,0,0,0.0,0,0,0.0
2020-02-21,madagascar,,-18.766947000000002,46.869107,0,0,0.0,0,0,0.0
2020-02-22,madagascar,,-18.766947000000002,46.869107,0,0,0.0,0,0,0.0
2020-02-23,madagascar,,-18.766947000000002,46.869107,0,0,0.0,0,0,0.0
2020-02-24,madagascar,,-18.766947000000002,46.869107,0,0,0.0,0,0,0.0
2020-02-25,madagascar,,-18.766947000000002,46.869107,0,0,0.0,0,0,0.0
2020-02-26,madagascar,,-18.766947000000002,46.869107,0,0,0.0,0,0,0.0
2020-02-27,madagascar,,-18.766947000000002,46.869107,0,0,0.0,0,0,0.0
2020-02-28,madagascar,,-18.766947000000002,46.869107,0,0,0.0,0,0,0.0
2020-02-29,madagascar,,-18.766947000000002,46.869107,0,0,0.0,0,0,0.0
2020-03-01,madagascar,,-18.766947000000002,46.869107,0,0,0.0,0,0,0.0
2020-03-02,madagascar,,-18.766947000000002,46.869107,0,0,0.0,0,0,0.0
2020-03-03,madagascar,,-18.766947000000002,46.869107,0,0,0.0,0,0,0.0
2020-03-04,madagascar,,-18.766947000000002,46.869107,0,0,0.0,0,0,0.0
2020-03-05,madagascar,,-18.766947000000002,46.869107,0,0,0.0,0,0,0.0
2020-03-06,madagascar,,-18.766947000000002,46.869107,0,0,0.0,0,0,0.0
2020-03-07,madagascar,,-18.766947000000002,46.869107,0,0,0.0,0,0,0.0
2020-03-08,madagascar,,-18.766947000000002,46.869107,0,0,0.0,0,0,0.0
2020-03-09,madagascar,,-18.766947000000002,46.869107,0,0,0.0,0,0,0.0
2020-03-10,madagascar,,-18.766947000000002,46.869107,0,0,0.0,0,0,0.0
2020-03-11,madagascar,,-18.766947000000002,46.869107,0,0,0.0,0,0,0.0
2020-03-12,madagascar,,-18.766947000000002,46.869107,0,0,0.0,0,0,0.0
2020-03-13,madagascar,,-18.766947000000002,46.869107,0,0,0.0,0,0,0.0
2020-03-14,madagascar,,-18.766947000000002,46.869107,0,0,0.0,0,0,0.0
2020-03-15,madagascar,,-18.766947000000002,46.869107,0,0,0.0,0,0,0.0
2020-03-16,madagascar,,-18.766947000000002,46.869107,0,0,0.0,0,0,0.0
2020-03-17,madagascar,,-18.766947000000002,46.869107,0,0,0.0,0,0,0.0
2020-03-18,madagascar,,-18.766947000000002,46.869107,0,0,0.0,0,0,0.0
2020-03-19,madagascar,,-18.766947000000002,46.869107,0,0,0.0,0,0,0.0
2020-03-20,madagascar,,-18.766947000000002,46.869107,3,0,0.0,3,0,0.0
2020-03-21,madagascar,,-18.766947000000002,46.869107,3,0,0.0,0,0,0.0
2020-03-22,madagascar,,-18.766947000000002,46.869107,3,0,0.0,0,0,0.0
2020-03-23,madagascar,,-18.766947000000002,46.869107,12,0,0.0,9,0,0.0
2020-03-24,madagascar,,-18.766947000000002,46.869107,17,0,0.0,5,0,0.0
2020-03-25,madagascar,,-18.766947000000002,46.869107,19,0,0.0,2,0,0.0
2020-03-26,madagascar,,-18.766947000000002,46.869107,23,0,0.0,4,0,0.0
2020-03-27,madagascar,,-18.766947000000002,46.869107,26,0,0.0,3,0,0.0
2020-03-28,madagascar,,-18.766947000000002,46.869107,26,0,0.0,0,0,0.0
2020-03-29,madagascar,,-18.766947000000002,46.869107,39,0,0.0,13,0,0.0
2020-03-30,madagascar,,-18.766947000000002,46.869107,43,0,0.0,4,0,0.0
2020-03-31,madagascar,,-18.766947000000002,46.869107,57,0,0.0,14,0,0.0
2020-04-01,madagascar,,-18.766947000000002,46.869107,57,0,0.0,0,0,0.0
2020-04-02,madagascar,,-18.766947000000002,46.869107,59,0,0.0,2,0,0.0
2020-04-03,madagascar,,-18.766947000000002,46.869107,70,0,0.0,11,0,0.0
2020-04-04,madagascar,,-18.766947000000002,46.869107,70,0,0.0,0,0,0.0
2020-04-05,madagascar,,-18.766947000000002,46.869107,72,0,2.0,2,0,2.0
2020-04-06,madagascar,,-18.766947000000002,46.869107,82,0,2.0,10,0,0.0
2020-04-07,madagascar,,-18.766947000000002,46.869107,88,0,7.0,6,0,5.0
2020-04-08,madagascar,,-18.766947000000002,46.869107,93,0,11.0,5,0,4.0
2020-04-09,madagascar,,-18.766947000000002,46.869107,93,0,11.0,0,0,0.0
2020-04-10,madagascar,,-18.766947000000002,46.869107,93,0,11.0,0,0,0.0
2020-04-11,madagascar,,-18.766947000000002,46.869107,102,0,11.0,9,0,0.0
2020-04-12,madagascar,,-18.766947000000002,46.869107,106,0,20.0,4,0,9.0
2020-04-13,madagascar,,-18.766947000000002,46.869107,106,0,21.0,0,0,1.0
2020-04-14,madagascar,,-18.766947000000002,46.869107,108,0,23.0,2,0,2.0
2020-04-15,madagascar,,-18.766947000000002,46.869107,110,0,29.0,2,0,6.0
2020-04-16,madagascar,,-18.766947000000002,46.869107,111,0,33.0,1,0,4.0
2020-04-17,madagascar,,-18.766947000000002,46.869107,117,0,33.0,6,0,0.0
2020-04-18,madagascar,,-18.766947000000002,46.869107,120,0,35.0,3,0,2.0
2020-04-19,madagascar,,-18.766947000000002,46.869107,121,0,39.0,1,0,4.0
2020-04-20,madagascar,,-18.766947000000002,46.869107,121,0,41.0,0,0,2.0
2020-04-21,madagascar,,-18.766947000000002,46.869107,121,0,44.0,0,0,3.0
2020-04-22,madagascar,,-18.766947000000002,46.869107,121,0,52.0,0,0,8.0
2020-04-23,madagascar,,-18.766947000000002,46.869107,121,0,58.0,0,0,6.0
2020-04-24,madagascar,,-18.766947000000002,46.869107,122,0,61.0,1,0,3.0
2020-04-25,madagascar,,-18.766947000000002,46.869107,123,0,62.0,1,0,1.0
2020-04-26,madagascar,,-18.766947000000002,46.869107,124,0,71.0,1,0,9.0
2020-04-27,madagascar,,-18.766947000000002,46.869107,128,0,75.0,4,0,4.0
2020-04-28,madagascar,,-18.766947000000002,46.869107,128,0,82.0,0,0,7.0
2020-04-29,madagascar,,-18.766947000000002,46.869107,128,0,90.0,0,0,8.0
2020-04-30,madagascar,,-18.766947000000002,46.869107,128,0,92.0,0,0,2.0
2020-05-01,madagascar,,-18.766947000000002,46.869107,132,0,94.0,4,0,2.0
2020-05-02,madagascar,,-18.766947000000002,46.869107,135,0,97.0,3,0,3.0
2020-05-03,madagascar,,-18.766947000000002,46.869107,149,0,98.0,14,0,1.0
2020-05-04,madagascar,,-18.766947000000002,46.869107,149,0,99.0,0,0,1.0
2020-05-05,madagascar,,-18.766947000000002,46.869107,151,0,101.0,2,0,2.0
2020-05-06,madagascar,,-18.766947000000002,46.869107,158,0,101.0,7,0,0.0
2020-05-07,madagascar,,-18.766947000000002,46.869107,193,0,101.0,35,0,0.0
2020-05-08,madagascar,,-18.766947000000002,46.869107,193,0,101.0,0,0,0.0
2020-05-09,madagascar,,-18.766947000000002,46.869107,193,0,101.0,0,0,0.0
2020-05-10,madagascar,,-18.766947000000002,46.869107,193,0,101.0,0,0,0.0
2020-05-11,madagascar,,-18.766947000000002,46.869107,186,0,101.0,-7,0,0.0
2020-05-12,madagascar,,-18.766947000000002,46.869107,186,0,101.0,0,0,0.0
2020-05-13,madagascar,,-18.766947000000002,46.869107,212,0,107.0,26,0,6.0
2020-05-14,madagascar,,-18.766947000000002,46.869107,230,0,108.0,18,0,1.0
2020-05-15,madagascar,,-18.766947000000002,46.869107,238,0,112.0,8,0,4.0
2020-05-16,madagascar,,-18.766947000000002,46.869107,283,0,114.0,45,0,2.0
2020-05-17,madagascar,,-18.766947000000002,46.869107,304,1,114.0,21,1,0.0
2020-05-18,madagascar,,-18.766947000000002,46.869107,322,1,119.0,18,0,5.0
2020-05-19,madagascar,,-18.766947000000002,46.869107,326,2,119.0,4,1,0.0
2020-05-20,madagascar,,-18.766947000000002,46.869107,371,2,131.0,45,0,12.0
2020-05-21,madagascar,,-18.766947000000002,46.869107,405,2,131.0,34,0,0.0
2020-05-22,madagascar,,-18.766947000000002,46.869107,448,2,135.0,43,0,4.0
2020-05-23,madagascar,,-18.766947000000002,46.869107,488,2,138.0,40,0,3.0
2020-05-24,madagascar,,-18.766947000000002,46.869107,527,2,142.0,39,0,4.0
2020-05-25,madagascar,,-18.766947000000002,46.869107,542,2,147.0,15,0,5.0
2020-05-26,madagascar,,-18.766947000000002,46.869107,586,2,147.0,44,0,0.0
2020-05-27,madagascar,,-18.766947000000002,46.869107,612,2,151.0,26,0,4.0
2020-05-28,madagascar,,-18.766947000000002,46.869107,656,2,154.0,44,0,3.0
2020-05-29,madagascar,,-18.766947000000002,46.869107,698,5,164.0,42,3,10.0
2020-05-30,madagascar,,-18.766947000000002,46.869107,758,6,165.0,60,1,1.0
2020-05-31,madagascar,,-18.766947000000002,46.869107,771,6,168.0,13,0,3.0
2020-06-01,madagascar,,-18.766947000000002,46.869107,826,6,174.0,55,0,6.0
2020-06-02,madagascar,,-18.766947000000002,46.869107,845,6,185.0,19,0,11.0
2020-06-03,madagascar,,-18.766947000000002,46.869107,908,6,195.0,63,0,10.0
2020-06-04,madagascar,,-18.766947000000002,46.869107,957,7,200.0,49,1,5.0
2020-06-05,madagascar,,-18.766947000000002,46.869107,975,7,201.0,18,0,1.0
2020-06-06,madagascar,,-18.766947000000002,46.869107,1026,8,212.0,51,1,11.0
2020-06-07,madagascar,,-18.766947000000002,46.869107,1052,9,233.0,26,1,21.0
2020-06-08,madagascar,,-18.766947000000002,46.869107,1094,9,254.0,42,0,21.0
2020-06-09,madagascar,,-18.766947000000002,46.869107,1138,9,274.0,44,0,20.0
2020-06-10,madagascar,,-18.766947000000002,46.869107,1162,10,296.0,24,1,22.0
2020-06-11,madagascar,,-18.766947000000002,46.869107,1203,10,312.0,41,0,16.0
2020-06-12,madagascar,,-18.766947000000002,46.869107,1240,10,344.0,37,0,32.0
2020-06-13,madagascar,,-18.766947000000002,46.869107,1252,10,362.0,12,0,18.0
2020-06-14,madagascar,,-18.766947000000002,46.869107,1272,10,367.0,20,0,5.0
2020-06-15,madagascar,,-18.766947000000002,46.869107,1290,10,384.0,18,0,17.0
2020-06-16,madagascar,,-18.766947000000002,46.869107,1317,12,417.0,27,2,33.0
2020-06-17,madagascar,,-18.766947000000002,46.869107,1378,12,450.0,61,0,33.0
2020-06-18,madagascar,,-18.766947000000002,46.869107,1403,13,463.0,25,1,13.0
2020-06-19,madagascar,,-18.766947000000002,46.869107,1443,13,498.0,40,0,35.0
2020-06-20,madagascar,,-18.766947000000002,46.869107,1503,13,618.0,60,0,120.0
2020-06-21,madagascar,,-18.766947000000002,46.869107,1596,14,655.0,93,1,37.0
2020-06-22,madagascar,,-18.766947000000002,46.869107,1640,15,692.0,44,1,37.0
2020-06-23,madagascar,,-18.766947000000002,46.869107,1724,15,732.0,84,0,40.0
2020-06-24,madagascar,,-18.766947000000002,46.869107,1787,16,779.0,63,1,47.0
2020-06-25,madagascar,,-18.766947000000002,46.869107,1829,16,823.0,42,0,44.0
2020-06-26,madagascar,,-18.766947000000002,46.869107,1922,16,862.0,93,0,39.0
2020-06-27,madagascar,,-18.766947000000002,46.869107,2005,16,907.0,83,0,45.0
2020-06-28,madagascar,,-18.766947000000002,46.869107,2078,18,944.0,73,2,37.0
2020-06-29,madagascar,,-18.766947000000002,46.869107,2138,20,966.0,60,2,22.0
2020-06-30,madagascar,,-18.766947000000002,46.869107,2214,20,994.0,76,0,28.0
2020-07-01,madagascar,,-18.766947000000002,46.869107,2303,22,1006.0,89,2,12.0
2020-07-02,madagascar,,-18.766947000000002,46.869107,2403,24,1040.0,100,2,34.0
2020-07-03,madagascar,,-18.766947000000002,46.869107,2512,26,1057.0,109,2,17.0
2020-07-04,madagascar,,-18.766947000000002,46.869107,2728,29,1078.0,216,3,21.0
2020-07-05,madagascar,,-18.766947000000002,46.869107,2941,32,1108.0,213,3,30.0
2020-07-06,madagascar,,-18.766947000000002,46.869107,3250,33,1135.0,309,1,27.0
2020-07-07,madagascar,,-18.766947000000002,46.869107,3472,33,1187.0,222,0,52.0
2020-07-08,madagascar,,-18.766947000000002,46.869107,3573,33,1761.0,101,0,574.0
2020-07-09,madagascar,,-18.766947000000002,46.869107,3782,33,1950.0,209,0,189.0
2020-07-10,madagascar,,-18.766947000000002,46.869107,4143,34,2183.0,361,1,233.0
2020-07-11,madagascar,,-18.766947000000002,46.869107,4578,34,2287.0,435,0,104.0
2020-07-12,madagascar,,-18.766947000000002,46.869107,4867,35,2378.0,289,1,91.0
2020-07-13,madagascar,,-18.766947000000002,46.869107,5080,37,2494.0,213,2,116.0
2020-07-14,madagascar,,-18.766947000000002,46.869107,5343,39,2646.0,263,2,152.0
2020-07-15,madagascar,,-18.766947000000002,46.869107,5605,43,2811.0,262,4,165.0
2020-07-16,madagascar,,-18.766947000000002,46.869107,6089,53,2951.0,484,10,140.0
2020-07-17,madagascar,,-18.766947000000002,46.869107,6467,54,3108.0,378,1,157.0
2020-07-18,madagascar,,-18.766947000000002,46.869107,6849,55,3339.0,382,1,231.0
2020-07-19,madagascar,,-18.766947000000002,46.869107,7049,59,3498.0,200,4,159.0
2020-07-20,madagascar,,-18.766947000000002,46.869107,7153,62,3788.0,104,3,290.0
2020-07-21,madagascar,,-18.766947000000002,46.869107,7548,65,4286.0,395,3,498.0
2020-07-22,madagascar,,-18.766947000000002,46.869107,8162,69,4662.0,614,4,376.0
2020-07-23,madagascar,,-18.766947000000002,46.869107,8381,70,5160.0,219,1,498.0
2020-07-24,madagascar,,-18.766947000000002,46.869107,8741,76,5522.0,360,6,362.0
2020-07-25,madagascar,,-18.766947000000002,46.869107,8866,78,5579.0,125,2,57.0
2020-07-26,madagascar,,-18.766947000000002,46.869107,9295,85,5579.0,429,7,0.0
2020-07-27,madagascar,,-18.766947000000002,46.869107,9690,91,6260.0,395,6,681.0
2020-07-28,madagascar,,-18.766947000000002,46.869107,10104,93,6613.0,414,2,353.0
2020-07-29,madagascar,,-18.766947000000002,46.869107,10317,99,7117.0,213,6,504.0
2020-07-30,madagascar,,-18.766947000000002,46.869107,10748,105,7461.0,431,6,344.0
2020-07-31,madagascar,,-18.766947000000002,46.869107,10868,106,7807.0,120,1,346.0
