date,country,state,lat,long,confirmed,deaths,recovered,confirmed_new,deaths_new,recovered_new
2020-01-22,maldives,,3.2028,73.2207,0,0,0.0,0,0,0.0
2020-01-23,maldives,,3.2028,73.2207,0,0,0.0,0,0,0.0
2020-01-24,maldives,,3.2028,73.2207,0,0,0.0,0,0,0.0
2020-01-25,maldives,,3.2028,73.2207,0,0,0.0,0,0,0.0
2020-01-26,maldives,,3.2028,73.2207,0,0,0.0,0,0,0.0
2020-01-27,maldives,,3.2028,73.2207,0,0,0.0,0,0,0.0
2020-01-28,maldives,,3.2028,73.2207,0,0,0.0,0,0,0.0
2020-01-29,maldives,,3.2028,73.2207,0,0,0.0,0,0,0.0
2020-01-30,maldives,,3.2028,73.2207,0,0,0.0,0,0,0.0
2020-01-31,maldives,,3.2028,73.2207,0,0,0.0,0,0,0.0
2020-02-01,maldives,,3.2028,73.2207,0,0,0.0,0,0,0.0
2020-02-02,maldives,,3.2028,73.2207,0,0,0.0,0,0,0.0
2020-02-03,maldives,,3.2028,73.2207,0,0,0.0,0,0,0.0
2020-02-04,maldives,,3.2028,73.2207,0,0,0.0,0,0,0.0
2020-02-05,maldives,,3.2028,73.2207,0,0,0.0,0,0,0.0
2020-02-06,maldives,,3.2028,73.2207,0,0,0.0,0,0,0.0
2020-02-07,maldives,,3.2028,73.2207,0,0,0.0,0,0,0.0
2020-02-08,maldives,,3.2028,73.2207,0,0,0.0,0,0,0.0
2020-02-09,maldives,,3.2028,73.2207,0,0,0.0,0,0,0.0
2020-02-10,maldives,,3.2028,73.2207,0,0,0.0,0,0,0.0
2020-02-11,maldives,,3.2028,73.2207,0,0,0.0,0,0,0.0
2020-02-12,maldives,,3.2028,73.2207,0,0,0.0,0,0,0.0
2020-02-13,maldives,,3.2028,73.2207,0,0,0.0,0,0,0.0
2020-02-14,maldives,,3.2028,73.2207,0,0,0.0,0,0,0.0
2020-02-15,maldives,,3.2028,73.2207,0,0,0.0,0,0,0.0
2020-02-16,maldives,,3.2028,73.2207,0,0,0.0,0,0,0.0
2020-02-17,maldives,,3.2028,73.2207,0,0,0.0,0,0,0.0
2020-02-18,maldives,,3.2028,73.2207,0,0,0.0,0,0,0.0
2020-02-19,maldives,,3.2028,73.2207,0,0,0.0,0,0,0.0
2020-02-20,maldives,,3.2028,73.2207,0,0,0.0,0,0,0.0
2020-02-21,maldives,,3.2028,73.2207,0,0,0.0,0,0,0.0
2020-02-22,maldives,,3.2028,73.2207,0,0,0.0,0,0,0.0
2020-02-23,maldives,,3.2028,73.2207,0,0,0.0,0,0,0.0
2020-02-24,maldives,,3.2028,73.2207,0,0,0.0,0,0,0.0
2020-02-25,maldives,,3.2028,73.2207,0,0,0.0,0,0,0.0
2020-02-26,maldives,,3.2028,73.2207,0,0,0.0,0,0,0.0
2020-02-27,maldives,,3.2028,73.2207,0,0,0.0,0,0,0.0
2020-02-28,maldives,,3.2028,73.2207,0,0,0.0,0,0,0.0
2020-02-29,maldives,,3.2028,73.2207,0,0,0.0,0,0,0.0
2020-03-01,maldives,,3.2028,73.2207,0,0,0.0,0,0,0.0
2020-03-02,maldives,,3.2028,73.2207,0,0,0.0,0,0,0.0
2020-03-03,maldives,,3.2028,73.2207,0,0,0.0,0,0,0.0
2020-03-04,maldives,,3.2028,73.2207,0,0,0.0,0,0,0.0
2020-03-05,maldives,,3.2028,73.2207,0,0,0.0,0,0,0.0
2020-03-06,maldives,,3.2028,73.2207,0,0,0.0,0,0,0.0
2020-03-07,maldives,,3.2028,73.2207,0,0,0.0,0,0,0.0
2020-03-08,maldives,,3.2028,73.2207,4,0,0.0,4,0,0.0
2020-03-09,maldives,,3.2028,73.2207,4,0,0.0,0,0,0.0
2020-03-10,maldives,,3.2028,73.2207,6,0,0.0,2,0,0.0
2020-03-11,maldives,,3.2028,73.2207,8,0,0.0,2,0,0.0
2020-03-12,maldives,,3.2028,73.2207,8,0,0.0,0,0,0.0
2020-03-13,maldives,,3.2028,73.2207,9,0,0.0,1,0,0.0
2020-03-14,maldives,,3.2028,73.2207,10,0,0.0,1,0,0.0
2020-03-15,maldives,,3.2028,73.2207,13,0,0.0,3,0,0.0
2020-03-16,maldives,,3.2028,73.2207,13,0,0.0,0,0,0.0
2020-03-17,maldives,,3.2028,73.2207,13,0,0.0,0,0,0.0
2020-03-18,maldives,,3.2028,73.2207,13,0,0.0,0,0,0.0
2020-03-19,maldives,,3.2028,73.2207,13,0,0.0,0,0,0.0
2020-03-20,maldives,,3.2028,73.2207,13,0,0.0,0,0,0.0
2020-03-21,maldives,,3.2028,73.2207,13,0,0.0,0,0,0.0
2020-03-22,maldives,,3.2028,73.2207,13,0,0.0,0,0,0.0
2020-03-23,maldives,,3.2028,73.2207,13,0,0.0,0,0,0.0
2020-03-24,maldives,,3.2028,73.2207,13,0,5.0,0,0,5.0
2020-03-25,maldives,,3.2028,73.2207,13,0,8.0,0,0,3.0
2020-03-26,maldives,,3.2028,73.2207,13,0,8.0,0,0,0.0
2020-03-27,maldives,,3.2028,73.2207,16,0,9.0,3,0,1.0
2020-03-28,maldives,,3.2028,73.2207,16,0,9.0,0,0,0.0
2020-03-29,maldives,,3.2028,73.2207,17,0,13.0,1,0,4.0
2020-03-30,maldives,,3.2028,73.2207,17,0,13.0,0,0,0.0
2020-03-31,maldives,,3.2028,73.2207,18,0,13.0,1,0,0.0
2020-04-01,maldives,,3.2028,73.2207,19,0,13.0,1,0,0.0
2020-04-02,maldives,,3.2028,73.2207,19,0,13.0,0,0,0.0
2020-04-03,maldives,,3.2028,73.2207,19,0,13.0,0,0,0.0
2020-04-04,maldives,,3.2028,73.2207,19,0,13.0,0,0,0.0
2020-04-05,maldives,,3.2028,73.2207,19,0,13.0,0,0,0.0
2020-04-06,maldives,,3.2028,73.2207,19,0,13.0,0,0,0.0
2020-04-07,maldives,,3.2028,73.2207,19,0,13.0,0,0,0.0
2020-04-08,maldives,,3.2028,73.2207,19,0,13.0,0,0,0.0
2020-04-09,maldives,,3.2028,73.2207,19,0,13.0,0,0,0.0
2020-04-10,maldives,,3.2028,73.2207,19,0,13.0,0,0,0.0
2020-04-11,maldives,,3.2028,73.2207,19,0,13.0,0,0,0.0
2020-04-12,maldives,,3.2028,73.2207,20,0,14.0,1,0,1.0
2020-04-13,maldives,,3.2028,73.2207,20,0,14.0,0,0,0.0
2020-04-14,maldives,,3.2028,73.2207,20,0,16.0,0,0,2.0
2020-04-15,maldives,,3.2028,73.2207,22,0,16.0,2,0,0.0
2020-04-16,maldives,,3.2028,73.2207,25,0,16.0,3,0,0.0
2020-04-17,maldives,,3.2028,73.2207,28,0,16.0,3,0,0.0
2020-04-18,maldives,,3.2028,73.2207,35,0,16.0,7,0,0.0
2020-04-19,maldives,,3.2028,73.2207,52,0,16.0,17,0,0.0
2020-04-20,maldives,,3.2028,73.2207,69,0,16.0,17,0,0.0
2020-04-21,maldives,,3.2028,73.2207,83,0,16.0,14,0,0.0
2020-04-22,maldives,,3.2028,73.2207,86,0,16.0,3,0,0.0
2020-04-23,maldives,,3.2028,73.2207,108,0,16.0,22,0,0.0
2020-04-24,maldives,,3.2028,73.2207,129,0,16.0,21,0,0.0
2020-04-25,maldives,,3.2028,73.2207,177,0,17.0,48,0,1.0
2020-04-26,maldives,,3.2028,73.2207,214,0,17.0,37,0,0.0
2020-04-27,maldives,,3.2028,73.2207,226,0,17.0,12,0,0.0
2020-04-28,maldives,,3.2028,73.2207,250,0,17.0,24,0,0.0
2020-04-29,maldives,,3.2028,73.2207,278,1,17.0,28,1,0.0
2020-04-30,maldives,,3.2028,73.2207,468,1,17.0,190,0,0.0
2020-05-01,maldives,,3.2028,73.2207,491,1,17.0,23,0,0.0
2020-05-02,maldives,,3.2028,73.2207,519,1,18.0,28,0,1.0
2020-05-03,maldives,,3.2028,73.2207,527,1,18.0,8,0,0.0
2020-05-04,maldives,,3.2028,73.2207,541,1,18.0,14,0,0.0
2020-05-05,maldives,,3.2028,73.2207,573,2,20.0,32,1,2.0
2020-05-06,maldives,,3.2028,73.2207,617,2,20.0,44,0,0.0
2020-05-07,maldives,,3.2028,73.2207,648,3,20.0,31,1,0.0
2020-05-08,maldives,,3.2028,73.2207,744,3,20.0,96,0,0.0
2020-05-09,maldives,,3.2028,73.2207,790,3,29.0,46,0,9.0
2020-05-10,maldives,,3.2028,73.2207,835,3,29.0,45,0,0.0
2020-05-11,maldives,,3.2028,73.2207,897,3,29.0,62,0,0.0
2020-05-12,maldives,,3.2028,73.2207,904,3,29.0,7,0,0.0
2020-05-13,maldives,,3.2028,73.2207,955,4,40.0,51,1,11.0
2020-05-14,maldives,,3.2028,73.2207,982,4,45.0,27,0,5.0
2020-05-15,maldives,,3.2028,73.2207,1031,4,49.0,49,0,4.0
2020-05-16,maldives,,3.2028,73.2207,1078,4,58.0,47,0,9.0
2020-05-17,maldives,,3.2028,73.2207,1094,4,58.0,16,0,0.0
2020-05-18,maldives,,3.2028,73.2207,1106,4,58.0,12,0,0.0
2020-05-19,maldives,,3.2028,73.2207,1143,4,91.0,37,0,33.0
2020-05-20,maldives,,3.2028,73.2207,1186,4,91.0,43,0,0.0
2020-05-21,maldives,,3.2028,73.2207,1216,4,91.0,30,0,0.0
2020-05-22,maldives,,3.2028,73.2207,1274,4,109.0,58,0,18.0
2020-05-23,maldives,,3.2028,73.2207,1313,4,128.0,39,0,19.0
2020-05-24,maldives,,3.2028,73.2207,1371,4,144.0,58,0,16.0
2020-05-25,maldives,,3.2028,73.2207,1395,4,155.0,24,0,11.0
2020-05-26,maldives,,3.2028,73.2207,1438,5,197.0,43,1,42.0
2020-05-27,maldives,,3.2028,73.2207,1457,5,197.0,19,0,0.0
2020-05-28,maldives,,3.2028,73.2207,1513,5,197.0,56,0,0.0
2020-05-29,maldives,,3.2028,73.2207,1591,5,197.0,78,0,0.0
2020-05-30,maldives,,3.2028,73.2207,1672,5,406.0,81,0,209.0
2020-05-31,maldives,,3.2028,73.2207,1773,5,453.0,101,0,47.0
2020-06-01,maldives,,3.2028,73.2207,1829,6,488.0,56,1,35.0
2020-06-02,maldives,,3.2028,73.2207,1841,7,608.0,12,1,120.0
2020-06-03,maldives,,3.2028,73.2207,1850,7,644.0,9,0,36.0
2020-06-04,maldives,,3.2028,73.2207,1872,7,648.0,22,0,4.0
2020-06-05,maldives,,3.2028,73.2207,1883,7,717.0,11,0,69.0
2020-06-06,maldives,,3.2028,73.2207,1901,8,763.0,18,1,46.0
2020-06-07,maldives,,3.2028,73.2207,1903,8,827.0,2,0,64.0
2020-06-08,maldives,,3.2028,73.2207,1916,8,925.0,13,0,98.0
2020-06-09,maldives,,3.2028,73.2207,1942,8,1010.0,26,0,85.0
2020-06-10,maldives,,3.2028,73.2207,1962,8,1121.0,20,0,111.0
2020-06-11,maldives,,3.2028,73.2207,1976,8,1153.0,14,0,32.0
2020-06-12,maldives,,3.2028,73.2207,2003,8,1193.0,27,0,40.0
2020-06-13,maldives,,3.2028,73.2207,2013,8,1217.0,10,0,24.0
2020-06-14,maldives,,3.2028,73.2207,2035,8,1311.0,22,0,94.0
2020-06-15,maldives,,3.2028,73.2207,2065,8,1540.0,30,0,229.0
2020-06-16,maldives,,3.2028,73.2207,2094,8,1670.0,29,0,130.0
2020-06-17,maldives,,3.2028,73.2207,2120,8,1677.0,26,0,7.0
2020-06-18,maldives,,3.2028,73.2207,2137,8,1677.0,17,0,0.0
2020-06-19,maldives,,3.2028,73.2207,2150,8,1769.0,13,0,92.0
2020-06-20,maldives,,3.2028,73.2207,2187,8,1788.0,37,0,19.0
2020-06-21,maldives,,3.2028,73.2207,2203,8,1803.0,16,0,15.0
2020-06-22,maldives,,3.2028,73.2207,2217,8,1813.0,14,0,10.0
2020-06-23,maldives,,3.2028,73.2207,2238,8,1813.0,21,0,0.0
2020-06-24,maldives,,3.2028,73.2207,2261,8,1839.0,23,0,26.0
2020-06-25,maldives,,3.2028,73.2207,2277,8,1848.0,16,0,9.0
2020-06-26,maldives,,3.2028,73.2207,2283,8,1863.0,6,0,15.0
2020-06-27,maldives,,3.2028,73.2207,2305,8,1875.0,22,0,12.0
2020-06-28,maldives,,3.2028,73.2207,2324,8,1911.0,19,0,36.0
2020-06-29,maldives,,3.2028,73.2207,2337,8,1927.0,13,0,16.0
2020-06-30,maldives,,3.2028,73.2207,2361,9,1944.0,24,1,17.0
2020-07-01,maldives,,3.2028,73.2207,2382,9,1954.0,21,0,10.0
2020-07-02,maldives,,3.2028,73.2207,2400,10,1969.0,18,1,15.0
2020-07-03,maldives,,3.2028,73.2207,2410,10,1976.0,10,0,7.0
2020-07-04,maldives,,3.2028,73.2207,2435,10,1976.0,25,0,0.0
2020-07-05,maldives,,3.2028,73.2207,2468,11,2049.0,33,1,73.0
2020-07-06,maldives,,3.2028,73.2207,2491,12,2113.0,23,1,64.0
2020-07-07,maldives,,3.2028,73.2207,2501,12,2158.0,10,0,45.0
2020-07-08,maldives,,3.2028,73.2207,2517,13,2180.0,16,1,22.0
2020-07-09,maldives,,3.2028,73.2207,2553,13,2227.0,36,0,47.0
2020-07-10,maldives,,3.2028,73.2207,2617,13,2238.0,64,0,11.0
2020-07-11,maldives,,3.2028,73.2207,2664,13,2268.0,47,0,30.0
2020-07-12,maldives,,3.2028,73.2207,2731,13,2284.0,67,0,16.0
2020-07-13,maldives,,3.2028,73.2207,2762,13,2290.0,31,0,6.0
2020-07-14,maldives,,3.2028,73.2207,2801,14,2302.0,39,1,12.0
2020-07-15,maldives,,3.2028,73.2207,2831,14,2321.0,30,0,19.0
2020-07-16,maldives,,3.2028,73.2207,2899,15,2339.0,68,1,18.0
2020-07-17,maldives,,3.2028,73.2207,2913,15,2340.0,14,0,1.0
2020-07-18,maldives,,3.2028,73.2207,2930,15,2354.0,17,0,14.0
2020-07-19,maldives,,3.2028,73.2207,2966,15,2362.0,36,0,8.0
2020-07-20,maldives,,3.2028,73.2207,2999,15,2369.0,33,0,7.0
2020-07-21,maldives,,3.2028,73.2207,3044,15,2397.0,45,0,28.0
2020-07-22,maldives,,3.2028,73.2207,3103,15,2397.0,59,0,0.0
2020-07-23,maldives,,3.2028,73.2207,3120,15,2428.0,17,0,31.0
2020-07-24,maldives,,3.2028,73.2207,3175,15,2498.0,55,0,70.0
2020-07-25,maldives,,3.2028,73.2207,3252,15,2498.0,77,0,0.0
2020-07-26,maldives,,3.2028,73.2207,3302,15,2528.0,50,0,30.0
2020-07-27,maldives,,3.2028,73.2207,3369,15,2547.0,67,0,19.0
2020-07-28,maldives,,3.2028,73.2207,3506,15,2547.0,137,0,0.0
2020-07-29,maldives,,3.2028,73.2207,3567,15,2554.0,61,0,7.0
2020-07-30,maldives,,3.2028,73.2207,3719,16,2568.0,152,1,14.0
2020-07-31,maldives,,3.2028,73.2207,3793,16,2607.0,74,0,39.0
