date,country,state,lat,long,confirmed,deaths,recovered,confirmed_new,deaths_new,recovered_new
2020-01-22,mexico,,23.6345,-102.5528,0,0,0.0,0,0,0.0
2020-01-23,mexico,,23.6345,-102.5528,0,0,0.0,0,0,0.0
2020-01-24,mexico,,23.6345,-102.5528,0,0,0.0,0,0,0.0
2020-01-25,mexico,,23.6345,-102.5528,0,0,0.0,0,0,0.0
2020-01-26,mexico,,23.6345,-102.5528,0,0,0.0,0,0,0.0
2020-01-27,mexico,,23.6345,-102.5528,0,0,0.0,0,0,0.0
2020-01-28,mexico,,23.6345,-102.5528,0,0,0.0,0,0,0.0
2020-01-29,mexico,,23.6345,-102.5528,0,0,0.0,0,0,0.0
2020-01-30,mexico,,23.6345,-102.5528,0,0,0.0,0,0,0.0
2020-01-31,mexico,,23.6345,-102.5528,0,0,0.0,0,0,0.0
2020-02-01,mexico,,23.6345,-102.5528,0,0,0.0,0,0,0.0
2020-02-02,mexico,,23.6345,-102.5528,0,0,0.0,0,0,0.0
2020-02-03,mexico,,23.6345,-102.5528,0,0,0.0,0,0,0.0
2020-02-04,mexico,,23.6345,-102.5528,0,0,0.0,0,0,0.0
2020-02-05,mexico,,23.6345,-102.5528,0,0,0.0,0,0,0.0
2020-02-06,mexico,,23.6345,-102.5528,0,0,0.0,0,0,0.0
2020-02-07,mexico,,23.6345,-102.5528,0,0,0.0,0,0,0.0
2020-02-08,mexico,,23.6345,-102.5528,0,0,0.0,0,0,0.0
2020-02-09,mexico,,23.6345,-102.5528,0,0,0.0,0,0,0.0
2020-02-10,mexico,,23.6345,-102.5528,0,0,0.0,0,0,0.0
2020-02-11,mexico,,23.6345,-102.5528,0,0,0.0,0,0,0.0
2020-02-12,mexico,,23.6345,-102.5528,0,0,0.0,0,0,0.0
2020-02-13,mexico,,23.6345,-102.5528,0,0,0.0,0,0,0.0
2020-02-14,mexico,,23.6345,-102.5528,0,0,0.0,0,0,0.0
2020-02-15,mexico,,23.6345,-102.5528,0,0,0.0,0,0,0.0
2020-02-16,mexico,,23.6345,-102.5528,0,0,0.0,0,0,0.0
2020-02-17,mexico,,23.6345,-102.5528,0,0,0.0,0,0,0.0
2020-02-18,mexico,,23.6345,-102.5528,0,0,0.0,0,0,0.0
2020-02-19,mexico,,23.6345,-102.5528,0,0,0.0,0,0,0.0
2020-02-20,mexico,,23.6345,-102.5528,0,0,0.0,0,0,0.0
2020-02-21,mexico,,23.6345,-102.5528,0,0,0.0,0,0,0.0
2020-02-22,mexico,,23.6345,-102.5528,0,0,0.0,0,0,0.0
2020-02-23,mexico,,23.6345,-102.5528,0,0,0.0,0,0,0.0
2020-02-24,mexico,,23.6345,-102.5528,0,0,0.0,0,0,0.0
2020-02-25,mexico,,23.6345,-102.5528,0,0,0.0,0,0,0.0
2020-02-26,mexico,,23.6345,-102.5528,0,0,0.0,0,0,0.0
2020-02-27,mexico,,23.6345,-102.5528,0,0,0.0,0,0,0.0
2020-02-28,mexico,,23.6345,-102.5528,1,0,0.0,1,0,0.0
2020-02-29,mexico,,23.6345,-102.5528,4,0,0.0,3,0,0.0
2020-03-01,mexico,,23.6345,-102.5528,5,0,0.0,1,0,0.0
2020-03-02,mexico,,23.6345,-102.5528,5,0,0.0,0,0,0.0
2020-03-03,mexico,,23.6345,-102.5528,5,0,1.0,0,0,1.0
2020-03-04,mexico,,23.6345,-102.5528,5,0,1.0,0,0,0.0
2020-03-05,mexico,,23.6345,-102.5528,5,0,1.0,0,0,0.0
2020-03-06,mexico,,23.6345,-102.5528,6,0,1.0,1,0,0.0
2020-03-07,mexico,,23.6345,-102.5528,6,0,1.0,0,0,0.0
2020-03-08,mexico,,23.6345,-102.5528,7,0,1.0,1,0,0.0
2020-03-09,mexico,,23.6345,-102.5528,7,0,1.0,0,0,0.0
2020-03-10,mexico,,23.6345,-102.5528,7,0,4.0,0,0,3.0
2020-03-11,mexico,,23.6345,-102.5528,8,0,4.0,1,0,0.0
2020-03-12,mexico,,23.6345,-102.5528,12,0,4.0,4,0,0.0
2020-03-13,mexico,,23.6345,-102.5528,26,0,4.0,14,0,0.0
2020-03-14,mexico,,23.6345,-102.5528,41,0,4.0,15,0,0.0
2020-03-15,mexico,,23.6345,-102.5528,53,0,4.0,12,0,0.0
2020-03-16,mexico,,23.6345,-102.5528,82,0,4.0,29,0,0.0
2020-03-17,mexico,,23.6345,-102.5528,93,0,4.0,11,0,0.0
2020-03-18,mexico,,23.6345,-102.5528,118,0,4.0,25,0,0.0
2020-03-19,mexico,,23.6345,-102.5528,164,1,4.0,46,1,0.0
2020-03-20,mexico,,23.6345,-102.5528,203,2,4.0,39,1,0.0
2020-03-21,mexico,,23.6345,-102.5528,251,2,4.0,48,0,0.0
2020-03-22,mexico,,23.6345,-102.5528,316,3,4.0,65,1,0.0
2020-03-23,mexico,,23.6345,-102.5528,367,4,4.0,51,1,0.0
2020-03-24,mexico,,23.6345,-102.5528,405,5,4.0,38,1,0.0
2020-03-25,mexico,,23.6345,-102.5528,475,6,4.0,70,1,0.0
2020-03-26,mexico,,23.6345,-102.5528,585,8,4.0,110,2,0.0
2020-03-27,mexico,,23.6345,-102.5528,717,12,4.0,132,4,0.0
2020-03-28,mexico,,23.6345,-102.5528,848,16,4.0,131,4,0.0
2020-03-29,mexico,,23.6345,-102.5528,993,20,4.0,145,4,0.0
2020-03-30,mexico,,23.6345,-102.5528,1094,28,35.0,101,8,31.0
2020-03-31,mexico,,23.6345,-102.5528,1215,29,35.0,121,1,0.0
2020-04-01,mexico,,23.6345,-102.5528,1378,37,35.0,163,8,0.0
2020-04-02,mexico,,23.6345,-102.5528,1510,50,35.0,132,13,0.0
2020-04-03,mexico,,23.6345,-102.5528,1688,60,633.0,178,10,598.0
2020-04-04,mexico,,23.6345,-102.5528,1890,79,633.0,202,19,0.0
2020-04-05,mexico,,23.6345,-102.5528,2143,94,633.0,253,15,0.0
2020-04-06,mexico,,23.6345,-102.5528,2439,125,633.0,296,31,0.0
2020-04-07,mexico,,23.6345,-102.5528,2785,141,633.0,346,16,0.0
2020-04-08,mexico,,23.6345,-102.5528,3181,174,633.0,396,33,0.0
2020-04-09,mexico,,23.6345,-102.5528,3441,194,633.0,260,20,0.0
2020-04-10,mexico,,23.6345,-102.5528,3844,233,633.0,403,39,0.0
2020-04-11,mexico,,23.6345,-102.5528,4219,273,633.0,375,40,0.0
2020-04-12,mexico,,23.6345,-102.5528,4661,296,1772.0,442,23,1139.0
2020-04-13,mexico,,23.6345,-102.5528,5014,332,1843.0,353,36,71.0
2020-04-14,mexico,,23.6345,-102.5528,5399,406,1964.0,385,74,121.0
2020-04-15,mexico,,23.6345,-102.5528,5847,449,2125.0,448,43,161.0
2020-04-16,mexico,,23.6345,-102.5528,6297,486,2125.0,450,37,0.0
2020-04-17,mexico,,23.6345,-102.5528,6875,546,2125.0,578,60,0.0
2020-04-18,mexico,,23.6345,-102.5528,7497,650,2125.0,622,104,0.0
2020-04-19,mexico,,23.6345,-102.5528,8261,686,2627.0,764,36,502.0
2020-04-20,mexico,,23.6345,-102.5528,8772,712,2627.0,511,26,0.0
2020-04-21,mexico,,23.6345,-102.5528,9501,857,2627.0,729,145,0.0
2020-04-22,mexico,,23.6345,-102.5528,10544,970,2627.0,1043,113,0.0
2020-04-23,mexico,,23.6345,-102.5528,11633,1069,2627.0,1089,99,0.0
2020-04-24,mexico,,23.6345,-102.5528,12872,1221,2627.0,1239,152,0.0
2020-04-25,mexico,,23.6345,-102.5528,13842,1305,7149.0,970,84,4522.0
2020-04-26,mexico,,23.6345,-102.5528,14677,1351,8354.0,835,46,1205.0
2020-04-27,mexico,,23.6345,-102.5528,15529,1434,9086.0,852,83,732.0
2020-04-28,mexico,,23.6345,-102.5528,16752,1569,11423.0,1223,135,2337.0
2020-04-29,mexico,,23.6345,-102.5528,17799,1732,11423.0,1047,163,0.0
2020-04-30,mexico,,23.6345,-102.5528,19224,1859,11423.0,1425,127,0.0
2020-05-01,mexico,,23.6345,-102.5528,20739,1972,12377.0,1515,113,954.0
2020-05-02,mexico,,23.6345,-102.5528,22088,2061,12377.0,1349,89,0.0
2020-05-03,mexico,,23.6345,-102.5528,23471,2154,13447.0,1383,93,1070.0
2020-05-04,mexico,,23.6345,-102.5528,24905,2271,13447.0,1434,117,0.0
2020-05-05,mexico,,23.6345,-102.5528,26025,2507,16810.0,1120,236,3363.0
2020-05-06,mexico,,23.6345,-102.5528,27634,2704,17781.0,1609,197,971.0
2020-05-07,mexico,,23.6345,-102.5528,29616,2961,17781.0,1982,257,0.0
2020-05-08,mexico,,23.6345,-102.5528,31522,3160,20314.0,1906,199,2533.0
2020-05-09,mexico,,23.6345,-102.5528,33460,3353,21824.0,1938,193,1510.0
2020-05-10,mexico,,23.6345,-102.5528,35022,3465,21824.0,1562,112,0.0
2020-05-11,mexico,,23.6345,-102.5528,36327,3573,23100.0,1305,108,1276.0
2020-05-12,mexico,,23.6345,-102.5528,38324,3926,25935.0,1997,353,2835.0
2020-05-13,mexico,,23.6345,-102.5528,40186,4220,26990.0,1862,294,1055.0
2020-05-14,mexico,,23.6345,-102.5528,42595,4477,28475.0,2409,257,1485.0
2020-05-15,mexico,,23.6345,-102.5528,45032,4767,30451.0,2437,290,1976.0
2020-05-16,mexico,,23.6345,-102.5528,47144,5045,31848.0,2112,278,1397.0
2020-05-17,mexico,,23.6345,-102.5528,49219,5177,33329.0,2075,132,1481.0
2020-05-18,mexico,,23.6345,-102.5528,51633,5332,35388.0,2414,155,2059.0
2020-05-19,mexico,,23.6345,-102.5528,54346,5666,37325.0,2713,334,1937.0
2020-05-20,mexico,,23.6345,-102.5528,56594,6090,38419.0,2248,424,1094.0
2020-05-21,mexico,,23.6345,-102.5528,59567,6510,40152.0,2973,420,1733.0
2020-05-22,mexico,,23.6345,-102.5528,62527,6989,42191.0,2960,479,2039.0
2020-05-23,mexico,,23.6345,-102.5528,65856,7179,44424.0,3329,190,2233.0
2020-05-24,mexico,,23.6345,-102.5528,68620,7394,46979.0,2764,215,2555.0
2020-05-25,mexico,,23.6345,-102.5528,71105,7633,49452.0,2485,239,2473.0
2020-05-26,mexico,,23.6345,-102.5528,74560,8134,51708.0,3455,501,2256.0
2020-05-27,mexico,,23.6345,-102.5528,78023,8597,53834.0,3463,463,2126.0
2020-05-28,mexico,,23.6345,-102.5528,81400,9044,56041.0,3377,447,2207.0
2020-05-29,mexico,,23.6345,-102.5528,84627,9415,59003.0,3227,371,2962.0
2020-05-30,mexico,,23.6345,-102.5528,87512,9779,61247.0,2885,364,2244.0
2020-05-31,mexico,,23.6345,-102.5528,90664,9930,63772.0,3152,151,2525.0
2020-06-01,mexico,,23.6345,-102.5528,93435,10167,66965.0,2771,237,3193.0
2020-06-02,mexico,,23.6345,-102.5528,97326,10637,69749.0,3891,470,2784.0
2020-06-03,mexico,,23.6345,-102.5528,101238,11729,72680.0,3912,1092,2931.0
2020-06-04,mexico,,23.6345,-102.5528,105680,12545,74758.0,4442,816,2078.0
2020-06-05,mexico,,23.6345,-102.5528,110026,13170,77841.0,4346,625,3083.0
2020-06-06,mexico,,23.6345,-102.5528,113619,13511,80830.0,3593,341,2989.0
2020-06-07,mexico,,23.6345,-102.5528,117103,13699,83775.0,3484,188,2945.0
2020-06-08,mexico,,23.6345,-102.5528,120102,14053,87633.0,2999,354,3858.0
2020-06-09,mexico,,23.6345,-102.5528,124301,14649,90748.0,4199,596,3115.0
2020-06-10,mexico,,23.6345,-102.5528,129184,15357,93930.0,4883,708,3182.0
2020-06-11,mexico,,23.6345,-102.5528,133974,15944,97198.0,4790,587,3268.0
2020-06-12,mexico,,23.6345,-102.5528,139196,16448,100876.0,5222,504,3678.0
2020-06-13,mexico,,23.6345,-102.5528,142690,16872,104078.0,3494,424,3202.0
2020-06-14,mexico,,23.6345,-102.5528,146837,17141,107298.0,4147,269,3220.0
2020-06-15,mexico,,23.6345,-102.5528,150264,17580,112292.0,3427,439,4994.0
2020-06-16,mexico,,23.6345,-102.5528,154863,18310,115394.0,4599,730,3102.0
2020-06-17,mexico,,23.6345,-102.5528,159793,19080,118504.0,4930,770,3110.0
2020-06-18,mexico,,23.6345,-102.5528,165455,19747,122180.0,5662,667,3676.0
2020-06-19,mexico,,23.6345,-102.5528,170485,20394,126438.0,5030,647,4258.0
2020-06-20,mexico,,23.6345,-102.5528,175202,20781,130854.0,4717,387,4416.0
2020-06-21,mexico,,23.6345,-102.5528,180545,21825,134495.0,5343,1044,3641.0
2020-06-22,mexico,,23.6345,-102.5528,185122,22584,139383.0,4577,759,4888.0
2020-06-23,mexico,,23.6345,-102.5528,191410,23377,143646.0,6288,793,4263.0
2020-06-24,mexico,,23.6345,-102.5528,196847,24324,148487.0,5437,947,4841.0
2020-06-25,mexico,,23.6345,-102.5528,202951,25060,152362.0,6104,736,3875.0
2020-06-26,mexico,,23.6345,-102.5528,208392,25779,156827.0,5441,719,4465.0
2020-06-27,mexico,,23.6345,-102.5528,212802,26381,160721.0,4410,602,3894.0
2020-06-28,mexico,,23.6345,-102.5528,216852,26648,164646.0,4050,267,3925.0
2020-06-29,mexico,,23.6345,-102.5528,220657,27121,170147.0,3805,473,5501.0
2020-06-30,mexico,,23.6345,-102.5528,226089,27769,174538.0,5432,648,4391.0
2020-07-01,mexico,,23.6345,-102.5528,231770,28510,178526.0,5681,741,3988.0
2020-07-02,mexico,,23.6345,-102.5528,238511,29189,183757.0,6741,679,5231.0
2020-07-03,mexico,,23.6345,-102.5528,245251,29843,189345.0,6740,654,5588.0
2020-07-04,mexico,,23.6345,-102.5528,252165,30366,195724.0,6914,523,6379.0
2020-07-05,mexico,,23.6345,-102.5528,256848,30639,199914.0,4683,273,4190.0
2020-07-06,mexico,,23.6345,-102.5528,261750,31119,204826.0,4902,480,4912.0
2020-07-07,mexico,,23.6345,-102.5528,268008,32014,209437.0,6258,895,4611.0
2020-07-08,mexico,,23.6345,-102.5528,275003,32796,214316.0,6995,782,4879.0
2020-07-09,mexico,,23.6345,-102.5528,282283,33526,219628.0,7280,730,5312.0
2020-07-10,mexico,,23.6345,-102.5528,289174,34191,225356.0,6891,665,5728.0
2020-07-11,mexico,,23.6345,-102.5528,295268,34730,229856.0,6094,539,4500.0
2020-07-12,mexico,,23.6345,-102.5528,299750,35006,234905.0,4482,276,5049.0
2020-07-13,mexico,,23.6345,-102.5528,304435,35491,240101.0,4685,485,5196.0
2020-07-14,mexico,,23.6345,-102.5528,311486,36327,245830.0,7051,836,5729.0
2020-07-15,mexico,,23.6345,-102.5528,317635,36906,252368.0,6149,579,6538.0
2020-07-16,mexico,,23.6345,-102.5528,324041,37574,257681.0,6406,668,5313.0
2020-07-17,mexico,,23.6345,-102.5528,331298,38310,264202.0,7257,736,6521.0
2020-07-18,mexico,,23.6345,-102.5528,338913,38888,271239.0,7615,578,7037.0
2020-07-19,mexico,,23.6345,-102.5528,344224,39184,254941.0,5311,296,-16298.0
2020-07-20,mexico,,23.6345,-102.5528,349396,39485,263091.0,5172,301,8150.0
2020-07-21,mexico,,23.6345,-102.5528,356255,40400,267407.0,6859,915,4316.0
2020-07-22,mexico,,23.6345,-102.5528,362274,41190,270147.0,6019,790,2740.0
2020-07-23,mexico,,23.6345,-102.5528,370712,41908,275454.0,8438,718,5307.0
2020-07-24,mexico,,23.6345,-102.5528,378285,42645,283382.0,7573,737,7928.0
2020-07-25,mexico,,23.6345,-102.5528,385036,43374,288819.0,6751,729,5437.0
2020-07-26,mexico,,23.6345,-102.5528,390516,43680,295222.0,5480,306,6403.0
2020-07-27,mexico,,23.6345,-102.5528,395489,44022,303810.0,4973,342,8588.0
2020-07-28,mexico,,23.6345,-102.5528,402697,44876,308142.0,7208,854,4332.0
2020-07-29,mexico,,23.6345,-102.5528,408449,45361,314538.0,5752,485,6396.0
2020-07-30,mexico,,23.6345,-102.5528,416179,46000,320100.0,7730,639,5562.0
2020-07-31,mexico,,23.6345,-102.5528,424637,46688,327115.0,8458,688,7015.0
