date,country,state,lat,long,confirmed,deaths,recovered,confirmed_new,deaths_new,recovered_new
2020-01-22,moldova,,47.4116,28.3699,0,0,0.0,0,0,0.0
2020-01-23,moldova,,47.4116,28.3699,0,0,0.0,0,0,0.0
2020-01-24,moldova,,47.4116,28.3699,0,0,0.0,0,0,0.0
2020-01-25,moldova,,47.4116,28.3699,0,0,0.0,0,0,0.0
2020-01-26,moldova,,47.4116,28.3699,0,0,0.0,0,0,0.0
2020-01-27,moldova,,47.4116,28.3699,0,0,0.0,0,0,0.0
2020-01-28,moldova,,47.4116,28.3699,0,0,0.0,0,0,0.0
2020-01-29,moldova,,47.4116,28.3699,0,0,0.0,0,0,0.0
2020-01-30,moldova,,47.4116,28.3699,0,0,0.0,0,0,0.0
2020-01-31,moldova,,47.4116,28.3699,0,0,0.0,0,0,0.0
2020-02-01,moldova,,47.4116,28.3699,0,0,0.0,0,0,0.0
2020-02-02,moldova,,47.4116,28.3699,0,0,0.0,0,0,0.0
2020-02-03,moldova,,47.4116,28.3699,0,0,0.0,0,0,0.0
2020-02-04,moldova,,47.4116,28.3699,0,0,0.0,0,0,0.0
2020-02-05,moldova,,47.4116,28.3699,0,0,0.0,0,0,0.0
2020-02-06,moldova,,47.4116,28.3699,0,0,0.0,0,0,0.0
2020-02-07,moldova,,47.4116,28.3699,0,0,0.0,0,0,0.0
2020-02-08,moldova,,47.4116,28.3699,0,0,0.0,0,0,0.0
2020-02-09,moldova,,47.4116,28.3699,0,0,0.0,0,0,0.0
2020-02-10,moldova,,47.4116,28.3699,0,0,0.0,0,0,0.0
2020-02-11,moldova,,47.4116,28.3699,0,0,0.0,0,0,0.0
2020-02-12,moldova,,47.4116,28.3699,0,0,0.0,0,0,0.0
2020-02-13,moldova,,47.4116,28.3699,0,0,0.0,0,0,0.0
2020-02-14,moldova,,47.4116,28.3699,0,0,0.0,0,0,0.0
2020-02-15,moldova,,47.4116,28.3699,0,0,0.0,0,0,0.0
2020-02-16,moldova,,47.4116,28.3699,0,0,0.0,0,0,0.0
2020-02-17,moldova,,47.4116,28.3699,0,0,0.0,0,0,0.0
2020-02-18,moldova,,47.4116,28.3699,0,0,0.0,0,0,0.0
2020-02-19,moldova,,47.4116,28.3699,0,0,0.0,0,0,0.0
2020-02-20,moldova,,47.4116,28.3699,0,0,0.0,0,0,0.0
2020-02-21,moldova,,47.4116,28.3699,0,0,0.0,0,0,0.0
2020-02-22,moldova,,47.4116,28.3699,0,0,0.0,0,0,0.0
2020-02-23,moldova,,47.4116,28.3699,0,0,0.0,0,0,0.0
2020-02-24,moldova,,47.4116,28.3699,0,0,0.0,0,0,0.0
2020-02-25,moldova,,47.4116,28.3699,0,0,0.0,0,0,0.0
2020-02-26,moldova,,47.4116,28.3699,0,0,0.0,0,0,0.0
2020-02-27,moldova,,47.4116,28.3699,0,0,0.0,0,0,0.0
2020-02-28,moldova,,47.4116,28.3699,0,0,0.0,0,0,0.0
2020-02-29,moldova,,47.4116,28.3699,0,0,0.0,0,0,0.0
2020-03-01,moldova,,47.4116,28.3699,0,0,0.0,0,0,0.0
2020-03-02,moldova,,47.4116,28.3699,0,0,0.0,0,0,0.0
2020-03-03,moldova,,47.4116,28.3699,0,0,0.0,0,0,0.0
2020-03-04,moldova,,47.4116,28.3699,0,0,0.0,0,0,0.0
2020-03-05,moldova,,47.4116,28.3699,0,0,0.0,0,0,0.0
2020-03-06,moldova,,47.4116,28.3699,0,0,0.0,0,0,0.0
2020-03-07,moldova,,47.4116,28.3699,0,0,0.0,0,0,0.0
2020-03-08,moldova,,47.4116,28.3699,1,0,0.0,1,0,0.0
2020-03-09,moldova,,47.4116,28.3699,1,0,0.0,0,0,0.0
2020-03-10,moldova,,47.4116,28.3699,3,0,0.0,2,0,0.0
2020-03-11,moldova,,47.4116,28.3699,3,0,0.0,0,0,0.0
2020-03-12,moldova,,47.4116,28.3699,3,0,0.0,0,0,0.0
2020-03-13,moldova,,47.4116,28.3699,6,0,0.0,3,0,0.0
2020-03-14,moldova,,47.4116,28.3699,12,0,0.0,6,0,0.0
2020-03-15,moldova,,47.4116,28.3699,23,0,0.0,11,0,0.0
2020-03-16,moldova,,47.4116,28.3699,23,0,0.0,0,0,0.0
2020-03-17,moldova,,47.4116,28.3699,30,0,1.0,7,0,1.0
2020-03-18,moldova,,47.4116,28.3699,30,1,1.0,0,1,0.0
2020-03-19,moldova,,47.4116,28.3699,49,1,1.0,19,0,0.0
2020-03-20,moldova,,47.4116,28.3699,66,1,1.0,17,0,0.0
2020-03-21,moldova,,47.4116,28.3699,80,1,1.0,14,0,0.0
2020-03-22,moldova,,47.4116,28.3699,94,1,1.0,14,0,0.0
2020-03-23,moldova,,47.4116,28.3699,109,1,1.0,15,0,0.0
2020-03-24,moldova,,47.4116,28.3699,125,1,2.0,16,0,1.0
2020-03-25,moldova,,47.4116,28.3699,149,1,2.0,24,0,0.0
2020-03-26,moldova,,47.4116,28.3699,177,1,2.0,28,0,0.0
2020-03-27,moldova,,47.4116,28.3699,199,2,2.0,22,1,0.0
2020-03-28,moldova,,47.4116,28.3699,231,2,2.0,32,0,0.0
2020-03-29,moldova,,47.4116,28.3699,263,2,2.0,32,0,0.0
2020-03-30,moldova,,47.4116,28.3699,298,2,15.0,35,0,13.0
2020-03-31,moldova,,47.4116,28.3699,353,4,18.0,55,2,3.0
2020-04-01,moldova,,47.4116,28.3699,423,5,23.0,70,1,5.0
2020-04-02,moldova,,47.4116,28.3699,505,6,23.0,82,1,0.0
2020-04-03,moldova,,47.4116,28.3699,591,8,26.0,86,2,3.0
2020-04-04,moldova,,47.4116,28.3699,752,12,29.0,161,4,3.0
2020-04-05,moldova,,47.4116,28.3699,864,15,30.0,112,3,1.0
2020-04-06,moldova,,47.4116,28.3699,965,19,37.0,101,4,7.0
2020-04-07,moldova,,47.4116,28.3699,1056,22,40.0,91,3,3.0
2020-04-08,moldova,,47.4116,28.3699,1174,27,40.0,118,5,0.0
2020-04-09,moldova,,47.4116,28.3699,1289,29,50.0,115,2,10.0
2020-04-10,moldova,,47.4116,28.3699,1438,29,56.0,149,0,6.0
2020-04-11,moldova,,47.4116,28.3699,1560,30,75.0,122,1,19.0
2020-04-12,moldova,,47.4116,28.3699,1662,31,94.0,102,1,19.0
2020-04-13,moldova,,47.4116,28.3699,1712,35,107.0,50,4,13.0
2020-04-14,moldova,,47.4116,28.3699,1934,40,134.0,222,5,27.0
2020-04-15,moldova,,47.4116,28.3699,2049,46,171.0,115,6,37.0
2020-04-16,moldova,,47.4116,28.3699,2154,54,235.0,105,8,64.0
2020-04-17,moldova,,47.4116,28.3699,2264,56,276.0,110,2,41.0
2020-04-18,moldova,,47.4116,28.3699,2378,57,391.0,114,1,115.0
2020-04-19,moldova,,47.4116,28.3699,2472,67,457.0,94,10,66.0
2020-04-20,moldova,,47.4116,28.3699,2548,70,457.0,76,3,0.0
2020-04-21,moldova,,47.4116,28.3699,2614,72,505.0,66,2,48.0
2020-04-22,moldova,,47.4116,28.3699,2778,75,560.0,164,3,55.0
2020-04-23,moldova,,47.4116,28.3699,2926,80,661.0,148,5,101.0
2020-04-24,moldova,,47.4116,28.3699,3110,84,755.0,184,4,94.0
2020-04-25,moldova,,47.4116,28.3699,3304,94,825.0,194,10,70.0
2020-04-26,moldova,,47.4116,28.3699,3408,96,895.0,104,2,70.0
2020-04-27,moldova,,47.4116,28.3699,3481,102,925.0,73,6,30.0
2020-04-28,moldova,,47.4116,28.3699,3638,103,975.0,157,1,50.0
2020-04-29,moldova,,47.4116,28.3699,3771,111,1114.0,133,8,139.0
2020-04-30,moldova,,47.4116,28.3699,3897,116,1182.0,126,5,68.0
2020-05-01,moldova,,47.4116,28.3699,3980,122,1272.0,83,6,90.0
2020-05-02,moldova,,47.4116,28.3699,4052,124,1334.0,72,2,62.0
2020-05-03,moldova,,47.4116,28.3699,4121,125,1382.0,69,1,48.0
2020-05-04,moldova,,47.4116,28.3699,4248,132,1423.0,127,7,41.0
2020-05-05,moldova,,47.4116,28.3699,4363,136,1544.0,115,4,121.0
2020-05-06,moldova,,47.4116,28.3699,4476,143,1658.0,113,7,114.0
2020-05-07,moldova,,47.4116,28.3699,4605,145,1747.0,129,2,89.0
2020-05-08,moldova,,47.4116,28.3699,4728,150,1826.0,123,5,79.0
2020-05-09,moldova,,47.4116,28.3699,4867,161,1925.0,139,11,99.0
2020-05-10,moldova,,47.4116,28.3699,4927,169,1958.0,60,8,33.0
2020-05-11,moldova,,47.4116,28.3699,4995,175,1980.0,68,6,22.0
2020-05-12,moldova,,47.4116,28.3699,5154,182,2069.0,159,7,89.0
2020-05-13,moldova,,47.4116,28.3699,5406,185,2176.0,252,3,107.0
2020-05-14,moldova,,47.4116,28.3699,5553,194,2228.0,147,9,52.0
2020-05-15,moldova,,47.4116,28.3699,5745,202,2228.0,192,8,0.0
2020-05-16,moldova,,47.4116,28.3699,5934,207,2344.0,189,5,116.0
2020-05-17,moldova,,47.4116,28.3699,6060,211,2344.0,126,4,0.0
2020-05-18,moldova,,47.4116,28.3699,6138,217,2425.0,78,6,81.0
2020-05-19,moldova,,47.4116,28.3699,6340,221,2508.0,202,4,83.0
2020-05-20,moldova,,47.4116,28.3699,6553,228,2953.0,213,7,445.0
2020-05-21,moldova,,47.4116,28.3699,6704,233,2953.0,151,5,0.0
2020-05-22,moldova,,47.4116,28.3699,6847,237,3369.0,143,4,416.0
2020-05-23,moldova,,47.4116,28.3699,6994,242,3452.0,147,5,83.0
2020-05-24,moldova,,47.4116,28.3699,7093,250,3713.0,99,8,261.0
2020-05-25,moldova,,47.4116,28.3699,7147,261,3802.0,54,11,89.0
2020-05-26,moldova,,47.4116,28.3699,7305,267,3884.0,158,6,82.0
2020-05-27,moldova,,47.4116,28.3699,7537,274,3884.0,232,7,0.0
2020-05-28,moldova,,47.4116,28.3699,7725,282,4123.0,188,8,239.0
2020-05-29,moldova,,47.4116,28.3699,7896,288,4278.0,171,6,155.0
2020-05-30,moldova,,47.4116,28.3699,8098,291,4455.0,202,3,177.0
2020-05-31,moldova,,47.4116,28.3699,8251,295,4581.0,153,4,126.0
2020-06-01,moldova,,47.4116,28.3699,8360,305,4622.0,109,10,41.0
2020-06-02,moldova,,47.4116,28.3699,8548,307,4738.0,188,2,116.0
2020-06-03,moldova,,47.4116,28.3699,8795,310,4863.0,247,3,125.0
2020-06-04,moldova,,47.4116,28.3699,9018,315,5009.0,223,5,146.0
2020-06-05,moldova,,47.4116,28.3699,9247,323,5240.0,229,8,231.0
2020-06-06,moldova,,47.4116,28.3699,9511,331,5450.0,264,8,210.0
2020-06-07,moldova,,47.4116,28.3699,9700,341,5638.0,189,10,188.0
2020-06-08,moldova,,47.4116,28.3699,9807,353,5738.0,107,12,100.0
2020-06-09,moldova,,47.4116,28.3699,10025,365,5797.0,218,12,59.0
2020-06-10,moldova,,47.4116,28.3699,10321,371,5930.0,296,6,133.0
2020-06-11,moldova,,47.4116,28.3699,10727,375,6072.0,406,4,142.0
2020-06-12,moldova,,47.4116,28.3699,11093,385,6229.0,366,10,157.0
2020-06-13,moldova,,47.4116,28.3699,11459,398,6421.0,366,13,192.0
2020-06-14,moldova,,47.4116,28.3699,11740,406,6623.0,281,8,202.0
2020-06-15,moldova,,47.4116,28.3699,11879,411,6794.0,139,5,171.0
2020-06-16,moldova,,47.4116,28.3699,12254,423,6901.0,375,12,107.0
2020-06-17,moldova,,47.4116,28.3699,12732,433,7077.0,478,10,176.0
2020-06-18,moldova,,47.4116,28.3699,13106,444,7252.0,374,11,175.0
2020-06-19,moldova,,47.4116,28.3699,13556,450,7525.0,450,6,273.0
2020-06-20,moldova,,47.4116,28.3699,13953,464,7745.0,397,14,220.0
2020-06-21,moldova,,47.4116,28.3699,14200,473,7896.0,247,9,151.0
2020-06-22,moldova,,47.4116,28.3699,14363,480,8019.0,163,7,123.0
2020-06-23,moldova,,47.4116,28.3699,14714,490,8212.0,351,10,193.0
2020-06-24,moldova,,47.4116,28.3699,15078,495,8400.0,364,5,188.0
2020-06-25,moldova,,47.4116,28.3699,15453,502,8599.0,375,7,199.0
2020-06-26,moldova,,47.4116,28.3699,15776,515,8765.0,323,13,166.0
2020-06-27,moldova,,47.4116,28.3699,16080,521,8963.0,304,6,198.0
2020-06-28,moldova,,47.4116,28.3699,16250,530,9081.0,170,9,118.0
2020-06-29,moldova,,47.4116,28.3699,16357,536,9229.0,107,6,148.0
2020-06-30,moldova,,47.4116,28.3699,16613,545,9382.0,256,9,153.0
2020-07-01,moldova,,47.4116,28.3699,16898,549,9594.0,285,4,212.0
2020-07-02,moldova,,47.4116,28.3699,17150,560,9846.0,252,11,252.0
2020-07-03,moldova,,47.4116,28.3699,17445,572,10093.0,295,12,247.0
2020-07-04,moldova,,47.4116,28.3699,17672,580,10396.0,227,8,303.0
2020-07-05,moldova,,47.4116,28.3699,17814,585,10718.0,142,5,322.0
2020-07-06,moldova,,47.4116,28.3699,17906,592,11047.0,92,7,329.0
2020-07-07,moldova,,47.4116,28.3699,18141,603,11241.0,235,11,194.0
2020-07-08,moldova,,47.4116,28.3699,18471,614,11549.0,330,11,308.0
2020-07-09,moldova,,47.4116,28.3699,18666,624,11936.0,195,10,387.0
2020-07-10,moldova,,47.4116,28.3699,18924,635,12188.0,258,11,252.0
2020-07-11,moldova,,47.4116,28.3699,19208,640,12456.0,284,5,268.0
2020-07-12,moldova,,47.4116,28.3699,19382,642,12667.0,174,2,211.0
2020-07-13,moldova,,47.4116,28.3699,19439,649,12793.0,57,7,126.0
2020-07-14,moldova,,47.4116,28.3699,19708,655,13033.0,269,6,240.0
2020-07-15,moldova,,47.4116,28.3699,20040,659,13298.0,332,4,265.0
2020-07-16,moldova,,47.4116,28.3699,20264,666,13640.0,224,7,342.0
2020-07-17,moldova,,47.4116,28.3699,20494,675,13913.0,230,9,273.0
2020-07-18,moldova,,47.4116,28.3699,20794,680,14183.0,300,5,270.0
2020-07-19,moldova,,47.4116,28.3699,20980,684,14376.0,186,4,193.0
2020-07-20,moldova,,47.4116,28.3699,21115,695,14467.0,135,11,91.0
2020-07-21,moldova,,47.4116,28.3699,21442,707,14599.0,327,12,132.0
2020-07-22,moldova,,47.4116,28.3699,21798,712,14856.0,356,5,257.0
2020-07-23,moldova,,47.4116,28.3699,22105,719,15174.0,307,7,318.0
2020-07-24,moldova,,47.4116,28.3699,22483,726,15407.0,378,7,233.0
2020-07-25,moldova,,47.4116,28.3699,22828,732,15608.0,345,6,201.0
2020-07-26,moldova,,47.4116,28.3699,23034,735,15909.0,206,3,301.0
2020-07-27,moldova,,47.4116,28.3699,23154,748,16154.0,120,13,245.0
2020-07-28,moldova,,47.4116,28.3699,23521,753,16462.0,367,5,308.0
2020-07-29,moldova,,47.4116,28.3699,23947,759,16785.0,426,6,323.0
2020-07-30,moldova,,47.4116,28.3699,24343,771,17040.0,396,12,255.0
2020-07-31,moldova,,47.4116,28.3699,24733,778,17269.0,390,7,229.0
