date,country,state,lat,long,confirmed,deaths,recovered,confirmed_new,deaths_new,recovered_new
2020-01-22,mozambique,,-18.665695,35.529562,0,0,0.0,0,0,0.0
2020-01-23,mozambique,,-18.665695,35.529562,0,0,0.0,0,0,0.0
2020-01-24,mozambique,,-18.665695,35.529562,0,0,0.0,0,0,0.0
2020-01-25,mozambique,,-18.665695,35.529562,0,0,0.0,0,0,0.0
2020-01-26,mozambique,,-18.665695,35.529562,0,0,0.0,0,0,0.0
2020-01-27,mozambique,,-18.665695,35.529562,0,0,0.0,0,0,0.0
2020-01-28,mozambique,,-18.665695,35.529562,0,0,0.0,0,0,0.0
2020-01-29,mozambique,,-18.665695,35.529562,0,0,0.0,0,0,0.0
2020-01-30,mozambique,,-18.665695,35.529562,0,0,0.0,0,0,0.0
2020-01-31,mozambique,,-18.665695,35.529562,0,0,0.0,0,0,0.0
2020-02-01,mozambique,,-18.665695,35.529562,0,0,0.0,0,0,0.0
2020-02-02,mozambique,,-18.665695,35.529562,0,0,0.0,0,0,0.0
2020-02-03,mozambique,,-18.665695,35.529562,0,0,0.0,0,0,0.0
2020-02-04,mozambique,,-18.665695,35.529562,0,0,0.0,0,0,0.0
2020-02-05,mozambique,,-18.665695,35.529562,0,0,0.0,0,0,0.0
2020-02-06,mozambique,,-18.665695,35.529562,0,0,0.0,0,0,0.0
2020-02-07,mozambique,,-18.665695,35.529562,0,0,0.0,0,0,0.0
2020-02-08,mozambique,,-18.665695,35.529562,0,0,0.0,0,0,0.0
2020-02-09,mozambique,,-18.665695,35.529562,0,0,0.0,0,0,0.0
2020-02-10,mozambique,,-18.665695,35.529562,0,0,0.0,0,0,0.0
2020-02-11,mozambique,,-18.665695,35.529562,0,0,0.0,0,0,0.0
2020-02-12,mozambique,,-18.665695,35.529562,0,0,0.0,0,0,0.0
2020-02-13,mozambique,,-18.665695,35.529562,0,0,0.0,0,0,0.0
2020-02-14,mozambique,,-18.665695,35.529562,0,0,0.0,0,0,0.0
2020-02-15,mozambique,,-18.665695,35.529562,0,0,0.0,0,0,0.0
2020-02-16,mozambique,,-18.665695,35.529562,0,0,0.0,0,0,0.0
2020-02-17,mozambique,,-18.665695,35.529562,0,0,0.0,0,0,0.0
2020-02-18,mozambique,,-18.665695,35.529562,0,0,0.0,0,0,0.0
2020-02-19,mozambique,,-18.665695,35.529562,0,0,0.0,0,0,0.0
2020-02-20,mozambique,,-18.665695,35.529562,0,0,0.0,0,0,0.0
2020-02-21,mozambique,,-18.665695,35.529562,0,0,0.0,0,0,0.0
2020-02-22,mozambique,,-18.665695,35.529562,0,0,0.0,0,0,0.0
2020-02-23,mozambique,,-18.665695,35.529562,0,0,0.0,0,0,0.0
2020-02-24,mozambique,,-18.665695,35.529562,0,0,0.0,0,0,0.0
2020-02-25,mozambique,,-18.665695,35.529562,0,0,0.0,0,0,0.0
2020-02-26,mozambique,,-18.665695,35.529562,0,0,0.0,0,0,0.0
2020-02-27,mozambique,,-18.665695,35.529562,0,0,0.0,0,0,0.0
2020-02-28,mozambique,,-18.665695,35.529562,0,0,0.0,0,0,0.0
2020-02-29,mozambique,,-18.665695,35.529562,0,0,0.0,0,0,0.0
2020-03-01,mozambique,,-18.665695,35.529562,0,0,0.0,0,0,0.0
2020-03-02,mozambique,,-18.665695,35.529562,0,0,0.0,0,0,0.0
2020-03-03,mozambique,,-18.665695,35.529562,0,0,0.0,0,0,0.0
2020-03-04,mozambique,,-18.665695,35.529562,0,0,0.0,0,0,0.0
2020-03-05,mozambique,,-18.665695,35.529562,0,0,0.0,0,0,0.0
2020-03-06,mozambique,,-18.665695,35.529562,0,0,0.0,0,0,0.0
2020-03-07,mozambique,,-18.665695,35.529562,0,0,0.0,0,0,0.0
2020-03-08,mozambique,,-18.665695,35.529562,0,0,0.0,0,0,0.0
2020-03-09,mozambique,,-18.665695,35.529562,0,0,0.0,0,0,0.0
2020-03-10,mozambique,,-18.665695,35.529562,0,0,0.0,0,0,0.0
2020-03-11,mozambique,,-18.665695,35.529562,0,0,0.0,0,0,0.0
2020-03-12,mozambique,,-18.665695,35.529562,0,0,0.0,0,0,0.0
2020-03-13,mozambique,,-18.665695,35.529562,0,0,0.0,0,0,0.0
2020-03-14,mozambique,,-18.665695,35.529562,0,0,0.0,0,0,0.0
2020-03-15,mozambique,,-18.665695,35.529562,0,0,0.0,0,0,0.0
2020-03-16,mozambique,,-18.665695,35.529562,0,0,0.0,0,0,0.0
2020-03-17,mozambique,,-18.665695,35.529562,0,0,0.0,0,0,0.0
2020-03-18,mozambique,,-18.665695,35.529562,0,0,0.0,0,0,0.0
2020-03-19,mozambique,,-18.665695,35.529562,0,0,0.0,0,0,0.0
2020-03-20,mozambique,,-18.665695,35.529562,0,0,0.0,0,0,0.0
2020-03-21,mozambique,,-18.665695,35.529562,0,0,0.0,0,0,0.0
2020-03-22,mozambique,,-18.665695,35.529562,1,0,0.0,1,0,0.0
2020-03-23,mozambique,,-18.665695,35.529562,1,0,0.0,0,0,0.0
2020-03-24,mozambique,,-18.665695,35.529562,3,0,0.0,2,0,0.0
2020-03-25,mozambique,,-18.665695,35.529562,5,0,0.0,2,0,0.0
2020-03-26,mozambique,,-18.665695,35.529562,7,0,0.0,2,0,0.0
2020-03-27,mozambique,,-18.665695,35.529562,7,0,0.0,0,0,0.0
2020-03-28,mozambique,,-18.665695,35.529562,8,0,0.0,1,0,0.0
2020-03-29,mozambique,,-18.665695,35.529562,8,0,0.0,0,0,0.0
2020-03-30,mozambique,,-18.665695,35.529562,8,0,0.0,0,0,0.0
2020-03-31,mozambique,,-18.665695,35.529562,8,0,0.0,0,0,0.0
2020-04-01,mozambique,,-18.665695,35.529562,10,0,0.0,2,0,0.0
2020-04-02,mozambique,,-18.665695,35.529562,10,0,0.0,0,0,0.0
2020-04-03,mozambique,,-18.665695,35.529562,10,0,0.0,0,0,0.0
2020-04-04,mozambique,,-18.665695,35.529562,10,0,0.0,0,0,0.0
2020-04-05,mozambique,,-18.665695,35.529562,10,0,0.0,0,0,0.0
2020-04-06,mozambique,,-18.665695,35.529562,10,0,0.0,0,0,0.0
2020-04-07,mozambique,,-18.665695,35.529562,10,0,0.0,0,0,0.0
2020-04-08,mozambique,,-18.665695,35.529562,17,0,0.0,7,0,0.0
2020-04-09,mozambique,,-18.665695,35.529562,17,0,0.0,0,0,0.0
2020-04-10,mozambique,,-18.665695,35.529562,20,0,0.0,3,0,0.0
2020-04-11,mozambique,,-18.665695,35.529562,20,0,0.0,0,0,0.0
2020-04-12,mozambique,,-18.665695,35.529562,21,0,0.0,1,0,0.0
2020-04-13,mozambique,,-18.665695,35.529562,21,0,0.0,0,0,0.0
2020-04-14,mozambique,,-18.665695,35.529562,28,0,0.0,7,0,0.0
2020-04-15,mozambique,,-18.665695,35.529562,29,0,0.0,1,0,0.0
2020-04-16,mozambique,,-18.665695,35.529562,31,0,0.0,2,0,0.0
2020-04-17,mozambique,,-18.665695,35.529562,34,0,0.0,3,0,0.0
2020-04-18,mozambique,,-18.665695,35.529562,35,0,0.0,1,0,0.0
2020-04-19,mozambique,,-18.665695,35.529562,39,0,0.0,4,0,0.0
2020-04-20,mozambique,,-18.665695,35.529562,39,0,0.0,0,0,0.0
2020-04-21,mozambique,,-18.665695,35.529562,39,0,0.0,0,0,0.0
2020-04-22,mozambique,,-18.665695,35.529562,41,0,0.0,2,0,0.0
2020-04-23,mozambique,,-18.665695,35.529562,46,0,0.0,5,0,0.0
2020-04-24,mozambique,,-18.665695,35.529562,65,0,0.0,19,0,0.0
2020-04-25,mozambique,,-18.665695,35.529562,70,0,0.0,5,0,0.0
2020-04-26,mozambique,,-18.665695,35.529562,76,0,0.0,6,0,0.0
2020-04-27,mozambique,,-18.665695,35.529562,76,0,0.0,0,0,0.0
2020-04-28,mozambique,,-18.665695,35.529562,76,0,0.0,0,0,0.0
2020-04-29,mozambique,,-18.665695,35.529562,76,0,0.0,0,0,0.0
2020-04-30,mozambique,,-18.665695,35.529562,76,0,0.0,0,0,0.0
2020-05-01,mozambique,,-18.665695,35.529562,79,0,0.0,3,0,0.0
2020-05-02,mozambique,,-18.665695,35.529562,79,0,0.0,0,0,0.0
2020-05-03,mozambique,,-18.665695,35.529562,80,0,0.0,1,0,0.0
2020-05-04,mozambique,,-18.665695,35.529562,80,0,0.0,0,0,0.0
2020-05-05,mozambique,,-18.665695,35.529562,81,0,0.0,1,0,0.0
2020-05-06,mozambique,,-18.665695,35.529562,81,0,0.0,0,0,0.0
2020-05-07,mozambique,,-18.665695,35.529562,81,0,0.0,0,0,0.0
2020-05-08,mozambique,,-18.665695,35.529562,82,0,0.0,1,0,0.0
2020-05-09,mozambique,,-18.665695,35.529562,87,0,0.0,5,0,0.0
2020-05-10,mozambique,,-18.665695,35.529562,91,0,0.0,4,0,0.0
2020-05-11,mozambique,,-18.665695,35.529562,103,0,0.0,12,0,0.0
2020-05-12,mozambique,,-18.665695,35.529562,104,0,0.0,1,0,0.0
2020-05-13,mozambique,,-18.665695,35.529562,104,0,0.0,0,0,0.0
2020-05-14,mozambique,,-18.665695,35.529562,115,0,0.0,11,0,0.0
2020-05-15,mozambique,,-18.665695,35.529562,119,0,0.0,4,0,0.0
2020-05-16,mozambique,,-18.665695,35.529562,129,0,0.0,10,0,0.0
2020-05-17,mozambique,,-18.665695,35.529562,137,0,0.0,8,0,0.0
2020-05-18,mozambique,,-18.665695,35.529562,145,0,0.0,8,0,0.0
2020-05-19,mozambique,,-18.665695,35.529562,146,0,0.0,1,0,0.0
2020-05-20,mozambique,,-18.665695,35.529562,156,0,0.0,10,0,0.0
2020-05-21,mozambique,,-18.665695,35.529562,162,0,0.0,6,0,0.0
2020-05-22,mozambique,,-18.665695,35.529562,164,0,0.0,2,0,0.0
2020-05-23,mozambique,,-18.665695,35.529562,168,0,0.0,4,0,0.0
2020-05-24,mozambique,,-18.665695,35.529562,194,0,0.0,26,0,0.0
2020-05-25,mozambique,,-18.665695,35.529562,209,1,0.0,15,1,0.0
2020-05-26,mozambique,,-18.665695,35.529562,213,1,0.0,4,0,0.0
2020-05-27,mozambique,,-18.665695,35.529562,227,1,0.0,14,0,0.0
2020-05-28,mozambique,,-18.665695,35.529562,233,2,0.0,6,1,0.0
2020-05-29,mozambique,,-18.665695,35.529562,234,2,0.0,1,0,0.0
2020-05-30,mozambique,,-18.665695,35.529562,244,2,0.0,10,0,0.0
2020-05-31,mozambique,,-18.665695,35.529562,254,2,0.0,10,0,0.0
2020-06-01,mozambique,,-18.665695,35.529562,254,2,0.0,0,0,0.0
2020-06-02,mozambique,,-18.665695,35.529562,307,2,0.0,53,0,0.0
2020-06-03,mozambique,,-18.665695,35.529562,316,2,0.0,9,0,0.0
2020-06-04,mozambique,,-18.665695,35.529562,352,2,0.0,36,0,0.0
2020-06-05,mozambique,,-18.665695,35.529562,354,2,0.0,2,0,0.0
2020-06-06,mozambique,,-18.665695,35.529562,409,2,0.0,55,0,0.0
2020-06-07,mozambique,,-18.665695,35.529562,424,2,0.0,15,0,0.0
2020-06-08,mozambique,,-18.665695,35.529562,433,2,0.0,9,0,0.0
2020-06-09,mozambique,,-18.665695,35.529562,453,2,0.0,20,0,0.0
2020-06-10,mozambique,,-18.665695,35.529562,472,2,0.0,19,0,0.0
2020-06-11,mozambique,,-18.665695,35.529562,489,2,0.0,17,0,0.0
2020-06-12,mozambique,,-18.665695,35.529562,509,2,0.0,20,0,0.0
2020-06-13,mozambique,,-18.665695,35.529562,553,2,0.0,44,0,0.0
2020-06-14,mozambique,,-18.665695,35.529562,583,3,0.0,30,1,0.0
2020-06-15,mozambique,,-18.665695,35.529562,609,3,0.0,26,0,0.0
2020-06-16,mozambique,,-18.665695,35.529562,638,4,0.0,29,1,0.0
2020-06-17,mozambique,,-18.665695,35.529562,651,4,0.0,13,0,0.0
2020-06-18,mozambique,,-18.665695,35.529562,662,4,0.0,11,0,0.0
2020-06-19,mozambique,,-18.665695,35.529562,668,4,0.0,6,0,0.0
2020-06-20,mozambique,,-18.665695,35.529562,688,4,0.0,20,0,0.0
2020-06-21,mozambique,,-18.665695,35.529562,733,5,0.0,45,1,0.0
2020-06-22,mozambique,,-18.665695,35.529562,737,5,0.0,4,0,0.0
2020-06-23,mozambique,,-18.665695,35.529562,757,5,0.0,20,0,0.0
2020-06-24,mozambique,,-18.665695,35.529562,762,5,0.0,5,0,0.0
2020-06-25,mozambique,,-18.665695,35.529562,788,5,0.0,26,0,0.0
2020-06-26,mozambique,,-18.665695,35.529562,816,5,0.0,28,0,0.0
2020-06-27,mozambique,,-18.665695,35.529562,839,5,0.0,23,0,0.0
2020-06-28,mozambique,,-18.665695,35.529562,859,5,0.0,20,0,0.0
2020-06-29,mozambique,,-18.665695,35.529562,883,6,0.0,24,1,0.0
2020-06-30,mozambique,,-18.665695,35.529562,889,6,0.0,6,0,0.0
2020-07-01,mozambique,,-18.665695,35.529562,903,6,0.0,14,0,0.0
2020-07-02,mozambique,,-18.665695,35.529562,918,6,0.0,15,0,0.0
2020-07-03,mozambique,,-18.665695,35.529562,939,6,0.0,21,0,0.0
2020-07-04,mozambique,,-18.665695,35.529562,969,7,0.0,30,1,0.0
2020-07-05,mozambique,,-18.665695,35.529562,987,8,0.0,18,1,0.0
2020-07-06,mozambique,,-18.665695,35.529562,1012,8,0.0,25,0,0.0
2020-07-07,mozambique,,-18.665695,35.529562,1040,8,0.0,28,0,0.0
2020-07-08,mozambique,,-18.665695,35.529562,1071,8,0.0,31,0,0.0
2020-07-09,mozambique,,-18.665695,35.529562,1092,9,0.0,21,1,0.0
2020-07-10,mozambique,,-18.665695,35.529562,1111,9,0.0,19,0,0.0
2020-07-11,mozambique,,-18.665695,35.529562,1135,9,0.0,24,0,0.0
2020-07-12,mozambique,,-18.665695,35.529562,1157,9,0.0,22,0,0.0
2020-07-13,mozambique,,-18.665695,35.529562,1219,9,0.0,62,0,0.0
2020-07-14,mozambique,,-18.665695,35.529562,1268,9,0.0,49,0,0.0
2020-07-15,mozambique,,-18.665695,35.529562,1330,9,0.0,62,0,0.0
2020-07-16,mozambique,,-18.665695,35.529562,1383,9,0.0,53,0,0.0
2020-07-17,mozambique,,-18.665695,35.529562,1402,9,0.0,19,0,0.0
2020-07-18,mozambique,,-18.665695,35.529562,1435,10,0.0,33,1,0.0
2020-07-19,mozambique,,-18.665695,35.529562,1491,10,0.0,56,0,0.0
2020-07-20,mozambique,,-18.665695,35.529562,1507,11,0.0,16,1,0.0
2020-07-21,mozambique,,-18.665695,35.529562,1536,11,0.0,29,0,0.0
2020-07-22,mozambique,,-18.665695,35.529562,1557,11,0.0,21,0,0.0
2020-07-23,mozambique,,-18.665695,35.529562,1582,11,0.0,25,0,0.0
2020-07-24,mozambique,,-18.665695,35.529562,1590,11,0.0,8,0,0.0
2020-07-25,mozambique,,-18.665695,35.529562,1616,11,0.0,26,0,0.0
2020-07-26,mozambique,,-18.665695,35.529562,1669,11,0.0,53,0,0.0
2020-07-27,mozambique,,-18.665695,35.529562,1701,11,0.0,32,0,0.0
2020-07-28,mozambique,,-18.665695,35.529562,1720,11,0.0,19,0,0.0
2020-07-29,mozambique,,-18.665695,35.529562,1748,11,0.0,28,0,0.0
2020-07-30,mozambique,,-18.665695,35.529562,1808,11,0.0,60,0,0.0
2020-07-31,mozambique,,-18.665695,35.529562,1864,11,0.0,56,0,0.0
