date,country,state,lat,long,confirmed,deaths,recovered,confirmed_new,deaths_new,recovered_new
2020-01-22,nigeria,,9.082,8.6753,0,0,0.0,0,0,0.0
2020-01-23,nigeria,,9.082,8.6753,0,0,0.0,0,0,0.0
2020-01-24,nigeria,,9.082,8.6753,0,0,0.0,0,0,0.0
2020-01-25,nigeria,,9.082,8.6753,0,0,0.0,0,0,0.0
2020-01-26,nigeria,,9.082,8.6753,0,0,0.0,0,0,0.0
2020-01-27,nigeria,,9.082,8.6753,0,0,0.0,0,0,0.0
2020-01-28,nigeria,,9.082,8.6753,0,0,0.0,0,0,0.0
2020-01-29,nigeria,,9.082,8.6753,0,0,0.0,0,0,0.0
2020-01-30,nigeria,,9.082,8.6753,0,0,0.0,0,0,0.0
2020-01-31,nigeria,,9.082,8.6753,0,0,0.0,0,0,0.0
2020-02-01,nigeria,,9.082,8.6753,0,0,0.0,0,0,0.0
2020-02-02,nigeria,,9.082,8.6753,0,0,0.0,0,0,0.0
2020-02-03,nigeria,,9.082,8.6753,0,0,0.0,0,0,0.0
2020-02-04,nigeria,,9.082,8.6753,0,0,0.0,0,0,0.0
2020-02-05,nigeria,,9.082,8.6753,0,0,0.0,0,0,0.0
2020-02-06,nigeria,,9.082,8.6753,0,0,0.0,0,0,0.0
2020-02-07,nigeria,,9.082,8.6753,0,0,0.0,0,0,0.0
2020-02-08,nigeria,,9.082,8.6753,0,0,0.0,0,0,0.0
2020-02-09,nigeria,,9.082,8.6753,0,0,0.0,0,0,0.0
2020-02-10,nigeria,,9.082,8.6753,0,0,0.0,0,0,0.0
2020-02-11,nigeria,,9.082,8.6753,0,0,0.0,0,0,0.0
2020-02-12,nigeria,,9.082,8.6753,0,0,0.0,0,0,0.0
2020-02-13,nigeria,,9.082,8.6753,0,0,0.0,0,0,0.0
2020-02-14,nigeria,,9.082,8.6753,0,0,0.0,0,0,0.0
2020-02-15,nigeria,,9.082,8.6753,0,0,0.0,0,0,0.0
2020-02-16,nigeria,,9.082,8.6753,0,0,0.0,0,0,0.0
2020-02-17,nigeria,,9.082,8.6753,0,0,0.0,0,0,0.0
2020-02-18,nigeria,,9.082,8.6753,0,0,0.0,0,0,0.0
2020-02-19,nigeria,,9.082,8.6753,0,0,0.0,0,0,0.0
2020-02-20,nigeria,,9.082,8.6753,0,0,0.0,0,0,0.0
2020-02-21,nigeria,,9.082,8.6753,0,0,0.0,0,0,0.0
2020-02-22,nigeria,,9.082,8.6753,0,0,0.0,0,0,0.0
2020-02-23,nigeria,,9.082,8.6753,0,0,0.0,0,0,0.0
2020-02-24,nigeria,,9.082,8.6753,0,0,0.0,0,0,0.0
2020-02-25,nigeria,,9.082,8.6753,0,0,0.0,0,0,0.0
2020-02-26,nigeria,,9.082,8.6753,0,0,0.0,0,0,0.0
2020-02-27,nigeria,,9.082,8.6753,0,0,0.0,0,0,0.0
2020-02-28,nigeria,,9.082,8.6753,1,0,0.0,1,0,0.0
2020-02-29,nigeria,,9.082,8.6753,1,0,0.0,0,0,0.0
2020-03-01,nigeria,,9.082,8.6753,1,0,0.0,0,0,0.0
2020-03-02,nigeria,,9.082,8.6753,1,0,0.0,0,0,0.0
2020-03-03,nigeria,,9.082,8.6753,1,0,0.0,0,0,0.0
2020-03-04,nigeria,,9.082,8.6753,1,0,0.0,0,0,0.0
2020-03-05,nigeria,,9.082,8.6753,1,0,0.0,0,0,0.0
2020-03-06,nigeria,,9.082,8.6753,1,0,0.0,0,0,0.0
2020-03-07,nigeria,,9.082,8.6753,1,0,0.0,0,0,0.0
2020-03-08,nigeria,,9.082,8.6753,1,0,0.0,0,0,0.0
2020-03-09,nigeria,,9.082,8.6753,2,0,0.0,1,0,0.0
2020-03-10,nigeria,,9.082,8.6753,2,0,0.0,0,0,0.0
2020-03-11,nigeria,,9.082,8.6753,2,0,0.0,0,0,0.0
2020-03-12,nigeria,,9.082,8.6753,2,0,0.0,0,0,0.0
2020-03-13,nigeria,,9.082,8.6753,2,0,0.0,0,0,0.0
2020-03-14,nigeria,,9.082,8.6753,2,0,0.0,0,0,0.0
2020-03-15,nigeria,,9.082,8.6753,2,0,0.0,0,0,0.0
2020-03-16,nigeria,,9.082,8.6753,2,0,0.0,0,0,0.0
2020-03-17,nigeria,,9.082,8.6753,3,0,0.0,1,0,0.0
2020-03-18,nigeria,,9.082,8.6753,8,0,1.0,5,0,1.0
2020-03-19,nigeria,,9.082,8.6753,8,0,1.0,0,0,0.0
2020-03-20,nigeria,,9.082,8.6753,12,0,1.0,4,0,0.0
2020-03-21,nigeria,,9.082,8.6753,22,0,1.0,10,0,0.0
2020-03-22,nigeria,,9.082,8.6753,30,0,2.0,8,0,1.0
2020-03-23,nigeria,,9.082,8.6753,40,1,2.0,10,1,0.0
2020-03-24,nigeria,,9.082,8.6753,44,1,2.0,4,0,0.0
2020-03-25,nigeria,,9.082,8.6753,51,1,2.0,7,0,0.0
2020-03-26,nigeria,,9.082,8.6753,65,1,2.0,14,0,0.0
2020-03-27,nigeria,,9.082,8.6753,70,1,3.0,5,0,1.0
2020-03-28,nigeria,,9.082,8.6753,89,1,3.0,19,0,0.0
2020-03-29,nigeria,,9.082,8.6753,111,1,3.0,22,0,0.0
2020-03-30,nigeria,,9.082,8.6753,131,2,8.0,20,1,5.0
2020-03-31,nigeria,,9.082,8.6753,135,2,8.0,4,0,0.0
2020-04-01,nigeria,,9.082,8.6753,174,2,9.0,39,0,1.0
2020-04-02,nigeria,,9.082,8.6753,184,2,20.0,10,0,11.0
2020-04-03,nigeria,,9.082,8.6753,210,4,25.0,26,2,5.0
2020-04-04,nigeria,,9.082,8.6753,214,4,25.0,4,0,0.0
2020-04-05,nigeria,,9.082,8.6753,232,5,33.0,18,1,8.0
2020-04-06,nigeria,,9.082,8.6753,238,5,35.0,6,0,2.0
2020-04-07,nigeria,,9.082,8.6753,254,6,44.0,16,1,9.0
2020-04-08,nigeria,,9.082,8.6753,276,6,44.0,22,0,0.0
2020-04-09,nigeria,,9.082,8.6753,288,7,51.0,12,1,7.0
2020-04-10,nigeria,,9.082,8.6753,305,7,58.0,17,0,7.0
2020-04-11,nigeria,,9.082,8.6753,318,10,70.0,13,3,12.0
2020-04-12,nigeria,,9.082,8.6753,323,10,85.0,5,0,15.0
2020-04-13,nigeria,,9.082,8.6753,343,10,91.0,20,0,6.0
2020-04-14,nigeria,,9.082,8.6753,373,11,99.0,30,1,8.0
2020-04-15,nigeria,,9.082,8.6753,407,12,128.0,34,1,29.0
2020-04-16,nigeria,,9.082,8.6753,442,13,152.0,35,1,24.0
2020-04-17,nigeria,,9.082,8.6753,493,17,159.0,51,4,7.0
2020-04-18,nigeria,,9.082,8.6753,542,19,166.0,49,2,7.0
2020-04-19,nigeria,,9.082,8.6753,627,21,170.0,85,2,4.0
2020-04-20,nigeria,,9.082,8.6753,665,22,188.0,38,1,18.0
2020-04-21,nigeria,,9.082,8.6753,665,22,188.0,0,0,0.0
2020-04-22,nigeria,,9.082,8.6753,873,28,197.0,208,6,9.0
2020-04-23,nigeria,,9.082,8.6753,981,31,197.0,108,3,0.0
2020-04-24,nigeria,,9.082,8.6753,1095,32,208.0,114,1,11.0
2020-04-25,nigeria,,9.082,8.6753,1182,35,222.0,87,3,14.0
2020-04-26,nigeria,,9.082,8.6753,1273,40,239.0,91,5,17.0
2020-04-27,nigeria,,9.082,8.6753,1337,40,255.0,64,0,16.0
2020-04-28,nigeria,,9.082,8.6753,1532,44,255.0,195,4,0.0
2020-04-29,nigeria,,9.082,8.6753,1728,51,307.0,196,7,52.0
2020-04-30,nigeria,,9.082,8.6753,1932,58,319.0,204,7,12.0
2020-05-01,nigeria,,9.082,8.6753,2170,68,351.0,238,10,32.0
2020-05-02,nigeria,,9.082,8.6753,2388,85,351.0,218,17,0.0
2020-05-03,nigeria,,9.082,8.6753,2558,87,400.0,170,2,49.0
2020-05-04,nigeria,,9.082,8.6753,2802,93,417.0,244,6,17.0
2020-05-05,nigeria,,9.082,8.6753,2950,98,481.0,148,5,64.0
2020-05-06,nigeria,,9.082,8.6753,3145,103,534.0,195,5,53.0
2020-05-07,nigeria,,9.082,8.6753,3526,107,601.0,381,4,67.0
2020-05-08,nigeria,,9.082,8.6753,3912,117,679.0,386,10,78.0
2020-05-09,nigeria,,9.082,8.6753,4151,128,745.0,239,11,66.0
2020-05-10,nigeria,,9.082,8.6753,4399,143,778.0,248,15,33.0
2020-05-11,nigeria,,9.082,8.6753,4641,150,902.0,242,7,124.0
2020-05-12,nigeria,,9.082,8.6753,4787,158,959.0,146,8,57.0
2020-05-13,nigeria,,9.082,8.6753,4971,164,1070.0,184,6,111.0
2020-05-14,nigeria,,9.082,8.6753,5162,167,1180.0,191,3,110.0
2020-05-15,nigeria,,9.082,8.6753,5450,171,1320.0,288,4,140.0
2020-05-16,nigeria,,9.082,8.6753,5621,176,1472.0,171,5,152.0
2020-05-17,nigeria,,9.082,8.6753,5959,182,1594.0,338,6,122.0
2020-05-18,nigeria,,9.082,8.6753,6175,191,1644.0,216,9,50.0
2020-05-19,nigeria,,9.082,8.6753,6401,192,1734.0,226,1,90.0
2020-05-20,nigeria,,9.082,8.6753,6677,200,1840.0,276,8,106.0
2020-05-21,nigeria,,9.082,8.6753,7016,211,1907.0,339,11,67.0
2020-05-22,nigeria,,9.082,8.6753,7261,221,2007.0,245,10,100.0
2020-05-23,nigeria,,9.082,8.6753,7526,221,2174.0,265,0,167.0
2020-05-24,nigeria,,9.082,8.6753,7839,226,2263.0,313,5,89.0
2020-05-25,nigeria,,9.082,8.6753,8068,233,2311.0,229,7,48.0
2020-05-26,nigeria,,9.082,8.6753,8344,249,2385.0,276,16,74.0
2020-05-27,nigeria,,9.082,8.6753,8733,254,2501.0,389,5,116.0
2020-05-28,nigeria,,9.082,8.6753,8915,259,2592.0,182,5,91.0
2020-05-29,nigeria,,9.082,8.6753,9302,261,2697.0,387,2,105.0
2020-05-30,nigeria,,9.082,8.6753,9855,273,2856.0,553,12,159.0
2020-05-31,nigeria,,9.082,8.6753,10162,287,3007.0,307,14,151.0
2020-06-01,nigeria,,9.082,8.6753,10578,299,3122.0,416,12,115.0
2020-06-02,nigeria,,9.082,8.6753,10819,314,3240.0,241,15,118.0
2020-06-03,nigeria,,9.082,8.6753,11166,315,3329.0,347,1,89.0
2020-06-04,nigeria,,9.082,8.6753,11516,323,3535.0,350,8,206.0
2020-06-05,nigeria,,9.082,8.6753,11844,333,3696.0,328,10,161.0
2020-06-06,nigeria,,9.082,8.6753,12233,342,3826.0,389,9,130.0
2020-06-07,nigeria,,9.082,8.6753,12486,354,3959.0,253,12,133.0
2020-06-08,nigeria,,9.082,8.6753,12801,361,4040.0,315,7,81.0
2020-06-09,nigeria,,9.082,8.6753,13464,365,4206.0,663,4,166.0
2020-06-10,nigeria,,9.082,8.6753,13873,382,4351.0,409,17,145.0
2020-06-11,nigeria,,9.082,8.6753,14554,387,4494.0,681,5,143.0
2020-06-12,nigeria,,9.082,8.6753,15181,399,4891.0,627,12,397.0
2020-06-13,nigeria,,9.082,8.6753,15682,407,5101.0,501,8,210.0
2020-06-14,nigeria,,9.082,8.6753,16085,420,5220.0,403,13,119.0
2020-06-15,nigeria,,9.082,8.6753,16658,424,5349.0,573,4,129.0
2020-06-16,nigeria,,9.082,8.6753,17148,455,5623.0,490,31,274.0
2020-06-17,nigeria,,9.082,8.6753,17735,469,5967.0,587,14,344.0
2020-06-18,nigeria,,9.082,8.6753,18480,475,6307.0,745,6,340.0
2020-06-19,nigeria,,9.082,8.6753,19147,487,6581.0,667,12,274.0
2020-06-20,nigeria,,9.082,8.6753,19808,506,6718.0,661,19,137.0
2020-06-21,nigeria,,9.082,8.6753,20244,518,6879.0,436,12,161.0
2020-06-22,nigeria,,9.082,8.6753,20919,525,7109.0,675,7,230.0
2020-06-23,nigeria,,9.082,8.6753,21371,533,7338.0,452,8,229.0
2020-06-24,nigeria,,9.082,8.6753,22020,542,7613.0,649,9,275.0
2020-06-25,nigeria,,9.082,8.6753,22614,549,7822.0,594,7,209.0
2020-06-26,nigeria,,9.082,8.6753,23298,554,8253.0,684,5,431.0
2020-06-27,nigeria,,9.082,8.6753,24077,558,8625.0,779,4,372.0
2020-06-28,nigeria,,9.082,8.6753,24567,565,9007.0,490,7,382.0
2020-06-29,nigeria,,9.082,8.6753,25133,573,9402.0,566,8,395.0
2020-06-30,nigeria,,9.082,8.6753,25694,590,9746.0,561,17,344.0
2020-07-01,nigeria,,9.082,8.6753,26484,603,10152.0,790,13,406.0
2020-07-02,nigeria,,9.082,8.6753,27110,616,10801.0,626,13,649.0
2020-07-03,nigeria,,9.082,8.6753,27564,628,11069.0,454,12,268.0
2020-07-04,nigeria,,9.082,8.6753,28167,634,11462.0,603,6,393.0
2020-07-05,nigeria,,9.082,8.6753,28711,645,11665.0,544,11,203.0
2020-07-06,nigeria,,9.082,8.6753,29286,654,11828.0,575,9,163.0
2020-07-07,nigeria,,9.082,8.6753,29789,669,12108.0,503,15,280.0
2020-07-08,nigeria,,9.082,8.6753,30249,684,12373.0,460,15,265.0
2020-07-09,nigeria,,9.082,8.6753,30748,689,12546.0,499,5,173.0
2020-07-10,nigeria,,9.082,8.6753,31323,709,12795.0,575,20,249.0
2020-07-11,nigeria,,9.082,8.6753,31987,724,13103.0,664,15,308.0
2020-07-12,nigeria,,9.082,8.6753,32558,740,13447.0,571,16,344.0
2020-07-13,nigeria,,9.082,8.6753,33153,744,13671.0,595,4,224.0
2020-07-14,nigeria,,9.082,8.6753,33616,754,13792.0,463,10,121.0
2020-07-15,nigeria,,9.082,8.6753,34259,760,13999.0,643,6,207.0
2020-07-16,nigeria,,9.082,8.6753,34854,769,14292.0,595,9,293.0
2020-07-17,nigeria,,9.082,8.6753,35454,772,14633.0,600,3,341.0
2020-07-18,nigeria,,9.082,8.6753,36107,778,14938.0,653,6,305.0
2020-07-19,nigeria,,9.082,8.6753,36663,789,15105.0,556,11,167.0
2020-07-20,nigeria,,9.082,8.6753,37225,801,15333.0,562,12,228.0
2020-07-21,nigeria,,9.082,8.6753,37801,805,15677.0,576,4,344.0
2020-07-22,nigeria,,9.082,8.6753,38344,813,15815.0,543,8,138.0
2020-07-23,nigeria,,9.082,8.6753,38948,833,16061.0,604,20,246.0
2020-07-24,nigeria,,9.082,8.6753,39539,845,16559.0,591,12,498.0
2020-07-25,nigeria,,9.082,8.6753,39977,856,16948.0,438,11,389.0
2020-07-26,nigeria,,9.082,8.6753,40532,858,17374.0,555,2,426.0
2020-07-27,nigeria,,9.082,8.6753,41180,860,18203.0,648,2,829.0
2020-07-28,nigeria,,9.082,8.6753,41804,868,18764.0,624,8,561.0
2020-07-29,nigeria,,9.082,8.6753,42208,873,19004.0,404,5,240.0
2020-07-30,nigeria,,9.082,8.6753,42689,878,19270.0,481,5,266.0
2020-07-31,nigeria,,9.082,8.6753,43151,879,19565.0,462,1,295.0
