date,country,state,lat,long,confirmed,deaths,recovered,confirmed_new,deaths_new,recovered_new
2020-01-22,panama,,8.538,-80.7821,0,0,0.0,0,0,0.0
2020-01-23,panama,,8.538,-80.7821,0,0,0.0,0,0,0.0
2020-01-24,panama,,8.538,-80.7821,0,0,0.0,0,0,0.0
2020-01-25,panama,,8.538,-80.7821,0,0,0.0,0,0,0.0
2020-01-26,panama,,8.538,-80.7821,0,0,0.0,0,0,0.0
2020-01-27,panama,,8.538,-80.7821,0,0,0.0,0,0,0.0
2020-01-28,panama,,8.538,-80.7821,0,0,0.0,0,0,0.0
2020-01-29,panama,,8.538,-80.7821,0,0,0.0,0,0,0.0
2020-01-30,panama,,8.538,-80.7821,0,0,0.0,0,0,0.0
2020-01-31,panama,,8.538,-80.7821,0,0,0.0,0,0,0.0
2020-02-01,panama,,8.538,-80.7821,0,0,0.0,0,0,0.0
2020-02-02,panama,,8.538,-80.7821,0,0,0.0,0,0,0.0
2020-02-03,panama,,8.538,-80.7821,0,0,0.0,0,0,0.0
2020-02-04,panama,,8.538,-80.7821,0,0,0.0,0,0,0.0
2020-02-05,panama,,8.538,-80.7821,0,0,0.0,0,0,0.0
2020-02-06,panama,,8.538,-80.7821,0,0,0.0,0,0,0.0
2020-02-07,panama,,8.538,-80.7821,0,0,0.0,0,0,0.0
2020-02-08,panama,,8.538,-80.7821,0,0,0.0,0,0,0.0
2020-02-09,panama,,8.538,-80.7821,0,0,0.0,0,0,0.0
2020-02-10,panama,,8.538,-80.7821,0,0,0.0,0,0,0.0
2020-02-11,panama,,8.538,-80.7821,0,0,0.0,0,0,0.0
2020-02-12,panama,,8.538,-80.7821,0,0,0.0,0,0,0.0
2020-02-13,panama,,8.538,-80.7821,0,0,0.0,0,0,0.0
2020-02-14,panama,,8.538,-80.7821,0,0,0.0,0,0,0.0
2020-02-15,panama,,8.538,-80.7821,0,0,0.0,0,0,0.0
2020-02-16,panama,,8.538,-80.7821,0,0,0.0,0,0,0.0
2020-02-17,panama,,8.538,-80.7821,0,0,0.0,0,0,0.0
2020-02-18,panama,,8.538,-80.7821,0,0,0.0,0,0,0.0
2020-02-19,panama,,8.538,-80.7821,0,0,0.0,0,0,0.0
2020-02-20,panama,,8.538,-80.7821,0,0,0.0,0,0,0.0
2020-02-21,panama,,8.538,-80.7821,0,0,0.0,0,0,0.0
2020-02-22,panama,,8.538,-80.7821,0,0,0.0,0,0,0.0
2020-02-23,panama,,8.538,-80.7821,0,0,0.0,0,0,0.0
2020-02-24,panama,,8.538,-80.7821,0,0,0.0,0,0,0.0
2020-02-25,panama,,8.538,-80.7821,0,0,0.0,0,0,0.0
2020-02-26,panama,,8.538,-80.7821,0,0,0.0,0,0,0.0
2020-02-27,panama,,8.538,-80.7821,0,0,0.0,0,0,0.0
2020-02-28,panama,,8.538,-80.7821,0,0,0.0,0,0,0.0
2020-02-29,panama,,8.538,-80.7821,0,0,0.0,0,0,0.0
2020-03-01,panama,,8.538,-80.7821,0,0,0.0,0,0,0.0
2020-03-02,panama,,8.538,-80.7821,0,0,0.0,0,0,0.0
2020-03-03,panama,,8.538,-80.7821,0,0,0.0,0,0,0.0
2020-03-04,panama,,8.538,-80.7821,0,0,0.0,0,0,0.0
2020-03-05,panama,,8.538,-80.7821,0,0,0.0,0,0,0.0
2020-03-06,panama,,8.538,-80.7821,0,0,0.0,0,0,0.0
2020-03-07,panama,,8.538,-80.7821,0,0,0.0,0,0,0.0
2020-03-08,panama,,8.538,-80.7821,0,0,0.0,0,0,0.0
2020-03-09,panama,,8.538,-80.7821,0,0,0.0,0,0,0.0
2020-03-10,panama,,8.538,-80.7821,1,0,0.0,1,0,0.0
2020-03-11,panama,,8.538,-80.7821,8,1,0.0,7,1,0.0
2020-03-12,panama,,8.538,-80.7821,11,1,0.0,3,0,0.0
2020-03-13,panama,,8.538,-80.7821,27,1,0.0,16,0,0.0
2020-03-14,panama,,8.538,-80.7821,36,1,0.0,9,0,0.0
2020-03-15,panama,,8.538,-80.7821,43,1,0.0,7,0,0.0
2020-03-16,panama,,8.538,-80.7821,55,1,0.0,12,0,0.0
2020-03-17,panama,,8.538,-80.7821,69,1,0.0,14,0,0.0
2020-03-18,panama,,8.538,-80.7821,86,1,0.0,17,0,0.0
2020-03-19,panama,,8.538,-80.7821,109,1,0.0,23,0,0.0
2020-03-20,panama,,8.538,-80.7821,137,1,0.0,28,0,0.0
2020-03-21,panama,,8.538,-80.7821,200,1,0.0,63,0,0.0
2020-03-22,panama,,8.538,-80.7821,313,3,0.0,113,2,0.0
2020-03-23,panama,,8.538,-80.7821,345,6,0.0,32,3,0.0
2020-03-24,panama,,8.538,-80.7821,345,6,1.0,0,0,1.0
2020-03-25,panama,,8.538,-80.7821,443,8,1.0,98,2,0.0
2020-03-26,panama,,8.538,-80.7821,558,8,2.0,115,0,1.0
2020-03-27,panama,,8.538,-80.7821,674,9,2.0,116,1,0.0
2020-03-28,panama,,8.538,-80.7821,786,14,2.0,112,5,0.0
2020-03-29,panama,,8.538,-80.7821,901,17,4.0,115,3,2.0
2020-03-30,panama,,8.538,-80.7821,989,24,4.0,88,7,0.0
2020-03-31,panama,,8.538,-80.7821,1181,30,9.0,192,6,5.0
2020-04-01,panama,,8.538,-80.7821,1181,30,9.0,0,0,0.0
2020-04-02,panama,,8.538,-80.7821,1317,32,9.0,136,2,0.0
2020-04-03,panama,,8.538,-80.7821,1475,37,10.0,158,5,1.0
2020-04-04,panama,,8.538,-80.7821,1673,41,13.0,198,4,3.0
2020-04-05,panama,,8.538,-80.7821,1801,46,13.0,128,5,0.0
2020-04-06,panama,,8.538,-80.7821,1988,54,13.0,187,8,0.0
2020-04-07,panama,,8.538,-80.7821,2100,55,14.0,112,1,1.0
2020-04-08,panama,,8.538,-80.7821,2249,59,16.0,149,4,2.0
2020-04-09,panama,,8.538,-80.7821,2528,63,16.0,279,4,0.0
2020-04-10,panama,,8.538,-80.7821,2752,66,16.0,224,3,0.0
2020-04-11,panama,,8.538,-80.7821,2974,74,17.0,222,8,1.0
2020-04-12,panama,,8.538,-80.7821,3234,79,23.0,260,5,6.0
2020-04-13,panama,,8.538,-80.7821,3400,87,29.0,166,8,6.0
2020-04-14,panama,,8.538,-80.7821,3472,94,61.0,72,7,32.0
2020-04-15,panama,,8.538,-80.7821,3574,95,72.0,102,1,11.0
2020-04-16,panama,,8.538,-80.7821,3751,103,75.0,177,8,3.0
2020-04-17,panama,,8.538,-80.7821,4016,109,98.0,265,6,23.0
2020-04-18,panama,,8.538,-80.7821,4210,116,122.0,194,7,24.0
2020-04-19,panama,,8.538,-80.7821,4273,120,140.0,63,4,18.0
2020-04-20,panama,,8.538,-80.7821,4467,126,165.0,194,6,25.0
2020-04-21,panama,,8.538,-80.7821,4658,136,204.0,191,10,39.0
2020-04-22,panama,,8.538,-80.7821,4821,141,231.0,163,5,27.0
2020-04-23,panama,,8.538,-80.7821,5166,146,271.0,345,5,40.0
2020-04-24,panama,,8.538,-80.7821,5338,154,319.0,172,8,48.0
2020-04-25,panama,,8.538,-80.7821,5538,159,338.0,200,5,19.0
2020-04-26,panama,,8.538,-80.7821,5779,165,338.0,241,6,0.0
2020-04-27,panama,,8.538,-80.7821,6021,167,455.0,242,2,117.0
2020-04-28,panama,,8.538,-80.7821,6021,167,455.0,0,0,0.0
2020-04-29,panama,,8.538,-80.7821,6378,178,527.0,357,11,72.0
2020-04-30,panama,,8.538,-80.7821,6532,188,576.0,154,10,49.0
2020-05-01,panama,,8.538,-80.7821,6720,192,622.0,188,4,46.0
2020-05-02,panama,,8.538,-80.7821,7090,197,641.0,370,5,19.0
2020-05-03,panama,,8.538,-80.7821,7090,197,641.0,0,0,0.0
2020-05-04,panama,,8.538,-80.7821,7197,200,641.0,107,3,0.0
2020-05-05,panama,,8.538,-80.7821,7523,210,823.0,326,10,182.0
2020-05-06,panama,,8.538,-80.7821,7731,218,859.0,208,8,36.0
2020-05-07,panama,,8.538,-80.7821,7868,225,886.0,137,7,27.0
2020-05-08,panama,,8.538,-80.7821,8070,231,886.0,202,6,0.0
2020-05-09,panama,,8.538,-80.7821,8282,237,4501.0,212,6,3615.0
2020-05-10,panama,,8.538,-80.7821,8448,244,4687.0,166,7,186.0
2020-05-11,panama,,8.538,-80.7821,8616,249,4687.0,168,5,0.0
2020-05-12,panama,,8.538,-80.7821,8783,252,6021.0,167,3,1334.0
2020-05-13,panama,,8.538,-80.7821,8944,256,6067.0,161,4,46.0
2020-05-14,panama,,8.538,-80.7821,9118,260,6080.0,174,4,13.0
2020-05-15,panama,,8.538,-80.7821,9268,266,6080.0,150,6,0.0
2020-05-16,panama,,8.538,-80.7821,9449,269,6080.0,181,3,0.0
2020-05-17,panama,,8.538,-80.7821,9606,275,6081.0,157,6,1.0
2020-05-18,panama,,8.538,-80.7821,9726,279,6081.0,120,4,0.0
2020-05-19,panama,,8.538,-80.7821,9867,281,6194.0,141,2,113.0
2020-05-20,panama,,8.538,-80.7821,9977,287,6194.0,110,6,0.0
2020-05-21,panama,,8.538,-80.7821,10116,291,6245.0,139,4,51.0
2020-05-22,panama,,8.538,-80.7821,10267,295,6275.0,151,4,30.0
2020-05-23,panama,,8.538,-80.7821,10577,299,6279.0,310,4,4.0
2020-05-24,panama,,8.538,-80.7821,10926,306,6279.0,349,7,0.0
2020-05-25,panama,,8.538,-80.7821,11183,310,6279.0,257,4,0.0
2020-05-26,panama,,8.538,-80.7821,11447,313,6379.0,264,3,100.0
2020-05-27,panama,,8.538,-80.7821,11728,315,7379.0,281,2,1000.0
2020-05-28,panama,,8.538,-80.7821,12131,320,7379.0,403,5,0.0
2020-05-29,panama,,8.538,-80.7821,12531,326,7540.0,400,6,161.0
2020-05-30,panama,,8.538,-80.7821,13018,330,9414.0,487,4,1874.0
2020-05-31,panama,,8.538,-80.7821,13463,336,9514.0,445,6,100.0
2020-06-01,panama,,8.538,-80.7821,13837,344,9514.0,374,8,0.0
2020-06-02,panama,,8.538,-80.7821,14095,352,9514.0,258,8,0.0
2020-06-03,panama,,8.538,-80.7821,14609,357,9519.0,514,5,5.0
2020-06-04,panama,,8.538,-80.7821,15044,363,9619.0,435,6,100.0
2020-06-05,panama,,8.538,-80.7821,15463,370,9719.0,419,7,100.0
2020-06-06,panama,,8.538,-80.7821,16004,386,10118.0,541,16,399.0
2020-06-07,panama,,8.538,-80.7821,16425,393,10218.0,421,7,100.0
2020-06-08,panama,,8.538,-80.7821,16854,398,10401.0,429,5,183.0
2020-06-09,panama,,8.538,-80.7821,17233,403,10561.0,379,5,160.0
2020-06-10,panama,,8.538,-80.7821,17889,413,10977.0,656,10,416.0
2020-06-11,panama,,8.538,-80.7821,18586,418,10977.0,697,5,0.0
2020-06-12,panama,,8.538,-80.7821,19211,421,13759.0,625,3,2782.0
2020-06-13,panama,,8.538,-80.7821,20059,429,13759.0,848,8,0.0
2020-06-14,panama,,8.538,-80.7821,21418,437,13766.0,1359,8,7.0
2020-06-15,panama,,8.538,-80.7821,21422,448,13766.0,4,11,0.0
2020-06-16,panama,,8.538,-80.7821,21962,457,13774.0,540,9,8.0
2020-06-17,panama,,8.538,-80.7821,22597,470,13774.0,635,13,0.0
2020-06-18,panama,,8.538,-80.7821,23351,475,13782.0,754,5,8.0
2020-06-19,panama,,8.538,-80.7821,24274,485,14359.0,923,10,577.0
2020-06-20,panama,,8.538,-80.7821,25222,493,14359.0,948,8,0.0
2020-06-21,panama,,8.538,-80.7821,26030,501,14359.0,808,8,0.0
2020-06-22,panama,,8.538,-80.7821,26752,521,14664.0,722,20,305.0
2020-06-23,panama,,8.538,-80.7821,27314,536,14694.0,562,15,30.0
2020-06-24,panama,,8.538,-80.7821,28030,547,14794.0,716,11,100.0
2020-06-25,panama,,8.538,-80.7821,29037,564,14800.0,1007,17,6.0
2020-06-26,panama,,8.538,-80.7821,29905,575,15270.0,868,11,470.0
2020-06-27,panama,,8.538,-80.7821,30658,592,15370.0,753,17,100.0
2020-06-28,panama,,8.538,-80.7821,31686,604,15470.0,1028,12,100.0
2020-06-29,panama,,8.538,-80.7821,32785,620,15595.0,1099,16,125.0
2020-06-30,panama,,8.538,-80.7821,33550,631,15745.0,765,11,150.0
2020-07-01,panama,,8.538,-80.7821,34463,645,15945.0,913,14,200.0
2020-07-02,panama,,8.538,-80.7821,35237,667,16445.0,774,22,500.0
2020-07-03,panama,,8.538,-80.7821,35995,698,16945.0,758,31,500.0
2020-07-04,panama,,8.538,-80.7821,36983,720,17761.0,988,22,816.0
2020-07-05,panama,,8.538,-80.7821,38149,747,17986.0,1166,27,225.0
2020-07-06,panama,,8.538,-80.7821,39334,770,18036.0,1185,23,50.0
2020-07-07,panama,,8.538,-80.7821,40291,799,18726.0,957,29,690.0
2020-07-08,panama,,8.538,-80.7821,41251,819,19469.0,960,20,743.0
2020-07-09,panama,,8.538,-80.7821,42216,839,20437.0,965,20,968.0
2020-07-10,panama,,8.538,-80.7821,43257,863,21426.0,1041,24,989.0
2020-07-11,panama,,8.538,-80.7821,44332,893,22170.0,1075,30,744.0
2020-07-12,panama,,8.538,-80.7821,45633,909,23039.0,1301,16,869.0
2020-07-13,panama,,8.538,-80.7821,47173,932,23919.0,1540,23,880.0
2020-07-14,panama,,8.538,-80.7821,48096,960,24667.0,923,28,748.0
2020-07-15,panama,,8.538,-80.7821,49243,982,25417.0,1147,22,750.0
2020-07-16,panama,,8.538,-80.7821,50373,1000,25842.0,1130,18,425.0
2020-07-17,panama,,8.538,-80.7821,51408,1038,26520.0,1035,38,678.0
2020-07-18,panama,,8.538,-80.7821,52261,1071,27494.0,853,33,974.0
2020-07-19,panama,,8.538,-80.7821,53468,1096,28482.0,1207,25,988.0
2020-07-20,panama,,8.538,-80.7821,54426,1127,29164.0,958,31,682.0
2020-07-21,panama,,8.538,-80.7821,55153,1159,30075.0,727,32,911.0
2020-07-22,panama,,8.538,-80.7821,55906,1180,31122.0,753,21,1047.0
2020-07-23,panama,,8.538,-80.7821,56817,1209,31828.0,911,29,706.0
2020-07-24,panama,,8.538,-80.7821,57993,1250,32704.0,1176,41,876.0
2020-07-25,panama,,8.538,-80.7821,58864,1275,33428.0,871,25,724.0
2020-07-26,panama,,8.538,-80.7821,60296,1294,34131.0,1432,19,703.0
2020-07-27,panama,,8.538,-80.7821,61442,1322,35086.0,1146,28,955.0
2020-07-28,panama,,8.538,-80.7821,62223,1349,36181.0,781,27,1095.0
2020-07-29,panama,,8.538,-80.7821,63269,1374,37316.0,1046,25,1135.0
2020-07-30,panama,,8.538,-80.7821,64191,1397,38218.0,922,23,902.0
2020-07-31,panama,,8.538,-80.7821,65256,1421,39166.0,1065,24,948.0
