date,country,state,lat,long,confirmed,deaths,recovered,confirmed_new,deaths_new,recovered_new
2020-01-22,portugal,,39.3999,-8.2245,0,0,0.0,0,0,0.0
2020-01-23,portugal,,39.3999,-8.2245,0,0,0.0,0,0,0.0
2020-01-24,portugal,,39.3999,-8.2245,0,0,0.0,0,0,0.0
2020-01-25,portugal,,39.3999,-8.2245,0,0,0.0,0,0,0.0
2020-01-26,portugal,,39.3999,-8.2245,0,0,0.0,0,0,0.0
2020-01-27,portugal,,39.3999,-8.2245,0,0,0.0,0,0,0.0
2020-01-28,portugal,,39.3999,-8.2245,0,0,0.0,0,0,0.0
2020-01-29,portugal,,39.3999,-8.2245,0,0,0.0,0,0,0.0
2020-01-30,portugal,,39.3999,-8.2245,0,0,0.0,0,0,0.0
2020-01-31,portugal,,39.3999,-8.2245,0,0,0.0,0,0,0.0
2020-02-01,portugal,,39.3999,-8.2245,0,0,0.0,0,0,0.0
2020-02-02,portugal,,39.3999,-8.2245,0,0,0.0,0,0,0.0
2020-02-03,portugal,,39.3999,-8.2245,0,0,0.0,0,0,0.0
2020-02-04,portugal,,39.3999,-8.2245,0,0,0.0,0,0,0.0
2020-02-05,portugal,,39.3999,-8.2245,0,0,0.0,0,0,0.0
2020-02-06,portugal,,39.3999,-8.2245,0,0,0.0,0,0,0.0
2020-02-07,portugal,,39.3999,-8.2245,0,0,0.0,0,0,0.0
2020-02-08,portugal,,39.3999,-8.2245,0,0,0.0,0,0,0.0
2020-02-09,portugal,,39.3999,-8.2245,0,0,0.0,0,0,0.0
2020-02-10,portugal,,39.3999,-8.2245,0,0,0.0,0,0,0.0
2020-02-11,portugal,,39.3999,-8.2245,0,0,0.0,0,0,0.0
2020-02-12,portugal,,39.3999,-8.2245,0,0,0.0,0,0,0.0
2020-02-13,portugal,,39.3999,-8.2245,0,0,0.0,0,0,0.0
2020-02-14,portugal,,39.3999,-8.2245,0,0,0.0,0,0,0.0
2020-02-15,portugal,,39.3999,-8.2245,0,0,0.0,0,0,0.0
2020-02-16,portugal,,39.3999,-8.2245,0,0,0.0,0,0,0.0
2020-02-17,portugal,,39.3999,-8.2245,0,0,0.0,0,0,0.0
2020-02-18,portugal,,39.3999,-8.2245,0,0,0.0,0,0,0.0
2020-02-19,portugal,,39.3999,-8.2245,0,0,0.0,0,0,0.0
2020-02-20,portugal,,39.3999,-8.2245,0,0,0.0,0,0,0.0
2020-02-21,portugal,,39.3999,-8.2245,0,0,0.0,0,0,0.0
2020-02-22,portugal,,39.3999,-8.2245,0,0,0.0,0,0,0.0
2020-02-23,portugal,,39.3999,-8.2245,0,0,0.0,0,0,0.0
2020-02-24,portugal,,39.3999,-8.2245,0,0,0.0,0,0,0.0
2020-02-25,portugal,,39.3999,-8.2245,0,0,0.0,0,0,0.0
2020-02-26,portugal,,39.3999,-8.2245,0,0,0.0,0,0,0.0
2020-02-27,portugal,,39.3999,-8.2245,0,0,0.0,0,0,0.0
2020-02-28,portugal,,39.3999,-8.2245,0,0,0.0,0,0,0.0
2020-02-29,portugal,,39.3999,-8.2245,0,0,0.0,0,0,0.0
2020-03-01,portugal,,39.3999,-8.2245,0,0,0.0,0,0,0.0
2020-03-02,portugal,,39.3999,-8.2245,2,0,0.0,2,0,0.0
2020-03-03,portugal,,39.3999,-8.2245,2,0,0.0,0,0,0.0
2020-03-04,portugal,,39.3999,-8.2245,5,0,0.0,3,0,0.0
2020-03-05,portugal,,39.3999,-8.2245,8,0,0.0,3,0,0.0
2020-03-06,portugal,,39.3999,-8.2245,13,0,0.0,5,0,0.0
2020-03-07,portugal,,39.3999,-8.2245,20,0,0.0,7,0,0.0
2020-03-08,portugal,,39.3999,-8.2245,30,0,0.0,10,0,0.0
2020-03-09,portugal,,39.3999,-8.2245,30,0,0.0,0,0,0.0
2020-03-10,portugal,,39.3999,-8.2245,41,0,0.0,11,0,0.0
2020-03-11,portugal,,39.3999,-8.2245,59,0,0.0,18,0,0.0
2020-03-12,portugal,,39.3999,-8.2245,59,0,0.0,0,0,0.0
2020-03-13,portugal,,39.3999,-8.2245,112,0,1.0,53,0,1.0
2020-03-14,portugal,,39.3999,-8.2245,169,0,2.0,57,0,1.0
2020-03-15,portugal,,39.3999,-8.2245,245,0,2.0,76,0,0.0
2020-03-16,portugal,,39.3999,-8.2245,331,0,3.0,86,0,1.0
2020-03-17,portugal,,39.3999,-8.2245,448,1,3.0,117,1,0.0
2020-03-18,portugal,,39.3999,-8.2245,448,2,3.0,0,1,0.0
2020-03-19,portugal,,39.3999,-8.2245,785,3,3.0,337,1,0.0
2020-03-20,portugal,,39.3999,-8.2245,1020,6,5.0,235,3,2.0
2020-03-21,portugal,,39.3999,-8.2245,1280,12,5.0,260,6,0.0
2020-03-22,portugal,,39.3999,-8.2245,1600,14,5.0,320,2,0.0
2020-03-23,portugal,,39.3999,-8.2245,2060,23,5.0,460,9,0.0
2020-03-24,portugal,,39.3999,-8.2245,2362,33,22.0,302,10,17.0
2020-03-25,portugal,,39.3999,-8.2245,2995,43,22.0,633,10,0.0
2020-03-26,portugal,,39.3999,-8.2245,3544,60,43.0,549,17,21.0
2020-03-27,portugal,,39.3999,-8.2245,4268,76,43.0,724,16,0.0
2020-03-28,portugal,,39.3999,-8.2245,5170,100,43.0,902,24,0.0
2020-03-29,portugal,,39.3999,-8.2245,5962,119,43.0,792,19,0.0
2020-03-30,portugal,,39.3999,-8.2245,6408,140,43.0,446,21,0.0
2020-03-31,portugal,,39.3999,-8.2245,7443,160,43.0,1035,20,0.0
2020-04-01,portugal,,39.3999,-8.2245,8251,187,43.0,808,27,0.0
2020-04-02,portugal,,39.3999,-8.2245,9034,209,68.0,783,22,25.0
2020-04-03,portugal,,39.3999,-8.2245,9886,246,68.0,852,37,0.0
2020-04-04,portugal,,39.3999,-8.2245,10524,266,75.0,638,20,7.0
2020-04-05,portugal,,39.3999,-8.2245,11278,295,75.0,754,29,0.0
2020-04-06,portugal,,39.3999,-8.2245,11730,311,140.0,452,16,65.0
2020-04-07,portugal,,39.3999,-8.2245,12442,345,184.0,712,34,44.0
2020-04-08,portugal,,39.3999,-8.2245,13141,380,196.0,699,35,12.0
2020-04-09,portugal,,39.3999,-8.2245,13956,409,205.0,815,29,9.0
2020-04-10,portugal,,39.3999,-8.2245,15472,435,233.0,1516,26,28.0
2020-04-11,portugal,,39.3999,-8.2245,15987,470,266.0,515,35,33.0
2020-04-12,portugal,,39.3999,-8.2245,16585,504,277.0,598,34,11.0
2020-04-13,portugal,,39.3999,-8.2245,16934,535,277.0,349,31,0.0
2020-04-14,portugal,,39.3999,-8.2245,17448,567,347.0,514,32,70.0
2020-04-15,portugal,,39.3999,-8.2245,18091,599,383.0,643,32,36.0
2020-04-16,portugal,,39.3999,-8.2245,18841,629,493.0,750,30,110.0
2020-04-17,portugal,,39.3999,-8.2245,19022,657,519.0,181,28,26.0
2020-04-18,portugal,,39.3999,-8.2245,19685,687,610.0,663,30,91.0
2020-04-19,portugal,,39.3999,-8.2245,20206,714,610.0,521,27,0.0
2020-04-20,portugal,,39.3999,-8.2245,20863,735,610.0,657,21,0.0
2020-04-21,portugal,,39.3999,-8.2245,21379,762,917.0,516,27,307.0
2020-04-22,portugal,,39.3999,-8.2245,21982,785,1143.0,603,23,226.0
2020-04-23,portugal,,39.3999,-8.2245,22353,820,1201.0,371,35,58.0
2020-04-24,portugal,,39.3999,-8.2245,22797,854,1228.0,444,34,27.0
2020-04-25,portugal,,39.3999,-8.2245,23392,880,1277.0,595,26,49.0
2020-04-26,portugal,,39.3999,-8.2245,23864,903,1329.0,472,23,52.0
2020-04-27,portugal,,39.3999,-8.2245,24027,928,1357.0,163,25,28.0
2020-04-28,portugal,,39.3999,-8.2245,24322,948,1389.0,295,20,32.0
2020-04-29,portugal,,39.3999,-8.2245,24505,973,1470.0,183,25,81.0
2020-04-30,portugal,,39.3999,-8.2245,25045,989,1519.0,540,16,49.0
2020-05-01,portugal,,39.3999,-8.2245,25351,1007,1647.0,306,18,128.0
2020-05-02,portugal,,39.3999,-8.2245,25190,1023,1671.0,-161,16,24.0
2020-05-03,portugal,,39.3999,-8.2245,25282,1043,1689.0,92,20,18.0
2020-05-04,portugal,,39.3999,-8.2245,25524,1063,1712.0,242,20,23.0
2020-05-05,portugal,,39.3999,-8.2245,25702,1074,1743.0,178,11,31.0
2020-05-06,portugal,,39.3999,-8.2245,26182,1089,2076.0,480,15,333.0
2020-05-07,portugal,,39.3999,-8.2245,26715,1105,2258.0,533,16,182.0
2020-05-08,portugal,,39.3999,-8.2245,27268,1114,2422.0,553,9,164.0
2020-05-09,portugal,,39.3999,-8.2245,27406,1126,2499.0,138,12,77.0
2020-05-10,portugal,,39.3999,-8.2245,27581,1135,2549.0,175,9,50.0
2020-05-11,portugal,,39.3999,-8.2245,27679,1144,2549.0,98,9,0.0
2020-05-12,portugal,,39.3999,-8.2245,27913,1163,3013.0,234,19,464.0
2020-05-13,portugal,,39.3999,-8.2245,28132,1175,3182.0,219,12,169.0
2020-05-14,portugal,,39.3999,-8.2245,28319,1184,3198.0,187,9,16.0
2020-05-15,portugal,,39.3999,-8.2245,28583,1190,3328.0,264,6,130.0
2020-05-16,portugal,,39.3999,-8.2245,28810,1203,3822.0,227,13,494.0
2020-05-17,portugal,,39.3999,-8.2245,29036,1218,4636.0,226,15,814.0
2020-05-18,portugal,,39.3999,-8.2245,29209,1231,6430.0,173,13,1794.0
2020-05-19,portugal,,39.3999,-8.2245,29432,1247,6431.0,223,16,1.0
2020-05-20,portugal,,39.3999,-8.2245,29660,1263,6452.0,228,16,21.0
2020-05-21,portugal,,39.3999,-8.2245,29912,1277,6452.0,252,14,0.0
2020-05-22,portugal,,39.3999,-8.2245,30200,1289,7590.0,288,12,1138.0
2020-05-23,portugal,,39.3999,-8.2245,30471,1302,7705.0,271,13,115.0
2020-05-24,portugal,,39.3999,-8.2245,30623,1316,17549.0,152,14,9844.0
2020-05-25,portugal,,39.3999,-8.2245,30788,1330,17822.0,165,14,273.0
2020-05-26,portugal,,39.3999,-8.2245,31007,1342,18096.0,219,12,274.0
2020-05-27,portugal,,39.3999,-8.2245,31292,1356,18349.0,285,14,253.0
2020-05-28,portugal,,39.3999,-8.2245,31596,1369,18637.0,304,13,288.0
2020-05-29,portugal,,39.3999,-8.2245,31946,1383,18911.0,350,14,274.0
2020-05-30,portugal,,39.3999,-8.2245,32203,1396,19186.0,257,13,275.0
2020-05-31,portugal,,39.3999,-8.2245,32500,1410,19409.0,297,14,223.0
2020-06-01,portugal,,39.3999,-8.2245,32700,1424,19552.0,200,14,143.0
2020-06-02,portugal,,39.3999,-8.2245,32895,1436,19869.0,195,12,317.0
2020-06-03,portugal,,39.3999,-8.2245,33261,1447,20079.0,366,11,210.0
2020-06-04,portugal,,39.3999,-8.2245,33592,1455,20323.0,331,8,244.0
2020-06-05,portugal,,39.3999,-8.2245,33969,1465,20526.0,377,10,203.0
2020-06-06,portugal,,39.3999,-8.2245,34351,1474,20807.0,382,9,281.0
2020-06-07,portugal,,39.3999,-8.2245,34693,1479,20995.0,342,5,188.0
2020-06-08,portugal,,39.3999,-8.2245,34885,1485,21156.0,192,6,161.0
2020-06-09,portugal,,39.3999,-8.2245,35306,1492,21339.0,421,7,183.0
2020-06-10,portugal,,39.3999,-8.2245,35600,1497,21742.0,294,5,403.0
2020-06-11,portugal,,39.3999,-8.2245,35910,1504,22002.0,310,7,260.0
2020-06-12,portugal,,39.3999,-8.2245,36180,1505,22200.0,270,1,198.0
2020-06-13,portugal,,39.3999,-8.2245,36463,1512,22438.0,283,7,238.0
2020-06-14,portugal,,39.3999,-8.2245,36690,1517,22669.0,227,5,231.0
2020-06-15,portugal,,39.3999,-8.2245,37036,1520,22852.0,346,3,183.0
2020-06-16,portugal,,39.3999,-8.2245,37336,1522,23212.0,300,2,360.0
2020-06-17,portugal,,39.3999,-8.2245,37672,1523,23580.0,336,1,368.0
2020-06-18,portugal,,39.3999,-8.2245,38089,1524,24010.0,417,1,430.0
2020-06-19,portugal,,39.3999,-8.2245,38464,1527,24477.0,375,3,467.0
2020-06-20,portugal,,39.3999,-8.2245,38841,1528,24906.0,377,1,429.0
2020-06-21,portugal,,39.3999,-8.2245,39133,1530,25376.0,292,2,470.0
2020-06-22,portugal,,39.3999,-8.2245,39392,1534,25548.0,259,4,172.0
2020-06-23,portugal,,39.3999,-8.2245,39737,1540,25829.0,345,6,281.0
2020-06-24,portugal,,39.3999,-8.2245,40104,1543,26083.0,367,3,254.0
2020-06-25,portugal,,39.3999,-8.2245,40415,1549,26382.0,311,6,299.0
2020-06-26,portugal,,39.3999,-8.2245,40866,1555,26633.0,451,6,251.0
2020-06-27,portugal,,39.3999,-8.2245,41189,1561,26864.0,323,6,231.0
2020-06-28,portugal,,39.3999,-8.2245,41646,1564,27066.0,457,3,202.0
2020-06-29,portugal,,39.3999,-8.2245,41912,1568,27205.0,266,4,139.0
2020-06-30,portugal,,39.3999,-8.2245,42141,1576,27505.0,229,8,300.0
2020-07-01,portugal,,39.3999,-8.2245,42454,1579,27798.0,313,3,293.0
2020-07-02,portugal,,39.3999,-8.2245,42782,1587,28097.0,328,8,299.0
2020-07-03,portugal,,39.3999,-8.2245,43156,1598,28424.0,374,11,327.0
2020-07-04,portugal,,39.3999,-8.2245,43569,1605,28772.0,413,7,348.0
2020-07-05,portugal,,39.3999,-8.2245,43897,1614,29017.0,328,9,245.0
2020-07-06,portugal,,39.3999,-8.2245,44129,1620,29166.0,232,6,149.0
2020-07-07,portugal,,39.3999,-8.2245,44416,1629,29445.0,287,9,279.0
2020-07-08,portugal,,39.3999,-8.2245,44859,1631,29714.0,443,2,269.0
2020-07-09,portugal,,39.3999,-8.2245,45277,1644,30049.0,418,13,335.0
2020-07-10,portugal,,39.3999,-8.2245,45679,1646,30350.0,402,2,301.0
2020-07-11,portugal,,39.3999,-8.2245,46221,1654,30655.0,542,8,305.0
2020-07-12,portugal,,39.3999,-8.2245,46512,1660,30907.0,291,6,252.0
2020-07-13,portugal,,39.3999,-8.2245,46818,1662,31065.0,306,2,158.0
2020-07-14,portugal,,39.3999,-8.2245,47051,1668,31550.0,233,6,485.0
2020-07-15,portugal,,39.3999,-8.2245,47426,1676,32110.0,375,8,560.0
2020-07-16,portugal,,39.3999,-8.2245,47765,1679,32476.0,339,3,366.0
2020-07-17,portugal,,39.3999,-8.2245,48077,1682,32790.0,312,3,314.0
2020-07-18,portugal,,39.3999,-8.2245,48390,1684,33153.0,313,2,363.0
2020-07-19,portugal,,39.3999,-8.2245,48636,1689,33369.0,246,5,216.0
2020-07-20,portugal,,39.3999,-8.2245,48771,1691,33547.0,135,2,178.0
2020-07-21,portugal,,39.3999,-8.2245,48898,1697,33769.0,127,6,222.0
2020-07-22,portugal,,39.3999,-8.2245,49150,1702,33999.0,252,5,230.0
2020-07-23,portugal,,39.3999,-8.2245,49379,1705,34369.0,229,3,370.0
2020-07-24,portugal,,39.3999,-8.2245,49692,1712,34687.0,313,7,318.0
2020-07-25,portugal,,39.3999,-8.2245,49955,1716,35010.0,263,4,323.0
2020-07-26,portugal,,39.3999,-8.2245,50164,1717,35217.0,209,1,207.0
2020-07-27,portugal,,39.3999,-8.2245,50299,1719,35375.0,135,2,158.0
2020-07-28,portugal,,39.3999,-8.2245,50410,1722,35626.0,111,3,251.0
2020-07-29,portugal,,39.3999,-8.2245,50613,1725,35875.0,203,3,249.0
2020-07-30,portugal,,39.3999,-8.2245,50868,1727,36140.0,255,2,265.0
2020-07-31,portugal,,39.3999,-8.2245,51072,1735,36483.0,204,8,343.0
