date,country,state,lat,long,confirmed,deaths,recovered,confirmed_new,deaths_new,recovered_new
2020-01-22,romania,,45.9432,24.9668,0,0,0.0,0,0,0.0
2020-01-23,romania,,45.9432,24.9668,0,0,0.0,0,0,0.0
2020-01-24,romania,,45.9432,24.9668,0,0,0.0,0,0,0.0
2020-01-25,romania,,45.9432,24.9668,0,0,0.0,0,0,0.0
2020-01-26,romania,,45.9432,24.9668,0,0,0.0,0,0,0.0
2020-01-27,romania,,45.9432,24.9668,0,0,0.0,0,0,0.0
2020-01-28,romania,,45.9432,24.9668,0,0,0.0,0,0,0.0
2020-01-29,romania,,45.9432,24.9668,0,0,0.0,0,0,0.0
2020-01-30,romania,,45.9432,24.9668,0,0,0.0,0,0,0.0
2020-01-31,romania,,45.9432,24.9668,0,0,0.0,0,0,0.0
2020-02-01,romania,,45.9432,24.9668,0,0,0.0,0,0,0.0
2020-02-02,romania,,45.9432,24.9668,0,0,0.0,0,0,0.0
2020-02-03,romania,,45.9432,24.9668,0,0,0.0,0,0,0.0
2020-02-04,romania,,45.9432,24.9668,0,0,0.0,0,0,0.0
2020-02-05,romania,,45.9432,24.9668,0,0,0.0,0,0,0.0
2020-02-06,romania,,45.9432,24.9668,0,0,0.0,0,0,0.0
2020-02-07,romania,,45.9432,24.9668,0,0,0.0,0,0,0.0
2020-02-08,romania,,45.9432,24.9668,0,0,0.0,0,0,0.0
2020-02-09,romania,,45.9432,24.9668,0,0,0.0,0,0,0.0
2020-02-10,romania,,45.9432,24.9668,0,0,0.0,0,0,0.0
2020-02-11,romania,,45.9432,24.9668,0,0,0.0,0,0,0.0
2020-02-12,romania,,45.9432,24.9668,0,0,0.0,0,0,0.0
2020-02-13,romania,,45.9432,24.9668,0,0,0.0,0,0,0.0
2020-02-14,romania,,45.9432,24.9668,0,0,0.0,0,0,0.0
2020-02-15,romania,,45.9432,24.9668,0,0,0.0,0,0,0.0
2020-02-16,romania,,45.9432,24.9668,0,0,0.0,0,0,0.0
2020-02-17,romania,,45.9432,24.9668,0,0,0.0,0,0,0.0
2020-02-18,romania,,45.9432,24.9668,0,0,0.0,0,0,0.0
2020-02-19,romania,,45.9432,24.9668,0,0,0.0,0,0,0.0
2020-02-20,romania,,45.9432,24.9668,0,0,0.0,0,0,0.0
2020-02-21,romania,,45.9432,24.9668,0,0,0.0,0,0,0.0
2020-02-22,romania,,45.9432,24.9668,0,0,0.0,0,0,0.0
2020-02-23,romania,,45.9432,24.9668,0,0,0.0,0,0,0.0
2020-02-24,romania,,45.9432,24.9668,0,0,0.0,0,0,0.0
2020-02-25,romania,,45.9432,24.9668,0,0,0.0,0,0,0.0
2020-02-26,romania,,45.9432,24.9668,1,0,0.0,1,0,0.0
2020-02-27,romania,,45.9432,24.9668,1,0,0.0,0,0,0.0
2020-02-28,romania,,45.9432,24.9668,3,0,0.0,2,0,0.0
2020-02-29,romania,,45.9432,24.9668,3,0,0.0,0,0,0.0
2020-03-01,romania,,45.9432,24.9668,3,0,0.0,0,0,0.0
2020-03-02,romania,,45.9432,24.9668,3,0,0.0,0,0,0.0
2020-03-03,romania,,45.9432,24.9668,3,0,0.0,0,0,0.0
2020-03-04,romania,,45.9432,24.9668,4,0,1.0,1,0,1.0
2020-03-05,romania,,45.9432,24.9668,6,0,1.0,2,0,0.0
2020-03-06,romania,,45.9432,24.9668,9,0,1.0,3,0,0.0
2020-03-07,romania,,45.9432,24.9668,9,0,3.0,0,0,2.0
2020-03-08,romania,,45.9432,24.9668,15,0,3.0,6,0,0.0
2020-03-09,romania,,45.9432,24.9668,15,0,3.0,0,0,0.0
2020-03-10,romania,,45.9432,24.9668,25,0,3.0,10,0,0.0
2020-03-11,romania,,45.9432,24.9668,45,0,6.0,20,0,3.0
2020-03-12,romania,,45.9432,24.9668,49,0,6.0,4,0,0.0
2020-03-13,romania,,45.9432,24.9668,89,0,7.0,40,0,1.0
2020-03-14,romania,,45.9432,24.9668,123,0,9.0,34,0,2.0
2020-03-15,romania,,45.9432,24.9668,131,0,9.0,8,0,0.0
2020-03-16,romania,,45.9432,24.9668,158,0,9.0,27,0,0.0
2020-03-17,romania,,45.9432,24.9668,184,0,16.0,26,0,7.0
2020-03-18,romania,,45.9432,24.9668,260,0,19.0,76,0,3.0
2020-03-19,romania,,45.9432,24.9668,277,0,25.0,17,0,6.0
2020-03-20,romania,,45.9432,24.9668,308,0,25.0,31,0,0.0
2020-03-21,romania,,45.9432,24.9668,367,0,52.0,59,0,27.0
2020-03-22,romania,,45.9432,24.9668,433,3,64.0,66,3,12.0
2020-03-23,romania,,45.9432,24.9668,576,7,64.0,143,4,0.0
2020-03-24,romania,,45.9432,24.9668,794,11,79.0,218,4,15.0
2020-03-25,romania,,45.9432,24.9668,906,17,86.0,112,6,7.0
2020-03-26,romania,,45.9432,24.9668,1029,23,94.0,123,6,8.0
2020-03-27,romania,,45.9432,24.9668,1292,26,115.0,263,3,21.0
2020-03-28,romania,,45.9432,24.9668,1452,37,139.0,160,11,24.0
2020-03-29,romania,,45.9432,24.9668,1815,43,206.0,363,6,67.0
2020-03-30,romania,,45.9432,24.9668,2109,65,209.0,294,22,3.0
2020-03-31,romania,,45.9432,24.9668,2245,82,220.0,136,17,11.0
2020-04-01,romania,,45.9432,24.9668,2460,92,252.0,215,10,32.0
2020-04-02,romania,,45.9432,24.9668,2738,115,267.0,278,23,15.0
2020-04-03,romania,,45.9432,24.9668,3183,133,283.0,445,18,16.0
2020-04-04,romania,,45.9432,24.9668,3613,146,329.0,430,13,46.0
2020-04-05,romania,,45.9432,24.9668,3864,151,374.0,251,5,45.0
2020-04-06,romania,,45.9432,24.9668,4057,176,406.0,193,25,32.0
2020-04-07,romania,,45.9432,24.9668,4417,197,460.0,360,21,54.0
2020-04-08,romania,,45.9432,24.9668,4761,220,528.0,344,23,68.0
2020-04-09,romania,,45.9432,24.9668,5202,248,647.0,441,28,119.0
2020-04-10,romania,,45.9432,24.9668,5467,270,729.0,265,22,82.0
2020-04-11,romania,,45.9432,24.9668,5990,291,758.0,523,21,29.0
2020-04-12,romania,,45.9432,24.9668,6300,316,852.0,310,25,94.0
2020-04-13,romania,,45.9432,24.9668,6633,331,914.0,333,15,62.0
2020-04-14,romania,,45.9432,24.9668,6879,351,1051.0,246,20,137.0
2020-04-15,romania,,45.9432,24.9668,7216,372,1217.0,337,21,166.0
2020-04-16,romania,,45.9432,24.9668,7707,392,1357.0,491,20,140.0
2020-04-17,romania,,45.9432,24.9668,8067,411,1508.0,360,19,151.0
2020-04-18,romania,,45.9432,24.9668,8418,421,1730.0,351,10,222.0
2020-04-19,romania,,45.9432,24.9668,8746,451,1892.0,328,30,162.0
2020-04-20,romania,,45.9432,24.9668,8936,478,2017.0,190,27,125.0
2020-04-21,romania,,45.9432,24.9668,9242,498,2153.0,306,20,136.0
2020-04-22,romania,,45.9432,24.9668,9710,524,2406.0,468,26,253.0
2020-04-23,romania,,45.9432,24.9668,10096,545,2478.0,386,21,72.0
2020-04-24,romania,,45.9432,24.9668,10417,567,2817.0,321,22,339.0
2020-04-25,romania,,45.9432,24.9668,10635,601,2890.0,218,34,73.0
2020-04-26,romania,,45.9432,24.9668,11036,619,3054.0,401,18,164.0
2020-04-27,romania,,45.9432,24.9668,11339,641,3141.0,303,22,87.0
2020-04-28,romania,,45.9432,24.9668,11616,663,3404.0,277,22,263.0
2020-04-29,romania,,45.9432,24.9668,11978,693,3569.0,362,30,165.0
2020-04-30,romania,,45.9432,24.9668,12240,717,4017.0,262,24,448.0
2020-05-01,romania,,45.9432,24.9668,12567,744,4328.0,327,27,311.0
2020-05-02,romania,,45.9432,24.9668,12732,771,4547.0,165,27,219.0
2020-05-03,romania,,45.9432,24.9668,13163,790,4869.0,431,19,322.0
2020-05-04,romania,,45.9432,24.9668,13512,818,5269.0,349,28,400.0
2020-05-05,romania,,45.9432,24.9668,13837,841,5454.0,325,23,185.0
2020-05-06,romania,,45.9432,24.9668,14107,864,5788.0,270,23,334.0
2020-05-07,romania,,45.9432,24.9668,14499,888,6144.0,392,24,356.0
2020-05-08,romania,,45.9432,24.9668,14811,923,6423.0,312,35,279.0
2020-05-09,romania,,45.9432,24.9668,15131,939,6912.0,320,16,489.0
2020-05-10,romania,,45.9432,24.9668,15362,961,7051.0,231,22,139.0
2020-05-11,romania,,45.9432,24.9668,15588,982,7245.0,226,21,194.0
2020-05-12,romania,,45.9432,24.9668,15778,1002,7685.0,190,20,440.0
2020-05-13,romania,,45.9432,24.9668,16002,1036,7961.0,224,34,276.0
2020-05-14,romania,,45.9432,24.9668,16247,1053,9053.0,245,17,1092.0
2020-05-15,romania,,45.9432,24.9668,16437,1070,9370.0,190,17,317.0
2020-05-16,romania,,45.9432,24.9668,16704,1094,9574.0,267,24,204.0
2020-05-17,romania,,45.9432,24.9668,16871,1107,9890.0,167,13,316.0
2020-05-18,romania,,45.9432,24.9668,17036,1120,9930.0,165,13,40.0
2020-05-19,romania,,45.9432,24.9668,17191,1137,10166.0,155,17,236.0
2020-05-20,romania,,45.9432,24.9668,17387,1147,10356.0,196,10,190.0
2020-05-21,romania,,45.9432,24.9668,17585,1156,10581.0,198,9,225.0
2020-05-22,romania,,45.9432,24.9668,17712,1166,10777.0,127,10,196.0
2020-05-23,romania,,45.9432,24.9668,17857,1176,11187.0,145,10,410.0
2020-05-24,romania,,45.9432,24.9668,18070,1185,11399.0,213,9,212.0
2020-05-25,romania,,45.9432,24.9668,18283,1205,11630.0,213,20,231.0
2020-05-26,romania,,45.9432,24.9668,18429,1216,11874.0,146,11,244.0
2020-05-27,romania,,45.9432,24.9668,18594,1227,12162.0,165,11,288.0
2020-05-28,romania,,45.9432,24.9668,18791,1235,12629.0,197,8,467.0
2020-05-29,romania,,45.9432,24.9668,18982,1248,12829.0,191,13,200.0
2020-05-30,romania,,45.9432,24.9668,19133,1259,13046.0,151,11,217.0
2020-05-31,romania,,45.9432,24.9668,19257,1266,13256.0,124,7,210.0
2020-06-01,romania,,45.9432,24.9668,19398,1276,13426.0,141,10,170.0
2020-06-02,romania,,45.9432,24.9668,19517,1288,13526.0,119,12,100.0
2020-06-03,romania,,45.9432,24.9668,19669,1296,13800.0,152,8,274.0
2020-06-04,romania,,45.9432,24.9668,19907,1305,13919.0,238,9,119.0
2020-06-05,romania,,45.9432,24.9668,20103,1316,14145.0,196,11,226.0
2020-06-06,romania,,45.9432,24.9668,20290,1322,14419.0,187,6,274.0
2020-06-07,romania,,45.9432,24.9668,20479,1333,14638.0,189,11,219.0
2020-06-08,romania,,45.9432,24.9668,20604,1339,14826.0,125,6,188.0
2020-06-09,romania,,45.9432,24.9668,20749,1354,14910.0,145,15,84.0
2020-06-10,romania,,45.9432,24.9668,20945,1360,15103.0,196,6,193.0
2020-06-11,romania,,45.9432,24.9668,21182,1369,15283.0,237,9,180.0
2020-06-12,romania,,45.9432,24.9668,21404,1380,15445.0,222,11,162.0
2020-06-13,romania,,45.9432,24.9668,21679,1394,15635.0,275,14,190.0
2020-06-14,romania,,45.9432,24.9668,21999,1410,15719.0,320,16,84.0
2020-06-15,romania,,45.9432,24.9668,22165,1427,15817.0,166,17,98.0
2020-06-16,romania,,45.9432,24.9668,22415,1437,16071.0,250,10,254.0
2020-06-17,romania,,45.9432,24.9668,22760,1451,16117.0,345,14,46.0
2020-06-18,romania,,45.9432,24.9668,23080,1473,16308.0,320,22,191.0
2020-06-19,romania,,45.9432,24.9668,23400,1484,16555.0,320,11,247.0
2020-06-20,romania,,45.9432,24.9668,23730,1500,16735.0,330,16,180.0
2020-06-21,romania,,45.9432,24.9668,24045,1512,16911.0,315,12,176.0
2020-06-22,romania,,45.9432,24.9668,24291,1523,17031.0,246,11,120.0
2020-06-23,romania,,45.9432,24.9668,24505,1539,17187.0,214,16,156.0
2020-06-24,romania,,45.9432,24.9668,24826,1555,17391.0,321,16,204.0
2020-06-25,romania,,45.9432,24.9668,25286,1565,17906.0,460,10,515.0
2020-06-26,romania,,45.9432,24.9668,25697,1579,18181.0,411,14,275.0
2020-06-27,romania,,45.9432,24.9668,26022,1589,18530.0,325,10,349.0
2020-06-28,romania,,45.9432,24.9668,26313,1612,18814.0,291,23,284.0
2020-06-29,romania,,45.9432,24.9668,26582,1634,18912.0,269,22,98.0
2020-06-30,romania,,45.9432,24.9668,26970,1651,19050.0,388,17,138.0
2020-07-01,romania,,45.9432,24.9668,27296,1667,19314.0,326,16,264.0
2020-07-02,romania,,45.9432,24.9668,27746,1687,19363.0,450,20,49.0
2020-07-03,romania,,45.9432,24.9668,28166,1708,19545.0,420,21,182.0
2020-07-04,romania,,45.9432,24.9668,28582,1731,19854.0,416,23,309.0
2020-07-05,romania,,45.9432,24.9668,28973,1750,20026.0,391,19,172.0
2020-07-06,romania,,45.9432,24.9668,29223,1768,20213.0,250,18,187.0
2020-07-07,romania,,45.9432,24.9668,29620,1799,20534.0,397,31,321.0
2020-07-08,romania,,45.9432,24.9668,30175,1817,20799.0,555,18,265.0
2020-07-09,romania,,45.9432,24.9668,30789,1834,20969.0,614,17,170.0
2020-07-10,romania,,45.9432,24.9668,31381,1847,21129.0,592,13,160.0
2020-07-11,romania,,45.9432,24.9668,32079,1871,21414.0,698,24,285.0
2020-07-12,romania,,45.9432,24.9668,32535,1884,21545.0,456,13,131.0
2020-07-13,romania,,45.9432,24.9668,32948,1901,21692.0,413,17,147.0
2020-07-14,romania,,45.9432,24.9668,33585,1931,21803.0,637,30,111.0
2020-07-15,romania,,45.9432,24.9668,34226,1952,22049.0,641,21,246.0
2020-07-16,romania,,45.9432,24.9668,35003,1971,22189.0,777,19,140.0
2020-07-17,romania,,45.9432,24.9668,35802,1988,22312.0,799,17,123.0
2020-07-18,romania,,45.9432,24.9668,36691,2009,22488.0,889,21,176.0
2020-07-19,romania,,45.9432,24.9668,37458,2026,22617.0,767,17,129.0
2020-07-20,romania,,45.9432,24.9668,38139,2038,22747.0,681,12,130.0
2020-07-21,romania,,45.9432,24.9668,39133,2074,24454.0,994,36,1707.0
2020-07-22,romania,,45.9432,24.9668,40163,2101,24663.0,1030,27,209.0
2020-07-23,romania,,45.9432,24.9668,41275,2126,24862.0,1112,25,199.0
2020-07-24,romania,,45.9432,24.9668,42394,2150,25349.0,1119,24,487.0
2020-07-25,romania,,45.9432,24.9668,43678,2165,25373.0,1284,15,24.0
2020-07-26,romania,,45.9432,24.9668,44798,2187,25643.0,1120,22,270.0
2020-07-27,romania,,45.9432,24.9668,45902,2206,25794.0,1104,19,151.0
2020-07-28,romania,,45.9432,24.9668,47053,2239,26128.0,1151,33,334.0
2020-07-29,romania,,45.9432,24.9668,48235,2269,26446.0,1182,30,318.0
2020-07-30,romania,,45.9432,24.9668,49591,2304,26609.0,1356,35,163.0
2020-07-31,romania,,45.9432,24.9668,50886,2343,27007.0,1295,39,398.0
