date,country,state,lat,long,confirmed,deaths,recovered,confirmed_new,deaths_new,recovered_new
2020-01-22,russia,,61.52401,105.31875600000001,0,0,0.0,0,0,0.0
2020-01-23,russia,,61.52401,105.31875600000001,0,0,0.0,0,0,0.0
2020-01-24,russia,,61.52401,105.31875600000001,0,0,0.0,0,0,0.0
2020-01-25,russia,,61.52401,105.31875600000001,0,0,0.0,0,0,0.0
2020-01-26,russia,,61.52401,105.31875600000001,0,0,0.0,0,0,0.0
2020-01-27,russia,,61.52401,105.31875600000001,0,0,0.0,0,0,0.0
2020-01-28,russia,,61.52401,105.31875600000001,0,0,0.0,0,0,0.0
2020-01-29,russia,,61.52401,105.31875600000001,0,0,0.0,0,0,0.0
2020-01-30,russia,,61.52401,105.31875600000001,0,0,0.0,0,0,0.0
2020-01-31,russia,,61.52401,105.31875600000001,2,0,0.0,2,0,0.0
2020-02-01,russia,,61.52401,105.31875600000001,2,0,0.0,0,0,0.0
2020-02-02,russia,,61.52401,105.31875600000001,2,0,0.0,0,0,0.0
2020-02-03,russia,,61.52401,105.31875600000001,2,0,0.0,0,0,0.0
2020-02-04,russia,,61.52401,105.31875600000001,2,0,0.0,0,0,0.0
2020-02-05,russia,,61.52401,105.31875600000001,2,0,0.0,0,0,0.0
2020-02-06,russia,,61.52401,105.31875600000001,2,0,0.0,0,0,0.0
2020-02-07,russia,,61.52401,105.31875600000001,2,0,0.0,0,0,0.0
2020-02-08,russia,,61.52401,105.31875600000001,2,0,0.0,0,0,0.0
2020-02-09,russia,,61.52401,105.31875600000001,2,0,0.0,0,0,0.0
2020-02-10,russia,,61.52401,105.31875600000001,2,0,0.0,0,0,0.0
2020-02-11,russia,,61.52401,105.31875600000001,2,0,0.0,0,0,0.0
2020-02-12,russia,,61.52401,105.31875600000001,2,0,2.0,0,0,2.0
2020-02-13,russia,,61.52401,105.31875600000001,2,0,2.0,0,0,0.0
2020-02-14,russia,,61.52401,105.31875600000001,2,0,2.0,0,0,0.0
2020-02-15,russia,,61.52401,105.31875600000001,2,0,2.0,0,0,0.0
2020-02-16,russia,,61.52401,105.31875600000001,2,0,2.0,0,0,0.0
2020-02-17,russia,,61.52401,105.31875600000001,2,0,2.0,0,0,0.0
2020-02-18,russia,,61.52401,105.31875600000001,2,0,2.0,0,0,0.0
2020-02-19,russia,,61.52401,105.31875600000001,2,0,2.0,0,0,0.0
2020-02-20,russia,,61.52401,105.31875600000001,2,0,2.0,0,0,0.0
2020-02-21,russia,,61.52401,105.31875600000001,2,0,2.0,0,0,0.0
2020-02-22,russia,,61.52401,105.31875600000001,2,0,2.0,0,0,0.0
2020-02-23,russia,,61.52401,105.31875600000001,2,0,2.0,0,0,0.0
2020-02-24,russia,,61.52401,105.31875600000001,2,0,2.0,0,0,0.0
2020-02-25,russia,,61.52401,105.31875600000001,2,0,2.0,0,0,0.0
2020-02-26,russia,,61.52401,105.31875600000001,2,0,2.0,0,0,0.0
2020-02-27,russia,,61.52401,105.31875600000001,2,0,2.0,0,0,0.0
2020-02-28,russia,,61.52401,105.31875600000001,2,0,2.0,0,0,0.0
2020-02-29,russia,,61.52401,105.31875600000001,2,0,2.0,0,0,0.0
2020-03-01,russia,,61.52401,105.31875600000001,2,0,2.0,0,0,0.0
2020-03-02,russia,,61.52401,105.31875600000001,3,0,2.0,1,0,0.0
2020-03-03,russia,,61.52401,105.31875600000001,3,0,2.0,0,0,0.0
2020-03-04,russia,,61.52401,105.31875600000001,3,0,2.0,0,0,0.0
2020-03-05,russia,,61.52401,105.31875600000001,4,0,2.0,1,0,0.0
2020-03-06,russia,,61.52401,105.31875600000001,13,0,2.0,9,0,0.0
2020-03-07,russia,,61.52401,105.31875600000001,13,0,2.0,0,0,0.0
2020-03-08,russia,,61.52401,105.31875600000001,17,0,3.0,4,0,1.0
2020-03-09,russia,,61.52401,105.31875600000001,17,0,3.0,0,0,0.0
2020-03-10,russia,,61.52401,105.31875600000001,20,0,3.0,3,0,0.0
2020-03-11,russia,,61.52401,105.31875600000001,20,0,3.0,0,0,0.0
2020-03-12,russia,,61.52401,105.31875600000001,28,0,3.0,8,0,0.0
2020-03-13,russia,,61.52401,105.31875600000001,45,0,3.0,17,0,0.0
2020-03-14,russia,,61.52401,105.31875600000001,59,0,8.0,14,0,5.0
2020-03-15,russia,,61.52401,105.31875600000001,63,0,8.0,4,0,0.0
2020-03-16,russia,,61.52401,105.31875600000001,90,0,8.0,27,0,0.0
2020-03-17,russia,,61.52401,105.31875600000001,114,0,8.0,24,0,0.0
2020-03-18,russia,,61.52401,105.31875600000001,147,0,8.0,33,0,0.0
2020-03-19,russia,,61.52401,105.31875600000001,199,1,9.0,52,1,1.0
2020-03-20,russia,,61.52401,105.31875600000001,253,1,9.0,54,0,0.0
2020-03-21,russia,,61.52401,105.31875600000001,306,1,12.0,53,0,3.0
2020-03-22,russia,,61.52401,105.31875600000001,367,1,16.0,61,0,4.0
2020-03-23,russia,,61.52401,105.31875600000001,438,1,16.0,71,0,0.0
2020-03-24,russia,,61.52401,105.31875600000001,495,1,22.0,57,0,6.0
2020-03-25,russia,,61.52401,105.31875600000001,658,3,29.0,163,2,7.0
2020-03-26,russia,,61.52401,105.31875600000001,840,3,38.0,182,0,9.0
2020-03-27,russia,,61.52401,105.31875600000001,1036,4,45.0,196,1,7.0
2020-03-28,russia,,61.52401,105.31875600000001,1264,4,49.0,228,0,4.0
2020-03-29,russia,,61.52401,105.31875600000001,1534,8,64.0,270,4,15.0
2020-03-30,russia,,61.52401,105.31875600000001,1836,9,66.0,302,1,2.0
2020-03-31,russia,,61.52401,105.31875600000001,2337,17,121.0,501,8,55.0
2020-04-01,russia,,61.52401,105.31875600000001,2777,24,190.0,440,7,69.0
2020-04-02,russia,,61.52401,105.31875600000001,3548,30,235.0,771,6,45.0
2020-04-03,russia,,61.52401,105.31875600000001,4149,34,281.0,601,4,46.0
2020-04-04,russia,,61.52401,105.31875600000001,4731,43,333.0,582,9,52.0
2020-04-05,russia,,61.52401,105.31875600000001,5389,45,355.0,658,2,22.0
2020-04-06,russia,,61.52401,105.31875600000001,6343,47,406.0,954,2,51.0
2020-04-07,russia,,61.52401,105.31875600000001,7497,58,494.0,1154,11,88.0
2020-04-08,russia,,61.52401,105.31875600000001,8672,63,580.0,1175,5,86.0
2020-04-09,russia,,61.52401,105.31875600000001,10131,76,698.0,1459,13,118.0
2020-04-10,russia,,61.52401,105.31875600000001,11917,94,795.0,1786,18,97.0
2020-04-11,russia,,61.52401,105.31875600000001,13584,106,1045.0,1667,12,250.0
2020-04-12,russia,,61.52401,105.31875600000001,15770,130,1291.0,2186,24,246.0
2020-04-13,russia,,61.52401,105.31875600000001,18328,148,1470.0,2558,18,179.0
2020-04-14,russia,,61.52401,105.31875600000001,21102,170,1694.0,2774,22,224.0
2020-04-15,russia,,61.52401,105.31875600000001,24490,198,1986.0,3388,28,292.0
2020-04-16,russia,,61.52401,105.31875600000001,27938,232,2304.0,3448,34,318.0
2020-04-17,russia,,61.52401,105.31875600000001,32008,273,2590.0,4070,41,286.0
2020-04-18,russia,,61.52401,105.31875600000001,36793,313,3057.0,4785,40,467.0
2020-04-19,russia,,61.52401,105.31875600000001,42853,361,3291.0,6060,48,234.0
2020-04-20,russia,,61.52401,105.31875600000001,47121,405,3446.0,4268,44,155.0
2020-04-21,russia,,61.52401,105.31875600000001,52763,456,3873.0,5642,51,427.0
2020-04-22,russia,,61.52401,105.31875600000001,57999,513,4420.0,5236,57,547.0
2020-04-23,russia,,61.52401,105.31875600000001,62773,555,4891.0,4774,42,471.0
2020-04-24,russia,,61.52401,105.31875600000001,68622,615,5568.0,5849,60,677.0
2020-04-25,russia,,61.52401,105.31875600000001,74588,681,6250.0,5966,66,682.0
2020-04-26,russia,,61.52401,105.31875600000001,80949,747,6767.0,6361,66,517.0
2020-04-27,russia,,61.52401,105.31875600000001,87147,794,7346.0,6198,47,579.0
2020-04-28,russia,,61.52401,105.31875600000001,93558,867,8456.0,6411,73,1110.0
2020-04-29,russia,,61.52401,105.31875600000001,99399,972,10286.0,5841,105,1830.0
2020-04-30,russia,,61.52401,105.31875600000001,106498,1073,11619.0,7099,101,1333.0
2020-05-01,russia,,61.52401,105.31875600000001,114431,1169,13220.0,7933,96,1601.0
2020-05-02,russia,,61.52401,105.31875600000001,124054,1222,15013.0,9623,53,1793.0
2020-05-03,russia,,61.52401,105.31875600000001,134687,1280,16639.0,10633,58,1626.0
2020-05-04,russia,,61.52401,105.31875600000001,145268,1356,18095.0,10581,76,1456.0
2020-05-05,russia,,61.52401,105.31875600000001,155370,1451,19865.0,10102,95,1770.0
2020-05-06,russia,,61.52401,105.31875600000001,165929,1537,21327.0,10559,86,1462.0
2020-05-07,russia,,61.52401,105.31875600000001,177160,1625,23803.0,11231,88,2476.0
2020-05-08,russia,,61.52401,105.31875600000001,187859,1723,26608.0,10699,98,2805.0
2020-05-09,russia,,61.52401,105.31875600000001,198676,1827,31916.0,10817,104,5308.0
2020-05-10,russia,,61.52401,105.31875600000001,209688,1915,34306.0,11012,88,2390.0
2020-05-11,russia,,61.52401,105.31875600000001,221344,2009,39801.0,11656,94,5495.0
2020-05-12,russia,,61.52401,105.31875600000001,232243,2116,43512.0,10899,107,3711.0
2020-05-13,russia,,61.52401,105.31875600000001,242271,2212,48003.0,10028,96,4491.0
2020-05-14,russia,,61.52401,105.31875600000001,252245,2305,53530.0,9974,93,5527.0
2020-05-15,russia,,61.52401,105.31875600000001,262843,2418,58226.0,10598,113,4696.0
2020-05-16,russia,,61.52401,105.31875600000001,272043,2537,63166.0,9200,119,4940.0
2020-05-17,russia,,61.52401,105.31875600000001,281752,2631,67373.0,9709,94,4207.0
2020-05-18,russia,,61.52401,105.31875600000001,290678,2722,70209.0,8926,91,2836.0
2020-05-19,russia,,61.52401,105.31875600000001,299941,2837,76130.0,9263,115,5921.0
2020-05-20,russia,,61.52401,105.31875600000001,308705,2972,85392.0,8764,135,9262.0
2020-05-21,russia,,61.52401,105.31875600000001,317554,3099,92681.0,8849,127,7289.0
2020-05-22,russia,,61.52401,105.31875600000001,326448,3249,99825.0,8894,150,7144.0
2020-05-23,russia,,61.52401,105.31875600000001,335882,3388,107936.0,9434,139,8111.0
2020-05-24,russia,,61.52401,105.31875600000001,344481,3541,113299.0,8599,153,5363.0
2020-05-25,russia,,61.52401,105.31875600000001,353427,3633,118798.0,8946,92,5499.0
2020-05-26,russia,,61.52401,105.31875600000001,362342,3807,131129.0,8915,174,12331.0
2020-05-27,russia,,61.52401,105.31875600000001,370680,3968,142208.0,8338,161,11079.0
2020-05-28,russia,,61.52401,105.31875600000001,379051,4142,150993.0,8371,174,8785.0
2020-05-29,russia,,61.52401,105.31875600000001,387623,4374,159257.0,8572,232,8264.0
2020-05-30,russia,,61.52401,105.31875600000001,396575,4555,167469.0,8952,181,8212.0
2020-05-31,russia,,61.52401,105.31875600000001,405843,4693,171883.0,9268,138,4414.0
2020-06-01,russia,,61.52401,105.31875600000001,414328,4849,175514.0,8485,156,3631.0
2020-06-02,russia,,61.52401,105.31875600000001,423186,5031,186602.0,8858,182,11088.0
2020-06-03,russia,,61.52401,105.31875600000001,431715,5208,195559.0,8529,177,8957.0
2020-06-04,russia,,61.52401,105.31875600000001,440538,5376,204197.0,8823,168,8638.0
2020-06-05,russia,,61.52401,105.31875600000001,449256,5520,212237.0,8718,144,8040.0
2020-06-06,russia,,61.52401,105.31875600000001,458102,5717,220935.0,8846,197,8698.0
2020-06-07,russia,,61.52401,105.31875600000001,467073,5851,226272.0,8971,134,5337.0
2020-06-08,russia,,61.52401,105.31875600000001,476043,5963,230226.0,8970,112,3954.0
2020-06-09,russia,,61.52401,105.31875600000001,484630,6134,241917.0,8587,171,11691.0
2020-06-10,russia,,61.52401,105.31875600000001,493023,6350,252295.0,8393,216,10378.0
2020-06-11,russia,,61.52401,105.31875600000001,501800,6522,260649.0,8777,172,8354.0
2020-06-12,russia,,61.52401,105.31875600000001,510761,6705,268862.0,8961,183,8213.0
2020-06-13,russia,,61.52401,105.31875600000001,519458,6819,274128.0,8697,114,5266.0
2020-06-14,russia,,61.52401,105.31875600000001,528267,6938,279536.0,8809,119,5408.0
2020-06-15,russia,,61.52401,105.31875600000001,536484,7081,284021.0,8217,143,4485.0
2020-06-16,russia,,61.52401,105.31875600000001,544725,7274,293780.0,8241,193,9759.0
2020-06-17,russia,,61.52401,105.31875600000001,552549,7468,303800.0,7824,194,10020.0
2020-06-18,russia,,61.52401,105.31875600000001,560321,7650,313409.0,7772,182,9609.0
2020-06-19,russia,,61.52401,105.31875600000001,568292,7831,323851.0,7971,181,10442.0
2020-06-20,russia,,61.52401,105.31875600000001,576162,7992,334024.0,7870,161,10173.0
2020-06-21,russia,,61.52401,105.31875600000001,583879,8101,339142.0,7717,109,5118.0
2020-06-22,russia,,61.52401,105.31875600000001,591465,8196,343847.0,7586,95,4705.0
2020-06-23,russia,,61.52401,105.31875600000001,598878,8349,355847.0,7413,153,12000.0
2020-06-24,russia,,61.52401,105.31875600000001,606043,8503,368222.0,7165,154,12375.0
2020-06-25,russia,,61.52401,105.31875600000001,613148,8594,374557.0,7105,91,6335.0
2020-06-26,russia,,61.52401,105.31875600000001,619936,8770,383524.0,6788,176,8967.0
2020-06-27,russia,,61.52401,105.31875600000001,626779,8958,392703.0,6843,188,9179.0
2020-06-28,russia,,61.52401,105.31875600000001,633563,9060,398436.0,6784,102,5733.0
2020-06-29,russia,,61.52401,105.31875600000001,640246,9152,402778.0,6683,92,4342.0
2020-06-30,russia,,61.52401,105.31875600000001,646929,9306,411973.0,6683,154,9195.0
2020-07-01,russia,,61.52401,105.31875600000001,653479,9521,422235.0,6550,215,10262.0
2020-07-02,russia,,61.52401,105.31875600000001,660231,9668,428276.0,6752,147,6041.0
2020-07-03,russia,,61.52401,105.31875600000001,666941,9844,437155.0,6710,176,8879.0
2020-07-04,russia,,61.52401,105.31875600000001,673564,10011,446127.0,6623,167,8972.0
2020-07-05,russia,,61.52401,105.31875600000001,680283,10145,449995.0,6719,134,3868.0
2020-07-06,russia,,61.52401,105.31875600000001,686852,10280,453570.0,6569,135,3575.0
2020-07-07,russia,,61.52401,105.31875600000001,693215,10478,463103.0,6363,198,9533.0
2020-07-08,russia,,61.52401,105.31875600000001,699749,10650,471718.0,6534,172,8615.0
2020-07-09,russia,,61.52401,105.31875600000001,706240,10826,480494.0,6491,176,8776.0
2020-07-10,russia,,61.52401,105.31875600000001,712863,11000,488234.0,6623,174,7740.0
2020-07-11,russia,,61.52401,105.31875600000001,719449,11188,496594.0,6586,188,8360.0
2020-07-12,russia,,61.52401,105.31875600000001,726036,11318,500208.0,6587,130,3614.0
2020-07-13,russia,,61.52401,105.31875600000001,732547,11422,503168.0,6511,104,2960.0
2020-07-14,russia,,61.52401,105.31875600000001,738787,11597,511958.0,6240,175,8790.0
2020-07-15,russia,,61.52401,105.31875600000001,745197,11753,522375.0,6410,156,10417.0
2020-07-16,russia,,61.52401,105.31875600000001,751612,11920,530801.0,6415,167,8426.0
2020-07-17,russia,,61.52401,105.31875600000001,758001,12106,538467.0,6389,186,7666.0
2020-07-18,russia,,61.52401,105.31875600000001,764215,12228,545909.0,6214,122,7442.0
2020-07-19,russia,,61.52401,105.31875600000001,770311,12323,549387.0,6096,95,3478.0
2020-07-20,russia,,61.52401,105.31875600000001,776212,12408,552644.0,5901,85,3257.0
2020-07-21,russia,,61.52401,105.31875600000001,782040,12561,561397.0,5828,153,8753.0
2020-07-22,russia,,61.52401,105.31875600000001,787890,12726,571049.0,5850,165,9652.0
2020-07-23,russia,,61.52401,105.31875600000001,793720,12873,579295.0,5830,147,8246.0
2020-07-24,russia,,61.52401,105.31875600000001,799499,13026,587728.0,5779,153,8433.0
2020-07-25,russia,,61.52401,105.31875600000001,805332,13172,596064.0,5833,146,8336.0
2020-07-26,russia,,61.52401,105.31875600000001,811073,13249,599172.0,5741,77,3108.0
2020-07-27,russia,,61.52401,105.31875600000001,816680,13334,602249.0,5607,85,3077.0
2020-07-28,russia,,61.52401,105.31875600000001,822060,13483,611109.0,5380,149,8860.0
2020-07-29,russia,,61.52401,105.31875600000001,827509,13650,619204.0,5449,167,8095.0
2020-07-30,russia,,61.52401,105.31875600000001,832993,13778,628482.0,5484,128,9278.0
2020-07-31,russia,,61.52401,105.31875600000001,838461,13939,637217.0,5468,161,8735.0
