date,country,state,lat,long,confirmed,deaths,recovered,confirmed_new,deaths_new,recovered_new
2020-01-22,rwanda,,-1.9403,29.8739,0,0,0.0,0,0,0.0
2020-01-23,rwanda,,-1.9403,29.8739,0,0,0.0,0,0,0.0
2020-01-24,rwanda,,-1.9403,29.8739,0,0,0.0,0,0,0.0
2020-01-25,rwanda,,-1.9403,29.8739,0,0,0.0,0,0,0.0
2020-01-26,rwanda,,-1.9403,29.8739,0,0,0.0,0,0,0.0
2020-01-27,rwanda,,-1.9403,29.8739,0,0,0.0,0,0,0.0
2020-01-28,rwanda,,-1.9403,29.8739,0,0,0.0,0,0,0.0
2020-01-29,rwanda,,-1.9403,29.8739,0,0,0.0,0,0,0.0
2020-01-30,rwanda,,-1.9403,29.8739,0,0,0.0,0,0,0.0
2020-01-31,rwanda,,-1.9403,29.8739,0,0,0.0,0,0,0.0
2020-02-01,rwanda,,-1.9403,29.8739,0,0,0.0,0,0,0.0
2020-02-02,rwanda,,-1.9403,29.8739,0,0,0.0,0,0,0.0
2020-02-03,rwanda,,-1.9403,29.8739,0,0,0.0,0,0,0.0
2020-02-04,rwanda,,-1.9403,29.8739,0,0,0.0,0,0,0.0
2020-02-05,rwanda,,-1.9403,29.8739,0,0,0.0,0,0,0.0
2020-02-06,rwanda,,-1.9403,29.8739,0,0,0.0,0,0,0.0
2020-02-07,rwanda,,-1.9403,29.8739,0,0,0.0,0,0,0.0
2020-02-08,rwanda,,-1.9403,29.8739,0,0,0.0,0,0,0.0
2020-02-09,rwanda,,-1.9403,29.8739,0,0,0.0,0,0,0.0
2020-02-10,rwanda,,-1.9403,29.8739,0,0,0.0,0,0,0.0
2020-02-11,rwanda,,-1.9403,29.8739,0,0,0.0,0,0,0.0
2020-02-12,rwanda,,-1.9403,29.8739,0,0,0.0,0,0,0.0
2020-02-13,rwanda,,-1.9403,29.8739,0,0,0.0,0,0,0.0
2020-02-14,rwanda,,-1.9403,29.8739,0,0,0.0,0,0,0.0
2020-02-15,rwanda,,-1.9403,29.8739,0,0,0.0,0,0,0.0
2020-02-16,rwanda,,-1.9403,29.8739,0,0,0.0,0,0,0.0
2020-02-17,rwanda,,-1.9403,29.8739,0,0,0.0,0,0,0.0
2020-02-18,rwanda,,-1.9403,29.8739,0,0,0.0,0,0,0.0
2020-02-19,rwanda,,-1.9403,29.8739,0,0,0.0,0,0,0.0
2020-02-20,rwanda,,-1.9403,29.8739,0,0,0.0,0,0,0.0
2020-02-21,rwanda,,-1.9403,29.8739,0,0,0.0,0,0,0.0
2020-02-22,rwanda,,-1.9403,29.8739,0,0,0.0,0,0,0.0
2020-02-23,rwanda,,-1.9403,29.8739,0,0,0.0,0,0,0.0
2020-02-24,rwanda,,-1.9403,29.8739,0,0,0.0,0,0,0.0
2020-02-25,rwanda,,-1.9403,29.8739,0,0,0.0,0,0,0.0
2020-02-26,rwanda,,-1.9403,29.8739,0,0,0.0,0,0,0.0
2020-02-27,rwanda,,-1.9403,29.8739,0,0,0.0,0,0,0.0
2020-02-28,rwanda,,-1.9403,29.8739,0,0,0.0,0,0,0.0
2020-02-29,rwanda,,-1.9403,29.8739,0,0,0.0,0,0,0.0
2020-03-01,rwanda,,-1.9403,29.8739,0,0,0.0,0,0,0.0
2020-03-02,rwanda,,-1.9403,29.8739,0,0,0.0,0,0,0.0
2020-03-03,rwanda,,-1.9403,29.8739,0,0,0.0,0,0,0.0
2020-03-04,rwanda,,-1.9403,29.8739,0,0,0.0,0,0,0.0
2020-03-05,rwanda,,-1.9403,29.8739,0,0,0.0,0,0,0.0
2020-03-06,rwanda,,-1.9403,29.8739,0,0,0.0,0,0,0.0
2020-03-07,rwanda,,-1.9403,29.8739,0,0,0.0,0,0,0.0
2020-03-08,rwanda,,-1.9403,29.8739,0,0,0.0,0,0,0.0
2020-03-09,rwanda,,-1.9403,29.8739,0,0,0.0,0,0,0.0
2020-03-10,rwanda,,-1.9403,29.8739,0,0,0.0,0,0,0.0
2020-03-11,rwanda,,-1.9403,29.8739,0,0,0.0,0,0,0.0
2020-03-12,rwanda,,-1.9403,29.8739,0,0,0.0,0,0,0.0
2020-03-13,rwanda,,-1.9403,29.8739,0,0,0.0,0,0,0.0
2020-03-14,rwanda,,-1.9403,29.8739,1,0,0.0,1,0,0.0
2020-03-15,rwanda,,-1.9403,29.8739,1,0,0.0,0,0,0.0
2020-03-16,rwanda,,-1.9403,29.8739,5,0,0.0,4,0,0.0
2020-03-17,rwanda,,-1.9403,29.8739,7,0,0.0,2,0,0.0
2020-03-18,rwanda,,-1.9403,29.8739,8,0,0.0,1,0,0.0
2020-03-19,rwanda,,-1.9403,29.8739,8,0,0.0,0,0,0.0
2020-03-20,rwanda,,-1.9403,29.8739,17,0,0.0,9,0,0.0
2020-03-21,rwanda,,-1.9403,29.8739,17,0,0.0,0,0,0.0
2020-03-22,rwanda,,-1.9403,29.8739,19,0,0.0,2,0,0.0
2020-03-23,rwanda,,-1.9403,29.8739,36,0,0.0,17,0,0.0
2020-03-24,rwanda,,-1.9403,29.8739,40,0,0.0,4,0,0.0
2020-03-25,rwanda,,-1.9403,29.8739,41,0,0.0,1,0,0.0
2020-03-26,rwanda,,-1.9403,29.8739,50,0,0.0,9,0,0.0
2020-03-27,rwanda,,-1.9403,29.8739,54,0,0.0,4,0,0.0
2020-03-28,rwanda,,-1.9403,29.8739,60,0,0.0,6,0,0.0
2020-03-29,rwanda,,-1.9403,29.8739,70,0,0.0,10,0,0.0
2020-03-30,rwanda,,-1.9403,29.8739,70,0,0.0,0,0,0.0
2020-03-31,rwanda,,-1.9403,29.8739,75,0,0.0,5,0,0.0
2020-04-01,rwanda,,-1.9403,29.8739,82,0,0.0,7,0,0.0
2020-04-02,rwanda,,-1.9403,29.8739,84,0,0.0,2,0,0.0
2020-04-03,rwanda,,-1.9403,29.8739,89,0,0.0,5,0,0.0
2020-04-04,rwanda,,-1.9403,29.8739,102,0,0.0,13,0,0.0
2020-04-05,rwanda,,-1.9403,29.8739,104,0,4.0,2,0,4.0
2020-04-06,rwanda,,-1.9403,29.8739,105,0,4.0,1,0,0.0
2020-04-07,rwanda,,-1.9403,29.8739,105,0,7.0,0,0,3.0
2020-04-08,rwanda,,-1.9403,29.8739,110,0,7.0,5,0,0.0
2020-04-09,rwanda,,-1.9403,29.8739,110,0,7.0,0,0,0.0
2020-04-10,rwanda,,-1.9403,29.8739,118,0,7.0,8,0,0.0
2020-04-11,rwanda,,-1.9403,29.8739,120,0,18.0,2,0,11.0
2020-04-12,rwanda,,-1.9403,29.8739,126,0,25.0,6,0,7.0
2020-04-13,rwanda,,-1.9403,29.8739,127,0,42.0,1,0,17.0
2020-04-14,rwanda,,-1.9403,29.8739,134,0,49.0,7,0,7.0
2020-04-15,rwanda,,-1.9403,29.8739,136,0,54.0,2,0,5.0
2020-04-16,rwanda,,-1.9403,29.8739,138,0,60.0,2,0,6.0
2020-04-17,rwanda,,-1.9403,29.8739,143,0,65.0,5,0,5.0
2020-04-18,rwanda,,-1.9403,29.8739,144,0,69.0,1,0,4.0
2020-04-19,rwanda,,-1.9403,29.8739,147,0,76.0,3,0,7.0
2020-04-20,rwanda,,-1.9403,29.8739,147,0,76.0,0,0,0.0
2020-04-21,rwanda,,-1.9403,29.8739,150,0,84.0,3,0,8.0
2020-04-22,rwanda,,-1.9403,29.8739,153,0,84.0,3,0,0.0
2020-04-23,rwanda,,-1.9403,29.8739,154,0,87.0,1,0,3.0
2020-04-24,rwanda,,-1.9403,29.8739,176,0,87.0,22,0,0.0
2020-04-25,rwanda,,-1.9403,29.8739,183,0,88.0,7,0,1.0
2020-04-26,rwanda,,-1.9403,29.8739,191,0,92.0,8,0,4.0
2020-04-27,rwanda,,-1.9403,29.8739,207,0,93.0,16,0,1.0
2020-04-28,rwanda,,-1.9403,29.8739,212,0,95.0,5,0,2.0
2020-04-29,rwanda,,-1.9403,29.8739,225,0,98.0,13,0,3.0
2020-04-30,rwanda,,-1.9403,29.8739,243,0,104.0,18,0,6.0
2020-05-01,rwanda,,-1.9403,29.8739,249,0,109.0,6,0,5.0
2020-05-02,rwanda,,-1.9403,29.8739,255,0,120.0,6,0,11.0
2020-05-03,rwanda,,-1.9403,29.8739,259,0,124.0,4,0,4.0
2020-05-04,rwanda,,-1.9403,29.8739,261,0,128.0,2,0,4.0
2020-05-05,rwanda,,-1.9403,29.8739,261,0,129.0,0,0,1.0
2020-05-06,rwanda,,-1.9403,29.8739,268,0,130.0,7,0,1.0
2020-05-07,rwanda,,-1.9403,29.8739,271,0,133.0,3,0,3.0
2020-05-08,rwanda,,-1.9403,29.8739,273,0,136.0,2,0,3.0
2020-05-09,rwanda,,-1.9403,29.8739,280,0,140.0,7,0,4.0
2020-05-10,rwanda,,-1.9403,29.8739,284,0,140.0,4,0,0.0
2020-05-11,rwanda,,-1.9403,29.8739,285,0,150.0,1,0,10.0
2020-05-12,rwanda,,-1.9403,29.8739,286,0,153.0,1,0,3.0
2020-05-13,rwanda,,-1.9403,29.8739,287,0,164.0,1,0,11.0
2020-05-14,rwanda,,-1.9403,29.8739,287,0,168.0,0,0,4.0
2020-05-15,rwanda,,-1.9403,29.8739,287,0,177.0,0,0,9.0
2020-05-16,rwanda,,-1.9403,29.8739,289,0,178.0,2,0,1.0
2020-05-17,rwanda,,-1.9403,29.8739,292,0,197.0,3,0,19.0
2020-05-18,rwanda,,-1.9403,29.8739,297,0,203.0,5,0,6.0
2020-05-19,rwanda,,-1.9403,29.8739,308,0,209.0,11,0,6.0
2020-05-20,rwanda,,-1.9403,29.8739,314,0,216.0,6,0,7.0
2020-05-21,rwanda,,-1.9403,29.8739,320,0,217.0,6,0,1.0
2020-05-22,rwanda,,-1.9403,29.8739,321,0,222.0,1,0,5.0
2020-05-23,rwanda,,-1.9403,29.8739,325,0,227.0,4,0,5.0
2020-05-24,rwanda,,-1.9403,29.8739,327,0,237.0,2,0,10.0
2020-05-25,rwanda,,-1.9403,29.8739,336,0,238.0,9,0,1.0
2020-05-26,rwanda,,-1.9403,29.8739,339,0,244.0,3,0,6.0
2020-05-27,rwanda,,-1.9403,29.8739,346,0,245.0,7,0,1.0
2020-05-28,rwanda,,-1.9403,29.8739,349,0,245.0,3,0,0.0
2020-05-29,rwanda,,-1.9403,29.8739,355,0,247.0,6,0,2.0
2020-05-30,rwanda,,-1.9403,29.8739,359,1,250.0,4,1,3.0
2020-05-31,rwanda,,-1.9403,29.8739,370,1,256.0,11,0,6.0
2020-06-01,rwanda,,-1.9403,29.8739,377,1,262.0,7,0,6.0
2020-06-02,rwanda,,-1.9403,29.8739,384,2,269.0,7,1,7.0
2020-06-03,rwanda,,-1.9403,29.8739,397,2,271.0,13,0,2.0
2020-06-04,rwanda,,-1.9403,29.8739,410,2,280.0,13,0,9.0
2020-06-05,rwanda,,-1.9403,29.8739,420,2,282.0,10,0,2.0
2020-06-06,rwanda,,-1.9403,29.8739,431,2,283.0,11,0,1.0
2020-06-07,rwanda,,-1.9403,29.8739,439,2,290.0,8,0,7.0
2020-06-08,rwanda,,-1.9403,29.8739,451,2,297.0,12,0,7.0
2020-06-09,rwanda,,-1.9403,29.8739,463,2,300.0,12,0,3.0
2020-06-10,rwanda,,-1.9403,29.8739,476,2,307.0,13,0,7.0
2020-06-11,rwanda,,-1.9403,29.8739,494,2,313.0,18,0,6.0
2020-06-12,rwanda,,-1.9403,29.8739,510,2,321.0,16,0,8.0
2020-06-13,rwanda,,-1.9403,29.8739,541,2,332.0,31,0,11.0
2020-06-14,rwanda,,-1.9403,29.8739,582,2,332.0,41,0,0.0
2020-06-15,rwanda,,-1.9403,29.8739,612,2,338.0,30,0,6.0
2020-06-16,rwanda,,-1.9403,29.8739,636,2,338.0,24,0,0.0
2020-06-17,rwanda,,-1.9403,29.8739,639,2,347.0,3,0,9.0
2020-06-18,rwanda,,-1.9403,29.8739,646,2,350.0,7,0,3.0
2020-06-19,rwanda,,-1.9403,29.8739,661,2,351.0,15,0,1.0
2020-06-20,rwanda,,-1.9403,29.8739,702,2,357.0,41,0,6.0
2020-06-21,rwanda,,-1.9403,29.8739,728,2,359.0,26,0,2.0
2020-06-22,rwanda,,-1.9403,29.8739,787,2,370.0,59,0,11.0
2020-06-23,rwanda,,-1.9403,29.8739,798,2,371.0,11,0,1.0
2020-06-24,rwanda,,-1.9403,29.8739,830,2,376.0,32,0,5.0
2020-06-25,rwanda,,-1.9403,29.8739,850,2,385.0,20,0,9.0
2020-06-26,rwanda,,-1.9403,29.8739,858,2,398.0,8,0,13.0
2020-06-27,rwanda,,-1.9403,29.8739,878,2,413.0,20,0,15.0
2020-06-28,rwanda,,-1.9403,29.8739,900,2,443.0,22,0,30.0
2020-06-29,rwanda,,-1.9403,29.8739,1001,2,443.0,101,0,0.0
2020-06-30,rwanda,,-1.9403,29.8739,1025,2,447.0,24,0,4.0
2020-07-01,rwanda,,-1.9403,29.8739,1042,3,480.0,17,1,33.0
2020-07-02,rwanda,,-1.9403,29.8739,1063,3,493.0,21,0,13.0
2020-07-03,rwanda,,-1.9403,29.8739,1081,3,512.0,18,0,19.0
2020-07-04,rwanda,,-1.9403,29.8739,1092,3,523.0,11,0,11.0
2020-07-05,rwanda,,-1.9403,29.8739,1105,3,567.0,13,0,44.0
2020-07-06,rwanda,,-1.9403,29.8739,1113,3,575.0,8,0,8.0
2020-07-07,rwanda,,-1.9403,29.8739,1172,3,595.0,59,0,20.0
2020-07-08,rwanda,,-1.9403,29.8739,1194,3,610.0,22,0,15.0
2020-07-09,rwanda,,-1.9403,29.8739,1210,3,623.0,16,0,13.0
2020-07-10,rwanda,,-1.9403,29.8739,1252,3,635.0,42,0,12.0
2020-07-11,rwanda,,-1.9403,29.8739,1299,4,663.0,47,1,28.0
2020-07-12,rwanda,,-1.9403,29.8739,1337,4,684.0,38,0,21.0
2020-07-13,rwanda,,-1.9403,29.8739,1378,4,710.0,41,0,26.0
2020-07-14,rwanda,,-1.9403,29.8739,1416,4,737.0,38,0,27.0
2020-07-15,rwanda,,-1.9403,29.8739,1435,4,752.0,19,0,15.0
2020-07-16,rwanda,,-1.9403,29.8739,1473,4,770.0,38,0,18.0
2020-07-17,rwanda,,-1.9403,29.8739,1485,4,811.0,12,0,41.0
2020-07-18,rwanda,,-1.9403,29.8739,1539,5,819.0,54,1,8.0
2020-07-19,rwanda,,-1.9403,29.8739,1582,5,834.0,43,0,15.0
2020-07-20,rwanda,,-1.9403,29.8739,1629,5,838.0,47,0,4.0
2020-07-21,rwanda,,-1.9403,29.8739,1655,5,848.0,26,0,10.0
2020-07-22,rwanda,,-1.9403,29.8739,1689,5,867.0,34,0,19.0
2020-07-23,rwanda,,-1.9403,29.8739,1710,5,889.0,21,0,22.0
2020-07-24,rwanda,,-1.9403,29.8739,1729,5,900.0,19,0,11.0
2020-07-25,rwanda,,-1.9403,29.8739,1752,5,907.0,23,0,7.0
2020-07-26,rwanda,,-1.9403,29.8739,1821,5,918.0,69,0,11.0
2020-07-27,rwanda,,-1.9403,29.8739,1879,5,975.0,58,0,57.0
2020-07-28,rwanda,,-1.9403,29.8739,1926,5,1005.0,47,0,30.0
2020-07-29,rwanda,,-1.9403,29.8739,1963,5,1036.0,37,0,31.0
2020-07-30,rwanda,,-1.9403,29.8739,1994,5,1085.0,31,0,49.0
2020-07-31,rwanda,,-1.9403,29.8739,2022,5,1106.0,28,0,21.0
