date,country,state,lat,long,confirmed,deaths,recovered,confirmed_new,deaths_new,recovered_new
2020-01-22,saudi-arabia,,23.885942,45.079162,0,0,0.0,0,0,0.0
2020-01-23,saudi-arabia,,23.885942,45.079162,0,0,0.0,0,0,0.0
2020-01-24,saudi-arabia,,23.885942,45.079162,0,0,0.0,0,0,0.0
2020-01-25,saudi-arabia,,23.885942,45.079162,0,0,0.0,0,0,0.0
2020-01-26,saudi-arabia,,23.885942,45.079162,0,0,0.0,0,0,0.0
2020-01-27,saudi-arabia,,23.885942,45.079162,0,0,0.0,0,0,0.0
2020-01-28,saudi-arabia,,23.885942,45.079162,0,0,0.0,0,0,0.0
2020-01-29,saudi-arabia,,23.885942,45.079162,0,0,0.0,0,0,0.0
2020-01-30,saudi-arabia,,23.885942,45.079162,0,0,0.0,0,0,0.0
2020-01-31,saudi-arabia,,23.885942,45.079162,0,0,0.0,0,0,0.0
2020-02-01,saudi-arabia,,23.885942,45.079162,0,0,0.0,0,0,0.0
2020-02-02,saudi-arabia,,23.885942,45.079162,0,0,0.0,0,0,0.0
2020-02-03,saudi-arabia,,23.885942,45.079162,0,0,0.0,0,0,0.0
2020-02-04,saudi-arabia,,23.885942,45.079162,0,0,0.0,0,0,0.0
2020-02-05,saudi-arabia,,23.885942,45.079162,0,0,0.0,0,0,0.0
2020-02-06,saudi-arabia,,23.885942,45.079162,0,0,0.0,0,0,0.0
2020-02-07,saudi-arabia,,23.885942,45.079162,0,0,0.0,0,0,0.0
2020-02-08,saudi-arabia,,23.885942,45.079162,0,0,0.0,0,0,0.0
2020-02-09,saudi-arabia,,23.885942,45.079162,0,0,0.0,0,0,0.0
2020-02-10,saudi-arabia,,23.885942,45.079162,0,0,0.0,0,0,0.0
2020-02-11,saudi-arabia,,23.885942,45.079162,0,0,0.0,0,0,0.0
2020-02-12,saudi-arabia,,23.885942,45.079162,0,0,0.0,0,0,0.0
2020-02-13,saudi-arabia,,23.885942,45.079162,0,0,0.0,0,0,0.0
2020-02-14,saudi-arabia,,23.885942,45.079162,0,0,0.0,0,0,0.0
2020-02-15,saudi-arabia,,23.885942,45.079162,0,0,0.0,0,0,0.0
2020-02-16,saudi-arabia,,23.885942,45.079162,0,0,0.0,0,0,0.0
2020-02-17,saudi-arabia,,23.885942,45.079162,0,0,0.0,0,0,0.0
2020-02-18,saudi-arabia,,23.885942,45.079162,0,0,0.0,0,0,0.0
2020-02-19,saudi-arabia,,23.885942,45.079162,0,0,0.0,0,0,0.0
2020-02-20,saudi-arabia,,23.885942,45.079162,0,0,0.0,0,0,0.0
2020-02-21,saudi-arabia,,23.885942,45.079162,0,0,0.0,0,0,0.0
2020-02-22,saudi-arabia,,23.885942,45.079162,0,0,0.0,0,0,0.0
2020-02-23,saudi-arabia,,23.885942,45.079162,0,0,0.0,0,0,0.0
2020-02-24,saudi-arabia,,23.885942,45.079162,0,0,0.0,0,0,0.0
2020-02-25,saudi-arabia,,23.885942,45.079162,0,0,0.0,0,0,0.0
2020-02-26,saudi-arabia,,23.885942,45.079162,0,0,0.0,0,0,0.0
2020-02-27,saudi-arabia,,23.885942,45.079162,0,0,0.0,0,0,0.0
2020-02-28,saudi-arabia,,23.885942,45.079162,0,0,0.0,0,0,0.0
2020-02-29,saudi-arabia,,23.885942,45.079162,0,0,0.0,0,0,0.0
2020-03-01,saudi-arabia,,23.885942,45.079162,0,0,0.0,0,0,0.0
2020-03-02,saudi-arabia,,23.885942,45.079162,1,0,0.0,1,0,0.0
2020-03-03,saudi-arabia,,23.885942,45.079162,1,0,0.0,0,0,0.0
2020-03-04,saudi-arabia,,23.885942,45.079162,1,0,0.0,0,0,0.0
2020-03-05,saudi-arabia,,23.885942,45.079162,5,0,0.0,4,0,0.0
2020-03-06,saudi-arabia,,23.885942,45.079162,5,0,0.0,0,0,0.0
2020-03-07,saudi-arabia,,23.885942,45.079162,5,0,0.0,0,0,0.0
2020-03-08,saudi-arabia,,23.885942,45.079162,11,0,0.0,6,0,0.0
2020-03-09,saudi-arabia,,23.885942,45.079162,15,0,0.0,4,0,0.0
2020-03-10,saudi-arabia,,23.885942,45.079162,20,0,1.0,5,0,1.0
2020-03-11,saudi-arabia,,23.885942,45.079162,21,0,1.0,1,0,0.0
2020-03-12,saudi-arabia,,23.885942,45.079162,45,0,1.0,24,0,0.0
2020-03-13,saudi-arabia,,23.885942,45.079162,86,0,1.0,41,0,0.0
2020-03-14,saudi-arabia,,23.885942,45.079162,103,0,1.0,17,0,0.0
2020-03-15,saudi-arabia,,23.885942,45.079162,103,0,1.0,0,0,0.0
2020-03-16,saudi-arabia,,23.885942,45.079162,118,0,2.0,15,0,1.0
2020-03-17,saudi-arabia,,23.885942,45.079162,171,0,6.0,53,0,4.0
2020-03-18,saudi-arabia,,23.885942,45.079162,171,0,6.0,0,0,0.0
2020-03-19,saudi-arabia,,23.885942,45.079162,274,0,6.0,103,0,0.0
2020-03-20,saudi-arabia,,23.885942,45.079162,344,0,8.0,70,0,2.0
2020-03-21,saudi-arabia,,23.885942,45.079162,392,0,16.0,48,0,8.0
2020-03-22,saudi-arabia,,23.885942,45.079162,511,0,16.0,119,0,0.0
2020-03-23,saudi-arabia,,23.885942,45.079162,562,0,16.0,51,0,0.0
2020-03-24,saudi-arabia,,23.885942,45.079162,767,1,28.0,205,1,12.0
2020-03-25,saudi-arabia,,23.885942,45.079162,900,2,29.0,133,1,1.0
2020-03-26,saudi-arabia,,23.885942,45.079162,1012,3,33.0,112,1,4.0
2020-03-27,saudi-arabia,,23.885942,45.079162,1104,3,35.0,92,0,2.0
2020-03-28,saudi-arabia,,23.885942,45.079162,1203,4,37.0,99,1,2.0
2020-03-29,saudi-arabia,,23.885942,45.079162,1299,8,66.0,96,4,29.0
2020-03-30,saudi-arabia,,23.885942,45.079162,1453,8,115.0,154,0,49.0
2020-03-31,saudi-arabia,,23.885942,45.079162,1563,10,165.0,110,2,50.0
2020-04-01,saudi-arabia,,23.885942,45.079162,1720,16,264.0,157,6,99.0
2020-04-02,saudi-arabia,,23.885942,45.079162,1885,21,328.0,165,5,64.0
2020-04-03,saudi-arabia,,23.885942,45.079162,2039,25,351.0,154,4,23.0
2020-04-04,saudi-arabia,,23.885942,45.079162,2179,29,420.0,140,4,69.0
2020-04-05,saudi-arabia,,23.885942,45.079162,2402,34,488.0,223,5,68.0
2020-04-06,saudi-arabia,,23.885942,45.079162,2605,38,551.0,203,4,63.0
2020-04-07,saudi-arabia,,23.885942,45.079162,2795,41,615.0,190,3,64.0
2020-04-08,saudi-arabia,,23.885942,45.079162,2932,41,631.0,137,0,16.0
2020-04-09,saudi-arabia,,23.885942,45.079162,3287,44,666.0,355,3,35.0
2020-04-10,saudi-arabia,,23.885942,45.079162,3651,47,685.0,364,3,19.0
2020-04-11,saudi-arabia,,23.885942,45.079162,4033,52,720.0,382,5,35.0
2020-04-12,saudi-arabia,,23.885942,45.079162,4462,59,761.0,429,7,41.0
2020-04-13,saudi-arabia,,23.885942,45.079162,4934,65,805.0,472,6,44.0
2020-04-14,saudi-arabia,,23.885942,45.079162,5369,73,889.0,435,8,84.0
2020-04-15,saudi-arabia,,23.885942,45.079162,5862,79,931.0,493,6,42.0
2020-04-16,saudi-arabia,,23.885942,45.079162,6380,83,990.0,518,4,59.0
2020-04-17,saudi-arabia,,23.885942,45.079162,7142,87,1049.0,762,4,59.0
2020-04-18,saudi-arabia,,23.885942,45.079162,8274,92,1329.0,1132,5,280.0
2020-04-19,saudi-arabia,,23.885942,45.079162,9362,97,1398.0,1088,5,69.0
2020-04-20,saudi-arabia,,23.885942,45.079162,10484,103,1490.0,1122,6,92.0
2020-04-21,saudi-arabia,,23.885942,45.079162,11631,109,1640.0,1147,6,150.0
2020-04-22,saudi-arabia,,23.885942,45.079162,12772,114,1812.0,1141,5,172.0
2020-04-23,saudi-arabia,,23.885942,45.079162,13930,121,1925.0,1158,7,113.0
2020-04-24,saudi-arabia,,23.885942,45.079162,15102,127,2049.0,1172,6,124.0
2020-04-25,saudi-arabia,,23.885942,45.079162,16299,136,2215.0,1197,9,166.0
2020-04-26,saudi-arabia,,23.885942,45.079162,17522,139,2357.0,1223,3,142.0
2020-04-27,saudi-arabia,,23.885942,45.079162,18811,144,2531.0,1289,5,174.0
2020-04-28,saudi-arabia,,23.885942,45.079162,20077,152,2784.0,1266,8,253.0
2020-04-29,saudi-arabia,,23.885942,45.079162,21402,157,2953.0,1325,5,169.0
2020-04-30,saudi-arabia,,23.885942,45.079162,22753,162,3163.0,1351,5,210.0
2020-05-01,saudi-arabia,,23.885942,45.079162,24097,169,3555.0,1344,7,392.0
2020-05-02,saudi-arabia,,23.885942,45.079162,25459,176,3765.0,1362,7,210.0
2020-05-03,saudi-arabia,,23.885942,45.079162,27011,184,4134.0,1552,8,369.0
2020-05-04,saudi-arabia,,23.885942,45.079162,28656,191,4476.0,1645,7,342.0
2020-05-05,saudi-arabia,,23.885942,45.079162,30251,200,5431.0,1595,9,955.0
2020-05-06,saudi-arabia,,23.885942,45.079162,31938,209,6783.0,1687,9,1352.0
2020-05-07,saudi-arabia,,23.885942,45.079162,33731,219,7798.0,1793,10,1015.0
2020-05-08,saudi-arabia,,23.885942,45.079162,35432,229,9120.0,1701,10,1322.0
2020-05-09,saudi-arabia,,23.885942,45.079162,37136,239,10144.0,1704,10,1024.0
2020-05-10,saudi-arabia,,23.885942,45.079162,39048,246,11457.0,1912,7,1313.0
2020-05-11,saudi-arabia,,23.885942,45.079162,41014,255,12737.0,1966,9,1280.0
2020-05-12,saudi-arabia,,23.885942,45.079162,42925,264,15257.0,1911,9,2520.0
2020-05-13,saudi-arabia,,23.885942,45.079162,44830,273,17622.0,1905,9,2365.0
2020-05-14,saudi-arabia,,23.885942,45.079162,46869,283,19051.0,2039,10,1429.0
2020-05-15,saudi-arabia,,23.885942,45.079162,49176,292,21869.0,2307,9,2818.0
2020-05-16,saudi-arabia,,23.885942,45.079162,52016,302,23666.0,2840,10,1797.0
2020-05-17,saudi-arabia,,23.885942,45.079162,54752,312,25722.0,2736,10,2056.0
2020-05-18,saudi-arabia,,23.885942,45.079162,57345,320,28748.0,2593,8,3026.0
2020-05-19,saudi-arabia,,23.885942,45.079162,59854,329,31634.0,2509,9,2886.0
2020-05-20,saudi-arabia,,23.885942,45.079162,62545,339,33478.0,2691,10,1844.0
2020-05-21,saudi-arabia,,23.885942,45.079162,65077,351,36040.0,2532,12,2562.0
2020-05-22,saudi-arabia,,23.885942,45.079162,67719,364,39003.0,2642,13,2963.0
2020-05-23,saudi-arabia,,23.885942,45.079162,70161,379,41236.0,2442,15,2233.0
2020-05-24,saudi-arabia,,23.885942,45.079162,72560,390,43520.0,2399,11,2284.0
2020-05-25,saudi-arabia,,23.885942,45.079162,74795,399,45668.0,2235,9,2148.0
2020-05-26,saudi-arabia,,23.885942,45.079162,76726,411,48450.0,1931,12,2782.0
2020-05-27,saudi-arabia,,23.885942,45.079162,78541,425,51022.0,1815,14,2572.0
2020-05-28,saudi-arabia,,23.885942,45.079162,80185,441,54553.0,1644,16,3531.0
2020-05-29,saudi-arabia,,23.885942,45.079162,81766,458,57013.0,1581,17,2460.0
2020-05-30,saudi-arabia,,23.885942,45.079162,83384,480,58883.0,1618,22,1870.0
2020-05-31,saudi-arabia,,23.885942,45.079162,85261,503,62442.0,1877,23,3559.0
2020-06-01,saudi-arabia,,23.885942,45.079162,87142,525,64306.0,1881,22,1864.0
2020-06-02,saudi-arabia,,23.885942,45.079162,89011,549,65790.0,1869,24,1484.0
2020-06-03,saudi-arabia,,23.885942,45.079162,91182,579,68159.0,2171,30,2369.0
2020-06-04,saudi-arabia,,23.885942,45.079162,93157,611,68965.0,1975,32,806.0
2020-06-05,saudi-arabia,,23.885942,45.079162,95748,642,70616.0,2591,31,1651.0
2020-06-06,saudi-arabia,,23.885942,45.079162,98869,676,71791.0,3121,34,1175.0
2020-06-07,saudi-arabia,,23.885942,45.079162,101914,712,72817.0,3045,36,1026.0
2020-06-08,saudi-arabia,,23.885942,45.079162,105283,746,74524.0,3369,34,1707.0
2020-06-09,saudi-arabia,,23.885942,45.079162,108571,783,76339.0,3288,37,1815.0
2020-06-10,saudi-arabia,,23.885942,45.079162,112288,819,77954.0,3717,36,1615.0
2020-06-11,saudi-arabia,,23.885942,45.079162,116021,857,80019.0,3733,38,2065.0
2020-06-12,saudi-arabia,,23.885942,45.079162,119942,893,81029.0,3921,36,1010.0
2020-06-13,saudi-arabia,,23.885942,45.079162,123308,932,82548.0,3366,39,1519.0
2020-06-14,saudi-arabia,,23.885942,45.079162,127541,972,84720.0,4233,40,2172.0
2020-06-15,saudi-arabia,,23.885942,45.079162,132048,1011,87890.0,4507,39,3170.0
2020-06-16,saudi-arabia,,23.885942,45.079162,136315,1052,89540.0,4267,41,1650.0
2020-06-17,saudi-arabia,,23.885942,45.079162,141234,1091,91662.0,4919,39,2122.0
2020-06-18,saudi-arabia,,23.885942,45.079162,145991,1139,93915.0,4757,48,2253.0
2020-06-19,saudi-arabia,,23.885942,45.079162,150292,1184,95764.0,4301,45,1849.0
2020-06-20,saudi-arabia,,23.885942,45.079162,154233,1230,98917.0,3941,46,3153.0
2020-06-21,saudi-arabia,,23.885942,45.079162,157612,1267,101130.0,3379,37,2213.0
2020-06-22,saudi-arabia,,23.885942,45.079162,161005,1307,105175.0,3393,40,4045.0
2020-06-23,saudi-arabia,,23.885942,45.079162,164144,1346,109885.0,3139,39,4710.0
2020-06-24,saudi-arabia,,23.885942,45.079162,167267,1387,112797.0,3123,41,2912.0
2020-06-25,saudi-arabia,,23.885942,45.079162,170639,1428,117882.0,3372,41,5085.0
2020-06-26,saudi-arabia,,23.885942,45.079162,174577,1474,120471.0,3938,46,2589.0
2020-06-27,saudi-arabia,,23.885942,45.079162,178504,1511,122128.0,3927,37,1657.0
2020-06-28,saudi-arabia,,23.885942,45.079162,182493,1551,124755.0,3989,40,2627.0
2020-06-29,saudi-arabia,,23.885942,45.079162,186436,1599,127118.0,3943,48,2363.0
2020-06-30,saudi-arabia,,23.885942,45.079162,190823,1649,130766.0,4387,50,3648.0
2020-07-01,saudi-arabia,,23.885942,45.079162,194225,1698,132760.0,3402,49,1994.0
2020-07-02,saudi-arabia,,23.885942,45.079162,197608,1752,137669.0,3383,54,4909.0
2020-07-03,saudi-arabia,,23.885942,45.079162,201801,1802,140614.0,4193,50,2945.0
2020-07-04,saudi-arabia,,23.885942,45.079162,205929,1858,143256.0,4128,56,2642.0
2020-07-05,saudi-arabia,,23.885942,45.079162,209509,1916,145236.0,3580,58,1980.0
2020-07-06,saudi-arabia,,23.885942,45.079162,213716,1968,149634.0,4207,52,4398.0
2020-07-07,saudi-arabia,,23.885942,45.079162,217108,2017,154839.0,3392,49,5205.0
2020-07-08,saudi-arabia,,23.885942,45.079162,220144,2059,158050.0,3036,42,3211.0
2020-07-09,saudi-arabia,,23.885942,45.079162,223327,2100,161096.0,3183,41,3046.0
2020-07-10,saudi-arabia,,23.885942,45.079162,226486,2151,163026.0,3159,51,1930.0
2020-07-11,saudi-arabia,,23.885942,45.079162,229480,2181,165396.0,2994,30,2370.0
2020-07-12,saudi-arabia,,23.885942,45.079162,232259,2223,167138.0,2779,42,1742.0
2020-07-13,saudi-arabia,,23.885942,45.079162,235111,2243,169842.0,2852,20,2704.0
2020-07-14,saudi-arabia,,23.885942,45.079162,237803,2283,177560.0,2692,40,7718.0
2020-07-15,saudi-arabia,,23.885942,45.079162,240474,2325,183048.0,2671,42,5488.0
2020-07-16,saudi-arabia,,23.885942,45.079162,243238,2370,187622.0,2764,45,4574.0
2020-07-17,saudi-arabia,,23.885942,45.079162,245851,2407,191161.0,2613,37,3539.0
2020-07-18,saudi-arabia,,23.885942,45.079162,248416,2447,194218.0,2565,40,3057.0
2020-07-19,saudi-arabia,,23.885942,45.079162,250920,2486,197735.0,2504,39,3517.0
2020-07-20,saudi-arabia,,23.885942,45.079162,253349,2523,203259.0,2429,37,5524.0
2020-07-21,saudi-arabia,,23.885942,45.079162,255825,2557,207259.0,2476,34,4000.0
2020-07-22,saudi-arabia,,23.885942,45.079162,258156,2601,210398.0,2331,44,3139.0
2020-07-23,saudi-arabia,,23.885942,45.079162,260394,2635,213490.0,2238,34,3092.0
2020-07-24,saudi-arabia,,23.885942,45.079162,262772,2672,215731.0,2378,37,2241.0
2020-07-25,saudi-arabia,,23.885942,45.079162,264973,2703,217782.0,2201,31,2051.0
2020-07-26,saudi-arabia,,23.885942,45.079162,266941,2733,220323.0,1968,30,2541.0
2020-07-27,saudi-arabia,,23.885942,45.079162,268934,2760,222936.0,1993,27,2613.0
2020-07-28,saudi-arabia,,23.885942,45.079162,270831,2789,225624.0,1897,29,2688.0
2020-07-29,saudi-arabia,,23.885942,45.079162,272590,2816,228569.0,1759,27,2945.0
2020-07-30,saudi-arabia,,23.885942,45.079162,274219,2842,231198.0,1629,26,2629.0
2020-07-31,saudi-arabia,,23.885942,45.079162,275905,2866,235658.0,1686,24,4460.0
