date,country,state,lat,long,confirmed,deaths,recovered,confirmed_new,deaths_new,recovered_new
2020-01-22,serbia,,44.0165,21.0059,0,0,0.0,0,0,0.0
2020-01-23,serbia,,44.0165,21.0059,0,0,0.0,0,0,0.0
2020-01-24,serbia,,44.0165,21.0059,0,0,0.0,0,0,0.0
2020-01-25,serbia,,44.0165,21.0059,0,0,0.0,0,0,0.0
2020-01-26,serbia,,44.0165,21.0059,0,0,0.0,0,0,0.0
2020-01-27,serbia,,44.0165,21.0059,0,0,0.0,0,0,0.0
2020-01-28,serbia,,44.0165,21.0059,0,0,0.0,0,0,0.0
2020-01-29,serbia,,44.0165,21.0059,0,0,0.0,0,0,0.0
2020-01-30,serbia,,44.0165,21.0059,0,0,0.0,0,0,0.0
2020-01-31,serbia,,44.0165,21.0059,0,0,0.0,0,0,0.0
2020-02-01,serbia,,44.0165,21.0059,0,0,0.0,0,0,0.0
2020-02-02,serbia,,44.0165,21.0059,0,0,0.0,0,0,0.0
2020-02-03,serbia,,44.0165,21.0059,0,0,0.0,0,0,0.0
2020-02-04,serbia,,44.0165,21.0059,0,0,0.0,0,0,0.0
2020-02-05,serbia,,44.0165,21.0059,0,0,0.0,0,0,0.0
2020-02-06,serbia,,44.0165,21.0059,0,0,0.0,0,0,0.0
2020-02-07,serbia,,44.0165,21.0059,0,0,0.0,0,0,0.0
2020-02-08,serbia,,44.0165,21.0059,0,0,0.0,0,0,0.0
2020-02-09,serbia,,44.0165,21.0059,0,0,0.0,0,0,0.0
2020-02-10,serbia,,44.0165,21.0059,0,0,0.0,0,0,0.0
2020-02-11,serbia,,44.0165,21.0059,0,0,0.0,0,0,0.0
2020-02-12,serbia,,44.0165,21.0059,0,0,0.0,0,0,0.0
2020-02-13,serbia,,44.0165,21.0059,0,0,0.0,0,0,0.0
2020-02-14,serbia,,44.0165,21.0059,0,0,0.0,0,0,0.0
2020-02-15,serbia,,44.0165,21.0059,0,0,0.0,0,0,0.0
2020-02-16,serbia,,44.0165,21.0059,0,0,0.0,0,0,0.0
2020-02-17,serbia,,44.0165,21.0059,0,0,0.0,0,0,0.0
2020-02-18,serbia,,44.0165,21.0059,0,0,0.0,0,0,0.0
2020-02-19,serbia,,44.0165,21.0059,0,0,0.0,0,0,0.0
2020-02-20,serbia,,44.0165,21.0059,0,0,0.0,0,0,0.0
2020-02-21,serbia,,44.0165,21.0059,0,0,0.0,0,0,0.0
2020-02-22,serbia,,44.0165,21.0059,0,0,0.0,0,0,0.0
2020-02-23,serbia,,44.0165,21.0059,0,0,0.0,0,0,0.0
2020-02-24,serbia,,44.0165,21.0059,0,0,0.0,0,0,0.0
2020-02-25,serbia,,44.0165,21.0059,0,0,0.0,0,0,0.0
2020-02-26,serbia,,44.0165,21.0059,0,0,0.0,0,0,0.0
2020-02-27,serbia,,44.0165,21.0059,0,0,0.0,0,0,0.0
2020-02-28,serbia,,44.0165,21.0059,0,0,0.0,0,0,0.0
2020-02-29,serbia,,44.0165,21.0059,0,0,0.0,0,0,0.0
2020-03-01,serbia,,44.0165,21.0059,0,0,0.0,0,0,0.0
2020-03-02,serbia,,44.0165,21.0059,0,0,0.0,0,0,0.0
2020-03-03,serbia,,44.0165,21.0059,0,0,0.0,0,0,0.0
2020-03-04,serbia,,44.0165,21.0059,0,0,0.0,0,0,0.0
2020-03-05,serbia,,44.0165,21.0059,0,0,0.0,0,0,0.0
2020-03-06,serbia,,44.0165,21.0059,1,0,0.0,1,0,0.0
2020-03-07,serbia,,44.0165,21.0059,1,0,0.0,0,0,0.0
2020-03-08,serbia,,44.0165,21.0059,1,0,0.0,0,0,0.0
2020-03-09,serbia,,44.0165,21.0059,1,0,0.0,0,0,0.0
2020-03-10,serbia,,44.0165,21.0059,5,0,0.0,4,0,0.0
2020-03-11,serbia,,44.0165,21.0059,12,0,0.0,7,0,0.0
2020-03-12,serbia,,44.0165,21.0059,19,0,0.0,7,0,0.0
2020-03-13,serbia,,44.0165,21.0059,35,0,0.0,16,0,0.0
2020-03-14,serbia,,44.0165,21.0059,46,0,0.0,11,0,0.0
2020-03-15,serbia,,44.0165,21.0059,48,0,0.0,2,0,0.0
2020-03-16,serbia,,44.0165,21.0059,55,0,1.0,7,0,1.0
2020-03-17,serbia,,44.0165,21.0059,65,0,1.0,10,0,0.0
2020-03-18,serbia,,44.0165,21.0059,83,0,1.0,18,0,0.0
2020-03-19,serbia,,44.0165,21.0059,103,0,1.0,20,0,0.0
2020-03-20,serbia,,44.0165,21.0059,135,1,1.0,32,1,0.0
2020-03-21,serbia,,44.0165,21.0059,171,1,1.0,36,0,0.0
2020-03-22,serbia,,44.0165,21.0059,222,2,1.0,51,1,0.0
2020-03-23,serbia,,44.0165,21.0059,249,3,1.0,27,1,0.0
2020-03-24,serbia,,44.0165,21.0059,303,3,15.0,54,0,14.0
2020-03-25,serbia,,44.0165,21.0059,384,4,15.0,81,1,0.0
2020-03-26,serbia,,44.0165,21.0059,384,1,0.0,0,-3,-15.0
2020-03-27,serbia,,44.0165,21.0059,457,1,0.0,73,0,0.0
2020-03-28,serbia,,44.0165,21.0059,659,10,0.0,202,9,0.0
2020-03-29,serbia,,44.0165,21.0059,741,13,0.0,82,3,0.0
2020-03-30,serbia,,44.0165,21.0059,785,16,0.0,44,3,0.0
2020-03-31,serbia,,44.0165,21.0059,900,16,0.0,115,0,0.0
2020-04-01,serbia,,44.0165,21.0059,1060,28,0.0,160,12,0.0
2020-04-02,serbia,,44.0165,21.0059,1171,31,0.0,111,3,0.0
2020-04-03,serbia,,44.0165,21.0059,1476,39,0.0,305,8,0.0
2020-04-04,serbia,,44.0165,21.0059,1624,44,0.0,148,5,0.0
2020-04-05,serbia,,44.0165,21.0059,1908,51,0.0,284,7,0.0
2020-04-06,serbia,,44.0165,21.0059,2200,58,0.0,292,7,0.0
2020-04-07,serbia,,44.0165,21.0059,2447,61,0.0,247,3,0.0
2020-04-08,serbia,,44.0165,21.0059,2666,65,0.0,219,4,0.0
2020-04-09,serbia,,44.0165,21.0059,2867,66,0.0,201,1,0.0
2020-04-10,serbia,,44.0165,21.0059,3105,71,0.0,238,5,0.0
2020-04-11,serbia,,44.0165,21.0059,3380,74,0.0,275,3,0.0
2020-04-12,serbia,,44.0165,21.0059,3630,80,0.0,250,6,0.0
2020-04-13,serbia,,44.0165,21.0059,4054,85,0.0,424,5,0.0
2020-04-14,serbia,,44.0165,21.0059,4465,94,0.0,411,9,0.0
2020-04-15,serbia,,44.0165,21.0059,4873,99,0.0,408,5,0.0
2020-04-16,serbia,,44.0165,21.0059,5318,103,0.0,445,4,0.0
2020-04-17,serbia,,44.0165,21.0059,5690,110,534.0,372,7,534.0
2020-04-18,serbia,,44.0165,21.0059,5994,117,637.0,304,7,103.0
2020-04-19,serbia,,44.0165,21.0059,6318,122,753.0,324,5,116.0
2020-04-20,serbia,,44.0165,21.0059,6630,125,870.0,312,3,117.0
2020-04-21,serbia,,44.0165,21.0059,6890,130,977.0,260,5,107.0
2020-04-22,serbia,,44.0165,21.0059,7144,134,1025.0,254,4,48.0
2020-04-23,serbia,,44.0165,21.0059,7276,139,1067.0,132,5,42.0
2020-04-24,serbia,,44.0165,21.0059,7483,144,1094.0,207,5,27.0
2020-04-25,serbia,,44.0165,21.0059,7779,151,1152.0,296,7,58.0
2020-04-26,serbia,,44.0165,21.0059,8042,156,1182.0,263,5,30.0
2020-04-27,serbia,,44.0165,21.0059,8275,162,1209.0,233,6,27.0
2020-04-28,serbia,,44.0165,21.0059,8497,168,1260.0,222,6,51.0
2020-04-29,serbia,,44.0165,21.0059,8724,173,1292.0,227,5,32.0
2020-04-30,serbia,,44.0165,21.0059,9009,179,1343.0,285,6,51.0
2020-05-01,serbia,,44.0165,21.0059,9009,179,1343.0,0,0,0.0
2020-05-02,serbia,,44.0165,21.0059,9362,189,1426.0,353,10,83.0
2020-05-03,serbia,,44.0165,21.0059,9464,193,1551.0,102,4,125.0
2020-05-04,serbia,,44.0165,21.0059,9557,197,1574.0,93,4,23.0
2020-05-05,serbia,,44.0165,21.0059,9677,200,1723.0,120,3,149.0
2020-05-06,serbia,,44.0165,21.0059,9791,203,1971.0,114,3,248.0
2020-05-07,serbia,,44.0165,21.0059,9848,206,2160.0,57,3,189.0
2020-05-08,serbia,,44.0165,21.0059,9943,209,2453.0,95,3,293.0
2020-05-09,serbia,,44.0165,21.0059,10032,215,2732.0,89,6,279.0
2020-05-10,serbia,,44.0165,21.0059,10032,215,2732.0,0,0,0.0
2020-05-11,serbia,,44.0165,21.0059,10176,218,3290.0,144,3,558.0
2020-05-12,serbia,,44.0165,21.0059,10243,220,3600.0,67,2,310.0
2020-05-13,serbia,,44.0165,21.0059,10295,222,3824.0,52,2,224.0
2020-05-14,serbia,,44.0165,21.0059,10374,224,4084.0,79,2,260.0
2020-05-15,serbia,,44.0165,21.0059,10438,225,4301.0,64,1,217.0
2020-05-16,serbia,,44.0165,21.0059,10496,228,4479.0,58,3,178.0
2020-05-17,serbia,,44.0165,21.0059,10610,230,4713.0,114,2,234.0
2020-05-18,serbia,,44.0165,21.0059,10699,231,4799.0,89,1,86.0
2020-05-19,serbia,,44.0165,21.0059,10733,234,4904.0,34,3,105.0
2020-05-20,serbia,,44.0165,21.0059,10833,235,5067.0,100,1,163.0
2020-05-21,serbia,,44.0165,21.0059,10919,237,5370.0,86,2,303.0
2020-05-22,serbia,,44.0165,21.0059,11024,237,5541.0,105,0,171.0
2020-05-23,serbia,,44.0165,21.0059,11092,238,5699.0,68,1,158.0
2020-05-24,serbia,,44.0165,21.0059,11159,238,5857.0,67,0,158.0
2020-05-25,serbia,,44.0165,21.0059,11193,239,5920.0,34,1,63.0
2020-05-26,serbia,,44.0165,21.0059,11227,239,6067.0,34,0,147.0
2020-05-27,serbia,,44.0165,21.0059,11275,240,6277.0,48,1,210.0
2020-05-28,serbia,,44.0165,21.0059,11300,241,6438.0,25,1,161.0
2020-05-29,serbia,,44.0165,21.0059,11354,242,6524.0,54,1,86.0
2020-05-30,serbia,,44.0165,21.0059,11381,242,6606.0,27,0,82.0
2020-05-31,serbia,,44.0165,21.0059,11412,243,6698.0,31,1,92.0
2020-06-01,serbia,,44.0165,21.0059,11430,244,6726.0,18,1,28.0
2020-06-02,serbia,,44.0165,21.0059,11454,245,6766.0,24,1,40.0
2020-06-03,serbia,,44.0165,21.0059,11523,245,6852.0,69,0,86.0
2020-06-04,serbia,,44.0165,21.0059,11571,246,6910.0,48,1,58.0
2020-06-05,serbia,,44.0165,21.0059,11667,247,6931.0,96,1,21.0
2020-06-06,serbia,,44.0165,21.0059,11741,248,11056.0,74,1,4125.0
2020-06-07,serbia,,44.0165,21.0059,11823,249,11348.0,82,1,292.0
2020-06-08,serbia,,44.0165,21.0059,11896,250,11189.0,73,1,-159.0
2020-06-09,serbia,,44.0165,21.0059,11965,250,11268.0,69,0,79.0
2020-06-10,serbia,,44.0165,21.0059,12031,251,11348.0,66,1,80.0
2020-06-11,serbia,,44.0165,21.0059,12102,252,11362.0,71,1,14.0
2020-06-12,serbia,,44.0165,21.0059,12175,252,11411.0,73,0,49.0
2020-06-13,serbia,,44.0165,21.0059,12251,253,11465.0,76,1,54.0
2020-06-14,serbia,,44.0165,21.0059,12310,254,11511.0,59,1,46.0
2020-06-15,serbia,,44.0165,21.0059,12367,255,11561.0,57,1,50.0
2020-06-16,serbia,,44.0165,21.0059,12426,256,11624.0,59,1,63.0
2020-06-17,serbia,,44.0165,21.0059,12522,257,11697.0,96,1,73.0
2020-06-18,serbia,,44.0165,21.0059,12616,258,11769.0,94,1,72.0
2020-06-19,serbia,,44.0165,21.0059,12709,259,11822.0,93,1,53.0
2020-06-20,serbia,,44.0165,21.0059,12803,260,11889.0,94,1,67.0
2020-06-21,serbia,,44.0165,21.0059,12894,261,11947.0,91,1,58.0
2020-06-22,serbia,,44.0165,21.0059,12990,262,11997.0,96,1,50.0
2020-06-23,serbia,,44.0165,21.0059,13092,263,12054.0,102,1,57.0
2020-06-24,serbia,,44.0165,21.0059,13235,263,12111.0,143,0,57.0
2020-06-25,serbia,,44.0165,21.0059,13372,264,12154.0,137,1,43.0
2020-06-26,serbia,,44.0165,21.0059,13565,265,12232.0,193,1,78.0
2020-06-27,serbia,,44.0165,21.0059,13792,267,12338.0,227,2,106.0
2020-06-28,serbia,,44.0165,21.0059,14046,270,12464.0,254,3,126.0
2020-06-29,serbia,,44.0165,21.0059,14288,274,12581.0,242,4,117.0
2020-06-30,serbia,,44.0165,21.0059,14564,277,12662.0,276,3,81.0
2020-07-01,serbia,,44.0165,21.0059,14836,281,12772.0,272,4,110.0
2020-07-02,serbia,,44.0165,21.0059,15195,287,12912.0,359,6,140.0
2020-07-03,serbia,,44.0165,21.0059,15504,298,13064.0,309,11,152.0
2020-07-04,serbia,,44.0165,21.0059,15829,306,13176.0,325,8,112.0
2020-07-05,serbia,,44.0165,21.0059,16131,311,13267.0,302,5,91.0
2020-07-06,serbia,,44.0165,21.0059,16420,317,13366.0,289,6,99.0
2020-07-07,serbia,,44.0165,21.0059,16719,330,13447.0,299,13,81.0
2020-07-08,serbia,,44.0165,21.0059,17076,341,13562.0,357,11,115.0
2020-07-09,serbia,,44.0165,21.0059,17342,352,13651.0,266,11,89.0
2020-07-10,serbia,,44.0165,21.0059,17728,370,13719.0,386,18,68.0
2020-07-11,serbia,,44.0165,21.0059,18073,382,13780.0,345,12,61.0
2020-07-12,serbia,,44.0165,21.0059,18360,393,13876.0,287,11,96.0
2020-07-13,serbia,,44.0165,21.0059,18639,405,13940.0,279,12,64.0
2020-07-14,serbia,,44.0165,21.0059,18983,418,13991.0,344,13,51.0
2020-07-15,serbia,,44.0165,21.0059,19334,429,14047.0,351,11,56.0
2020-07-16,serbia,,44.0165,21.0059,19717,442,14417.0,383,13,370.0
2020-07-17,serbia,,44.0165,21.0059,20109,452,14799.0,392,10,382.0
2020-07-18,serbia,,44.0165,21.0059,20498,461,15179.0,389,9,380.0
2020-07-19,serbia,,44.0165,21.0059,20894,472,15564.0,396,11,385.0
2020-07-20,serbia,,44.0165,21.0059,21253,482,0.0,359,10,-15564.0
2020-07-21,serbia,,44.0165,21.0059,21605,491,0.0,352,9,0.0
2020-07-22,serbia,,44.0165,21.0059,22031,499,0.0,426,8,0.0
2020-07-23,serbia,,44.0165,21.0059,22443,508,0.0,412,9,0.0
2020-07-24,serbia,,44.0165,21.0059,22852,518,0.0,409,10,0.0
2020-07-25,serbia,,44.0165,21.0059,22852,518,0.0,0,0,0.0
2020-07-26,serbia,,44.0165,21.0059,23730,534,0.0,878,16,0.0
2020-07-27,serbia,,44.0165,21.0059,24141,543,0.0,411,9,0.0
2020-07-28,serbia,,44.0165,21.0059,24520,551,0.0,379,8,0.0
2020-07-29,serbia,,44.0165,21.0059,24892,558,0.0,372,7,0.0
2020-07-30,serbia,,44.0165,21.0059,25213,565,0.0,321,7,0.0
2020-07-31,serbia,,44.0165,21.0059,25552,573,0.0,339,8,0.0
