date,country,state,lat,long,confirmed,deaths,recovered,confirmed_new,deaths_new,recovered_new
2020-01-22,sierra-leone,,8.460555000000001,-11.779889,0,0,0.0,0,0,0.0
2020-01-23,sierra-leone,,8.460555000000001,-11.779889,0,0,0.0,0,0,0.0
2020-01-24,sierra-leone,,8.460555000000001,-11.779889,0,0,0.0,0,0,0.0
2020-01-25,sierra-leone,,8.460555000000001,-11.779889,0,0,0.0,0,0,0.0
2020-01-26,sierra-leone,,8.460555000000001,-11.779889,0,0,0.0,0,0,0.0
2020-01-27,sierra-leone,,8.460555000000001,-11.779889,0,0,0.0,0,0,0.0
2020-01-28,sierra-leone,,8.460555000000001,-11.779889,0,0,0.0,0,0,0.0
2020-01-29,sierra-leone,,8.460555000000001,-11.779889,0,0,0.0,0,0,0.0
2020-01-30,sierra-leone,,8.460555000000001,-11.779889,0,0,0.0,0,0,0.0
2020-01-31,sierra-leone,,8.460555000000001,-11.779889,0,0,0.0,0,0,0.0
2020-02-01,sierra-leone,,8.460555000000001,-11.779889,0,0,0.0,0,0,0.0
2020-02-02,sierra-leone,,8.460555000000001,-11.779889,0,0,0.0,0,0,0.0
2020-02-03,sierra-leone,,8.460555000000001,-11.779889,0,0,0.0,0,0,0.0
2020-02-04,sierra-leone,,8.460555000000001,-11.779889,0,0,0.0,0,0,0.0
2020-02-05,sierra-leone,,8.460555000000001,-11.779889,0,0,0.0,0,0,0.0
2020-02-06,sierra-leone,,8.460555000000001,-11.779889,0,0,0.0,0,0,0.0
2020-02-07,sierra-leone,,8.460555000000001,-11.779889,0,0,0.0,0,0,0.0
2020-02-08,sierra-leone,,8.460555000000001,-11.779889,0,0,0.0,0,0,0.0
2020-02-09,sierra-leone,,8.460555000000001,-11.779889,0,0,0.0,0,0,0.0
2020-02-10,sierra-leone,,8.460555000000001,-11.779889,0,0,0.0,0,0,0.0
2020-02-11,sierra-leone,,8.460555000000001,-11.779889,0,0,0.0,0,0,0.0
2020-02-12,sierra-leone,,8.460555000000001,-11.779889,0,0,0.0,0,0,0.0
2020-02-13,sierra-leone,,8.460555000000001,-11.779889,0,0,0.0,0,0,0.0
2020-02-14,sierra-leone,,8.460555000000001,-11.779889,0,0,0.0,0,0,0.0
2020-02-15,sierra-leone,,8.460555000000001,-11.779889,0,0,0.0,0,0,0.0
2020-02-16,sierra-leone,,8.460555000000001,-11.779889,0,0,0.0,0,0,0.0
2020-02-17,sierra-leone,,8.460555000000001,-11.779889,0,0,0.0,0,0,0.0
2020-02-18,sierra-leone,,8.460555000000001,-11.779889,0,0,0.0,0,0,0.0
2020-02-19,sierra-leone,,8.460555000000001,-11.779889,0,0,0.0,0,0,0.0
2020-02-20,sierra-leone,,8.460555000000001,-11.779889,0,0,0.0,0,0,0.0
2020-02-21,sierra-leone,,8.460555000000001,-11.779889,0,0,0.0,0,0,0.0
2020-02-22,sierra-leone,,8.460555000000001,-11.779889,0,0,0.0,0,0,0.0
2020-02-23,sierra-leone,,8.460555000000001,-11.779889,0,0,0.0,0,0,0.0
2020-02-24,sierra-leone,,8.460555000000001,-11.779889,0,0,0.0,0,0,0.0
2020-02-25,sierra-leone,,8.460555000000001,-11.779889,0,0,0.0,0,0,0.0
2020-02-26,sierra-leone,,8.460555000000001,-11.779889,0,0,0.0,0,0,0.0
2020-02-27,sierra-leone,,8.460555000000001,-11.779889,0,0,0.0,0,0,0.0
2020-02-28,sierra-leone,,8.460555000000001,-11.779889,0,0,0.0,0,0,0.0
2020-02-29,sierra-leone,,8.460555000000001,-11.779889,0,0,0.0,0,0,0.0
2020-03-01,sierra-leone,,8.460555000000001,-11.779889,0,0,0.0,0,0,0.0
2020-03-02,sierra-leone,,8.460555000000001,-11.779889,0,0,0.0,0,0,0.0
2020-03-03,sierra-leone,,8.460555000000001,-11.779889,0,0,0.0,0,0,0.0
2020-03-04,sierra-leone,,8.460555000000001,-11.779889,0,0,0.0,0,0,0.0
2020-03-05,sierra-leone,,8.460555000000001,-11.779889,0,0,0.0,0,0,0.0
2020-03-06,sierra-leone,,8.460555000000001,-11.779889,0,0,0.0,0,0,0.0
2020-03-07,sierra-leone,,8.460555000000001,-11.779889,0,0,0.0,0,0,0.0
2020-03-08,sierra-leone,,8.460555000000001,-11.779889,0,0,0.0,0,0,0.0
2020-03-09,sierra-leone,,8.460555000000001,-11.779889,0,0,0.0,0,0,0.0
2020-03-10,sierra-leone,,8.460555000000001,-11.779889,0,0,0.0,0,0,0.0
2020-03-11,sierra-leone,,8.460555000000001,-11.779889,0,0,0.0,0,0,0.0
2020-03-12,sierra-leone,,8.460555000000001,-11.779889,0,0,0.0,0,0,0.0
2020-03-13,sierra-leone,,8.460555000000001,-11.779889,0,0,0.0,0,0,0.0
2020-03-14,sierra-leone,,8.460555000000001,-11.779889,0,0,0.0,0,0,0.0
2020-03-15,sierra-leone,,8.460555000000001,-11.779889,0,0,0.0,0,0,0.0
2020-03-16,sierra-leone,,8.460555000000001,-11.779889,0,0,0.0,0,0,0.0
2020-03-17,sierra-leone,,8.460555000000001,-11.779889,0,0,0.0,0,0,0.0
2020-03-18,sierra-leone,,8.460555000000001,-11.779889,0,0,0.0,0,0,0.0
2020-03-19,sierra-leone,,8.460555000000001,-11.779889,0,0,0.0,0,0,0.0
2020-03-20,sierra-leone,,8.460555000000001,-11.779889,0,0,0.0,0,0,0.0
2020-03-21,sierra-leone,,8.460555000000001,-11.779889,0,0,0.0,0,0,0.0
2020-03-22,sierra-leone,,8.460555000000001,-11.779889,0,0,0.0,0,0,0.0
2020-03-23,sierra-leone,,8.460555000000001,-11.779889,0,0,0.0,0,0,0.0
2020-03-24,sierra-leone,,8.460555000000001,-11.779889,0,0,0.0,0,0,0.0
2020-03-25,sierra-leone,,8.460555000000001,-11.779889,0,0,0.0,0,0,0.0
2020-03-26,sierra-leone,,8.460555000000001,-11.779889,0,0,0.0,0,0,0.0
2020-03-27,sierra-leone,,8.460555000000001,-11.779889,0,0,0.0,0,0,0.0
2020-03-28,sierra-leone,,8.460555000000001,-11.779889,0,0,0.0,0,0,0.0
2020-03-29,sierra-leone,,8.460555000000001,-11.779889,0,0,0.0,0,0,0.0
2020-03-30,sierra-leone,,8.460555000000001,-11.779889,0,0,0.0,0,0,0.0
2020-03-31,sierra-leone,,8.460555000000001,-11.779889,1,0,0.0,1,0,0.0
2020-04-01,sierra-leone,,8.460555000000001,-11.779889,2,0,0.0,1,0,0.0
2020-04-02,sierra-leone,,8.460555000000001,-11.779889,2,0,0.0,0,0,0.0
2020-04-03,sierra-leone,,8.460555000000001,-11.779889,2,0,0.0,0,0,0.0
2020-04-04,sierra-leone,,8.460555000000001,-11.779889,4,0,0.0,2,0,0.0
2020-04-05,sierra-leone,,8.460555000000001,-11.779889,6,0,0.0,2,0,0.0
2020-04-06,sierra-leone,,8.460555000000001,-11.779889,6,0,0.0,0,0,0.0
2020-04-07,sierra-leone,,8.460555000000001,-11.779889,6,0,0.0,0,0,0.0
2020-04-08,sierra-leone,,8.460555000000001,-11.779889,7,0,0.0,1,0,0.0
2020-04-09,sierra-leone,,8.460555000000001,-11.779889,7,0,0.0,0,0,0.0
2020-04-10,sierra-leone,,8.460555000000001,-11.779889,8,0,0.0,1,0,0.0
2020-04-11,sierra-leone,,8.460555000000001,-11.779889,8,0,0.0,0,0,0.0
2020-04-12,sierra-leone,,8.460555000000001,-11.779889,10,0,0.0,2,0,0.0
2020-04-13,sierra-leone,,8.460555000000001,-11.779889,10,0,0.0,0,0,0.0
2020-04-14,sierra-leone,,8.460555000000001,-11.779889,11,0,0.0,1,0,0.0
2020-04-15,sierra-leone,,8.460555000000001,-11.779889,13,0,0.0,2,0,0.0
2020-04-16,sierra-leone,,8.460555000000001,-11.779889,15,0,0.0,2,0,0.0
2020-04-17,sierra-leone,,8.460555000000001,-11.779889,26,0,0.0,11,0,0.0
2020-04-18,sierra-leone,,8.460555000000001,-11.779889,30,0,0.0,4,0,0.0
2020-04-19,sierra-leone,,8.460555000000001,-11.779889,35,0,6.0,5,0,6.0
2020-04-20,sierra-leone,,8.460555000000001,-11.779889,43,0,6.0,8,0,0.0
2020-04-21,sierra-leone,,8.460555000000001,-11.779889,50,0,6.0,7,0,0.0
2020-04-22,sierra-leone,,8.460555000000001,-11.779889,61,0,6.0,11,0,0.0
2020-04-23,sierra-leone,,8.460555000000001,-11.779889,64,1,10.0,3,1,4.0
2020-04-24,sierra-leone,,8.460555000000001,-11.779889,82,2,10.0,18,1,0.0
2020-04-25,sierra-leone,,8.460555000000001,-11.779889,82,2,10.0,0,0,0.0
2020-04-26,sierra-leone,,8.460555000000001,-11.779889,93,4,10.0,11,2,0.0
2020-04-27,sierra-leone,,8.460555000000001,-11.779889,93,4,10.0,0,0,0.0
2020-04-28,sierra-leone,,8.460555000000001,-11.779889,104,4,12.0,11,0,2.0
2020-04-29,sierra-leone,,8.460555000000001,-11.779889,104,4,12.0,0,0,0.0
2020-04-30,sierra-leone,,8.460555000000001,-11.779889,124,7,21.0,20,3,9.0
2020-05-01,sierra-leone,,8.460555000000001,-11.779889,136,7,21.0,12,0,0.0
2020-05-02,sierra-leone,,8.460555000000001,-11.779889,155,8,21.0,19,1,0.0
2020-05-03,sierra-leone,,8.460555000000001,-11.779889,166,8,29.0,11,0,8.0
2020-05-04,sierra-leone,,8.460555000000001,-11.779889,178,9,37.0,12,1,8.0
2020-05-05,sierra-leone,,8.460555000000001,-11.779889,199,11,43.0,21,2,6.0
2020-05-06,sierra-leone,,8.460555000000001,-11.779889,225,14,54.0,26,3,11.0
2020-05-07,sierra-leone,,8.460555000000001,-11.779889,231,16,54.0,6,2,0.0
2020-05-08,sierra-leone,,8.460555000000001,-11.779889,257,17,54.0,26,1,0.0
2020-05-09,sierra-leone,,8.460555000000001,-11.779889,291,18,58.0,34,1,4.0
2020-05-10,sierra-leone,,8.460555000000001,-11.779889,307,18,67.0,16,0,9.0
2020-05-11,sierra-leone,,8.460555000000001,-11.779889,338,19,72.0,31,1,5.0
2020-05-12,sierra-leone,,8.460555000000001,-11.779889,338,19,72.0,0,0,0.0
2020-05-13,sierra-leone,,8.460555000000001,-11.779889,387,26,97.0,49,7,25.0
2020-05-14,sierra-leone,,8.460555000000001,-11.779889,408,26,97.0,21,0,0.0
2020-05-15,sierra-leone,,8.460555000000001,-11.779889,447,27,97.0,39,1,0.0
2020-05-16,sierra-leone,,8.460555000000001,-11.779889,462,29,106.0,15,2,9.0
2020-05-17,sierra-leone,,8.460555000000001,-11.779889,505,32,141.0,43,3,35.0
2020-05-18,sierra-leone,,8.460555000000001,-11.779889,519,33,148.0,14,1,7.0
2020-05-19,sierra-leone,,8.460555000000001,-11.779889,534,33,167.0,15,0,19.0
2020-05-20,sierra-leone,,8.460555000000001,-11.779889,570,34,205.0,36,1,38.0
2020-05-21,sierra-leone,,8.460555000000001,-11.779889,585,35,205.0,15,1,0.0
2020-05-22,sierra-leone,,8.460555000000001,-11.779889,606,38,230.0,21,3,25.0
2020-05-23,sierra-leone,,8.460555000000001,-11.779889,621,39,241.0,15,1,11.0
2020-05-24,sierra-leone,,8.460555000000001,-11.779889,707,40,241.0,86,1,0.0
2020-05-25,sierra-leone,,8.460555000000001,-11.779889,735,42,293.0,28,2,52.0
2020-05-26,sierra-leone,,8.460555000000001,-11.779889,754,44,297.0,19,2,4.0
2020-05-27,sierra-leone,,8.460555000000001,-11.779889,782,45,297.0,28,1,0.0
2020-05-28,sierra-leone,,8.460555000000001,-11.779889,812,45,361.0,30,0,64.0
2020-05-29,sierra-leone,,8.460555000000001,-11.779889,829,45,386.0,17,0,25.0
2020-05-30,sierra-leone,,8.460555000000001,-11.779889,852,46,415.0,23,1,29.0
2020-05-31,sierra-leone,,8.460555000000001,-11.779889,861,46,454.0,9,0,39.0
2020-06-01,sierra-leone,,8.460555000000001,-11.779889,865,46,475.0,4,0,21.0
2020-06-02,sierra-leone,,8.460555000000001,-11.779889,896,46,480.0,31,0,5.0
2020-06-03,sierra-leone,,8.460555000000001,-11.779889,909,47,491.0,13,1,11.0
2020-06-04,sierra-leone,,8.460555000000001,-11.779889,914,47,491.0,5,0,0.0
2020-06-05,sierra-leone,,8.460555000000001,-11.779889,929,47,580.0,15,0,89.0
2020-06-06,sierra-leone,,8.460555000000001,-11.779889,946,48,600.0,17,1,20.0
2020-06-07,sierra-leone,,8.460555000000001,-11.779889,969,48,608.0,23,0,8.0
2020-06-08,sierra-leone,,8.460555000000001,-11.779889,1001,49,611.0,32,1,3.0
2020-06-09,sierra-leone,,8.460555000000001,-11.779889,1025,50,621.0,24,1,10.0
2020-06-10,sierra-leone,,8.460555000000001,-11.779889,1062,50,637.0,37,0,16.0
2020-06-11,sierra-leone,,8.460555000000001,-11.779889,1085,50,642.0,23,0,5.0
2020-06-12,sierra-leone,,8.460555000000001,-11.779889,1103,51,648.0,18,1,6.0
2020-06-13,sierra-leone,,8.460555000000001,-11.779889,1132,51,670.0,29,0,22.0
2020-06-14,sierra-leone,,8.460555000000001,-11.779889,1169,51,680.0,37,0,10.0
2020-06-15,sierra-leone,,8.460555000000001,-11.779889,1176,51,683.0,7,0,3.0
2020-06-16,sierra-leone,,8.460555000000001,-11.779889,1225,51,686.0,49,0,3.0
2020-06-17,sierra-leone,,8.460555000000001,-11.779889,1249,51,707.0,24,0,21.0
2020-06-18,sierra-leone,,8.460555000000001,-11.779889,1272,51,710.0,23,0,3.0
2020-06-19,sierra-leone,,8.460555000000001,-11.779889,1298,53,732.0,26,2,22.0
2020-06-20,sierra-leone,,8.460555000000001,-11.779889,1309,53,746.0,11,0,14.0
2020-06-21,sierra-leone,,8.460555000000001,-11.779889,1327,55,788.0,18,2,42.0
2020-06-22,sierra-leone,,8.460555000000001,-11.779889,1340,55,788.0,13,0,0.0
2020-06-23,sierra-leone,,8.460555000000001,-11.779889,1347,55,853.0,7,0,65.0
2020-06-24,sierra-leone,,8.460555000000001,-11.779889,1354,55,869.0,7,0,16.0
2020-06-25,sierra-leone,,8.460555000000001,-11.779889,1354,56,869.0,0,1,0.0
2020-06-26,sierra-leone,,8.460555000000001,-11.779889,1394,59,914.0,40,3,45.0
2020-06-27,sierra-leone,,8.460555000000001,-11.779889,1410,59,937.0,16,0,23.0
2020-06-28,sierra-leone,,8.460555000000001,-11.779889,1427,60,943.0,17,1,6.0
2020-06-29,sierra-leone,,8.460555000000001,-11.779889,1450,60,961.0,23,0,18.0
2020-06-30,sierra-leone,,8.460555000000001,-11.779889,1462,60,974.0,12,0,13.0
2020-07-01,sierra-leone,,8.460555000000001,-11.779889,1498,60,999.0,36,0,25.0
2020-07-02,sierra-leone,,8.460555000000001,-11.779889,1518,60,1007.0,20,0,8.0
2020-07-03,sierra-leone,,8.460555000000001,-11.779889,1524,62,1042.0,6,2,35.0
2020-07-04,sierra-leone,,8.460555000000001,-11.779889,1533,62,1051.0,9,0,9.0
2020-07-05,sierra-leone,,8.460555000000001,-11.779889,1542,62,1062.0,9,0,11.0
2020-07-06,sierra-leone,,8.460555000000001,-11.779889,1547,62,1086.0,5,0,24.0
2020-07-07,sierra-leone,,8.460555000000001,-11.779889,1572,63,1088.0,25,1,2.0
2020-07-08,sierra-leone,,8.460555000000001,-11.779889,1584,63,1122.0,12,0,34.0
2020-07-09,sierra-leone,,8.460555000000001,-11.779889,1598,63,1123.0,14,0,1.0
2020-07-10,sierra-leone,,8.460555000000001,-11.779889,1613,63,1133.0,15,0,10.0
2020-07-11,sierra-leone,,8.460555000000001,-11.779889,1618,63,1141.0,5,0,8.0
2020-07-12,sierra-leone,,8.460555000000001,-11.779889,1635,63,1154.0,17,0,13.0
2020-07-13,sierra-leone,,8.460555000000001,-11.779889,1642,63,1175.0,7,0,21.0
2020-07-14,sierra-leone,,8.460555000000001,-11.779889,1651,64,1190.0,9,1,15.0
2020-07-15,sierra-leone,,8.460555000000001,-11.779889,1668,64,1200.0,17,0,10.0
2020-07-16,sierra-leone,,8.460555000000001,-11.779889,1678,64,1213.0,10,0,13.0
2020-07-17,sierra-leone,,8.460555000000001,-11.779889,1688,65,1219.0,10,1,6.0
2020-07-18,sierra-leone,,8.460555000000001,-11.779889,1701,65,1237.0,13,0,18.0
2020-07-19,sierra-leone,,8.460555000000001,-11.779889,1711,65,1237.0,10,0,0.0
2020-07-20,sierra-leone,,8.460555000000001,-11.779889,1711,66,1261.0,0,1,24.0
2020-07-21,sierra-leone,,8.460555000000001,-11.779889,1727,66,1273.0,16,0,12.0
2020-07-22,sierra-leone,,8.460555000000001,-11.779889,1731,66,1288.0,4,0,15.0
2020-07-23,sierra-leone,,8.460555000000001,-11.779889,1752,66,1292.0,21,0,4.0
2020-07-24,sierra-leone,,8.460555000000001,-11.779889,1765,66,1297.0,13,0,5.0
2020-07-25,sierra-leone,,8.460555000000001,-11.779889,1768,66,1297.0,3,0,0.0
2020-07-26,sierra-leone,,8.460555000000001,-11.779889,1783,66,1313.0,15,0,16.0
2020-07-27,sierra-leone,,8.460555000000001,-11.779889,1783,66,1317.0,0,0,4.0
2020-07-28,sierra-leone,,8.460555000000001,-11.779889,1786,66,1336.0,3,0,19.0
2020-07-29,sierra-leone,,8.460555000000001,-11.779889,1803,67,1355.0,17,1,19.0
2020-07-30,sierra-leone,,8.460555000000001,-11.779889,1818,67,1362.0,15,0,7.0
2020-07-31,sierra-leone,,8.460555000000001,-11.779889,1823,67,1362.0,5,0,0.0
