date,country,state,lat,long,confirmed,deaths,recovered,confirmed_new,deaths_new,recovered_new
2020-01-22,slovenia,,46.1512,14.9955,0,0,0.0,0,0,0.0
2020-01-23,slovenia,,46.1512,14.9955,0,0,0.0,0,0,0.0
2020-01-24,slovenia,,46.1512,14.9955,0,0,0.0,0,0,0.0
2020-01-25,slovenia,,46.1512,14.9955,0,0,0.0,0,0,0.0
2020-01-26,slovenia,,46.1512,14.9955,0,0,0.0,0,0,0.0
2020-01-27,slovenia,,46.1512,14.9955,0,0,0.0,0,0,0.0
2020-01-28,slovenia,,46.1512,14.9955,0,0,0.0,0,0,0.0
2020-01-29,slovenia,,46.1512,14.9955,0,0,0.0,0,0,0.0
2020-01-30,slovenia,,46.1512,14.9955,0,0,0.0,0,0,0.0
2020-01-31,slovenia,,46.1512,14.9955,0,0,0.0,0,0,0.0
2020-02-01,slovenia,,46.1512,14.9955,0,0,0.0,0,0,0.0
2020-02-02,slovenia,,46.1512,14.9955,0,0,0.0,0,0,0.0
2020-02-03,slovenia,,46.1512,14.9955,0,0,0.0,0,0,0.0
2020-02-04,slovenia,,46.1512,14.9955,0,0,0.0,0,0,0.0
2020-02-05,slovenia,,46.1512,14.9955,0,0,0.0,0,0,0.0
2020-02-06,slovenia,,46.1512,14.9955,0,0,0.0,0,0,0.0
2020-02-07,slovenia,,46.1512,14.9955,0,0,0.0,0,0,0.0
2020-02-08,slovenia,,46.1512,14.9955,0,0,0.0,0,0,0.0
2020-02-09,slovenia,,46.1512,14.9955,0,0,0.0,0,0,0.0
2020-02-10,slovenia,,46.1512,14.9955,0,0,0.0,0,0,0.0
2020-02-11,slovenia,,46.1512,14.9955,0,0,0.0,0,0,0.0
2020-02-12,slovenia,,46.1512,14.9955,0,0,0.0,0,0,0.0
2020-02-13,slovenia,,46.1512,14.9955,0,0,0.0,0,0,0.0
2020-02-14,slovenia,,46.1512,14.9955,0,0,0.0,0,0,0.0
2020-02-15,slovenia,,46.1512,14.9955,0,0,0.0,0,0,0.0
2020-02-16,slovenia,,46.1512,14.9955,0,0,0.0,0,0,0.0
2020-02-17,slovenia,,46.1512,14.9955,0,0,0.0,0,0,0.0
2020-02-18,slovenia,,46.1512,14.9955,0,0,0.0,0,0,0.0
2020-02-19,slovenia,,46.1512,14.9955,0,0,0.0,0,0,0.0
2020-02-20,slovenia,,46.1512,14.9955,0,0,0.0,0,0,0.0
2020-02-21,slovenia,,46.1512,14.9955,0,0,0.0,0,0,0.0
2020-02-22,slovenia,,46.1512,14.9955,0,0,0.0,0,0,0.0
2020-02-23,slovenia,,46.1512,14.9955,0,0,0.0,0,0,0.0
2020-02-24,slovenia,,46.1512,14.9955,0,0,0.0,0,0,0.0
2020-02-25,slovenia,,46.1512,14.9955,0,0,0.0,0,0,0.0
2020-02-26,slovenia,,46.1512,14.9955,0,0,0.0,0,0,0.0
2020-02-27,slovenia,,46.1512,14.9955,0,0,0.0,0,0,0.0
2020-02-28,slovenia,,46.1512,14.9955,0,0,0.0,0,0,0.0
2020-02-29,slovenia,,46.1512,14.9955,0,0,0.0,0,0,0.0
2020-03-01,slovenia,,46.1512,14.9955,0,0,0.0,0,0,0.0
2020-03-02,slovenia,,46.1512,14.9955,0,0,0.0,0,0,0.0
2020-03-03,slovenia,,46.1512,14.9955,0,0,0.0,0,0,0.0
2020-03-04,slovenia,,46.1512,14.9955,0,0,0.0,0,0,0.0
2020-03-05,slovenia,,46.1512,14.9955,2,0,0.0,2,0,0.0
2020-03-06,slovenia,,46.1512,14.9955,7,0,0.0,5,0,0.0
2020-03-07,slovenia,,46.1512,14.9955,7,0,0.0,0,0,0.0
2020-03-08,slovenia,,46.1512,14.9955,16,0,0.0,9,0,0.0
2020-03-09,slovenia,,46.1512,14.9955,16,0,0.0,0,0,0.0
2020-03-10,slovenia,,46.1512,14.9955,31,0,0.0,15,0,0.0
2020-03-11,slovenia,,46.1512,14.9955,57,0,0.0,26,0,0.0
2020-03-12,slovenia,,46.1512,14.9955,89,0,0.0,32,0,0.0
2020-03-13,slovenia,,46.1512,14.9955,141,0,0.0,52,0,0.0
2020-03-14,slovenia,,46.1512,14.9955,181,1,0.0,40,1,0.0
2020-03-15,slovenia,,46.1512,14.9955,219,1,0.0,38,0,0.0
2020-03-16,slovenia,,46.1512,14.9955,253,1,0.0,34,0,0.0
2020-03-17,slovenia,,46.1512,14.9955,275,1,0.0,22,0,0.0
2020-03-18,slovenia,,46.1512,14.9955,275,1,0.0,0,0,0.0
2020-03-19,slovenia,,46.1512,14.9955,286,1,0.0,11,0,0.0
2020-03-20,slovenia,,46.1512,14.9955,341,1,0.0,55,0,0.0
2020-03-21,slovenia,,46.1512,14.9955,383,1,0.0,42,0,0.0
2020-03-22,slovenia,,46.1512,14.9955,414,2,0.0,31,1,0.0
2020-03-23,slovenia,,46.1512,14.9955,442,3,0.0,28,1,0.0
2020-03-24,slovenia,,46.1512,14.9955,480,4,0.0,38,1,0.0
2020-03-25,slovenia,,46.1512,14.9955,528,5,10.0,48,1,10.0
2020-03-26,slovenia,,46.1512,14.9955,562,6,10.0,34,1,0.0
2020-03-27,slovenia,,46.1512,14.9955,632,9,10.0,70,3,0.0
2020-03-28,slovenia,,46.1512,14.9955,684,9,10.0,52,0,0.0
2020-03-29,slovenia,,46.1512,14.9955,730,11,10.0,46,2,0.0
2020-03-30,slovenia,,46.1512,14.9955,756,11,10.0,26,0,0.0
2020-03-31,slovenia,,46.1512,14.9955,802,15,10.0,46,4,0.0
2020-04-01,slovenia,,46.1512,14.9955,841,15,10.0,39,0,0.0
2020-04-02,slovenia,,46.1512,14.9955,897,17,70.0,56,2,60.0
2020-04-03,slovenia,,46.1512,14.9955,934,20,70.0,37,3,0.0
2020-04-04,slovenia,,46.1512,14.9955,977,22,79.0,43,2,9.0
2020-04-05,slovenia,,46.1512,14.9955,997,28,79.0,20,6,0.0
2020-04-06,slovenia,,46.1512,14.9955,1021,30,102.0,24,2,23.0
2020-04-07,slovenia,,46.1512,14.9955,1059,36,102.0,38,6,0.0
2020-04-08,slovenia,,46.1512,14.9955,1091,40,120.0,32,4,18.0
2020-04-09,slovenia,,46.1512,14.9955,1124,43,128.0,33,3,8.0
2020-04-10,slovenia,,46.1512,14.9955,1160,45,137.0,36,2,9.0
2020-04-11,slovenia,,46.1512,14.9955,1188,50,148.0,28,5,11.0
2020-04-12,slovenia,,46.1512,14.9955,1205,53,150.0,17,3,2.0
2020-04-13,slovenia,,46.1512,14.9955,1212,55,152.0,7,2,2.0
2020-04-14,slovenia,,46.1512,14.9955,1220,56,152.0,8,1,0.0
2020-04-15,slovenia,,46.1512,14.9955,1248,61,165.0,28,5,13.0
2020-04-16,slovenia,,46.1512,14.9955,1268,61,174.0,20,0,9.0
2020-04-17,slovenia,,46.1512,14.9955,1304,66,174.0,36,5,0.0
2020-04-18,slovenia,,46.1512,14.9955,1317,70,190.0,13,4,16.0
2020-04-19,slovenia,,46.1512,14.9955,1330,74,192.0,13,4,2.0
2020-04-20,slovenia,,46.1512,14.9955,1335,77,193.0,5,3,1.0
2020-04-21,slovenia,,46.1512,14.9955,1344,77,197.0,9,0,4.0
2020-04-22,slovenia,,46.1512,14.9955,1353,79,205.0,9,2,8.0
2020-04-23,slovenia,,46.1512,14.9955,1366,79,211.0,13,0,6.0
2020-04-24,slovenia,,46.1512,14.9955,1373,80,211.0,7,1,0.0
2020-04-25,slovenia,,46.1512,14.9955,1388,81,219.0,15,1,8.0
2020-04-26,slovenia,,46.1512,14.9955,1396,82,221.0,8,1,2.0
2020-04-27,slovenia,,46.1512,14.9955,1402,83,221.0,6,1,0.0
2020-04-28,slovenia,,46.1512,14.9955,1408,86,223.0,6,3,2.0
2020-04-29,slovenia,,46.1512,14.9955,1418,89,230.0,10,3,7.0
2020-04-30,slovenia,,46.1512,14.9955,1429,91,233.0,11,2,3.0
2020-05-01,slovenia,,46.1512,14.9955,1434,92,233.0,5,1,0.0
2020-05-02,slovenia,,46.1512,14.9955,1439,94,239.0,5,2,6.0
2020-05-03,slovenia,,46.1512,14.9955,1439,96,241.0,0,2,2.0
2020-05-04,slovenia,,46.1512,14.9955,1439,97,241.0,0,1,0.0
2020-05-05,slovenia,,46.1512,14.9955,1445,98,244.0,6,1,3.0
2020-05-06,slovenia,,46.1512,14.9955,1448,99,246.0,3,1,2.0
2020-05-07,slovenia,,46.1512,14.9955,1449,99,247.0,1,0,1.0
2020-05-08,slovenia,,46.1512,14.9955,1450,100,252.0,1,1,5.0
2020-05-09,slovenia,,46.1512,14.9955,1454,101,255.0,4,1,3.0
2020-05-10,slovenia,,46.1512,14.9955,1457,102,256.0,3,1,1.0
2020-05-11,slovenia,,46.1512,14.9955,1460,102,256.0,3,0,0.0
2020-05-12,slovenia,,46.1512,14.9955,1461,102,259.0,1,0,3.0
2020-05-13,slovenia,,46.1512,14.9955,1463,103,260.0,2,1,1.0
2020-05-14,slovenia,,46.1512,14.9955,1464,103,267.0,1,0,7.0
2020-05-15,slovenia,,46.1512,14.9955,1465,103,270.0,1,0,3.0
2020-05-16,slovenia,,46.1512,14.9955,1465,103,272.0,0,0,2.0
2020-05-17,slovenia,,46.1512,14.9955,1466,104,273.0,1,1,1.0
2020-05-18,slovenia,,46.1512,14.9955,1466,104,1335.0,0,0,1062.0
2020-05-19,slovenia,,46.1512,14.9955,1467,104,1338.0,1,0,3.0
2020-05-20,slovenia,,46.1512,14.9955,1468,105,1340.0,1,1,2.0
2020-05-21,slovenia,,46.1512,14.9955,1468,106,1340.0,0,1,0.0
2020-05-22,slovenia,,46.1512,14.9955,1468,106,1340.0,0,0,0.0
2020-05-23,slovenia,,46.1512,14.9955,1468,106,1340.0,0,0,0.0
2020-05-24,slovenia,,46.1512,14.9955,1468,107,1340.0,0,1,0.0
2020-05-25,slovenia,,46.1512,14.9955,1469,107,1346.0,1,0,6.0
2020-05-26,slovenia,,46.1512,14.9955,1469,108,1346.0,0,1,0.0
2020-05-27,slovenia,,46.1512,14.9955,1471,108,1354.0,2,0,8.0
2020-05-28,slovenia,,46.1512,14.9955,1473,108,1356.0,2,0,2.0
2020-05-29,slovenia,,46.1512,14.9955,1473,108,1357.0,0,0,1.0
2020-05-30,slovenia,,46.1512,14.9955,1473,108,1357.0,0,0,0.0
2020-05-31,slovenia,,46.1512,14.9955,1473,108,1358.0,0,0,1.0
2020-06-01,slovenia,,46.1512,14.9955,1473,109,1358.0,0,1,0.0
2020-06-02,slovenia,,46.1512,14.9955,1475,109,1358.0,2,0,0.0
2020-06-03,slovenia,,46.1512,14.9955,1477,109,1358.0,2,0,0.0
2020-06-04,slovenia,,46.1512,14.9955,1477,109,1359.0,0,0,1.0
2020-06-05,slovenia,,46.1512,14.9955,1479,109,1359.0,2,0,0.0
2020-06-06,slovenia,,46.1512,14.9955,1484,109,1359.0,5,0,0.0
2020-06-07,slovenia,,46.1512,14.9955,1485,109,1359.0,1,0,0.0
2020-06-08,slovenia,,46.1512,14.9955,1485,109,1359.0,0,0,0.0
2020-06-09,slovenia,,46.1512,14.9955,1486,109,1359.0,1,0,0.0
2020-06-10,slovenia,,46.1512,14.9955,1488,109,1359.0,2,0,0.0
2020-06-11,slovenia,,46.1512,14.9955,1488,109,1359.0,0,0,0.0
2020-06-12,slovenia,,46.1512,14.9955,1490,109,1359.0,2,0,0.0
2020-06-13,slovenia,,46.1512,14.9955,1492,109,1359.0,2,0,0.0
2020-06-14,slovenia,,46.1512,14.9955,1495,109,1359.0,3,0,0.0
2020-06-15,slovenia,,46.1512,14.9955,1496,109,1359.0,1,0,0.0
2020-06-16,slovenia,,46.1512,14.9955,1499,109,1359.0,3,0,0.0
2020-06-17,slovenia,,46.1512,14.9955,1503,109,1359.0,4,0,0.0
2020-06-18,slovenia,,46.1512,14.9955,1511,109,1359.0,8,0,0.0
2020-06-19,slovenia,,46.1512,14.9955,1513,109,1359.0,2,0,0.0
2020-06-20,slovenia,,46.1512,14.9955,1519,109,1359.0,6,0,0.0
2020-06-21,slovenia,,46.1512,14.9955,1520,109,1376.0,1,0,17.0
2020-06-22,slovenia,,46.1512,14.9955,1521,109,1376.0,1,0,0.0
2020-06-23,slovenia,,46.1512,14.9955,1534,109,1376.0,13,0,0.0
2020-06-24,slovenia,,46.1512,14.9955,1541,109,1376.0,7,0,0.0
2020-06-25,slovenia,,46.1512,14.9955,1547,109,1376.0,6,0,0.0
2020-06-26,slovenia,,46.1512,14.9955,1558,109,1376.0,11,0,0.0
2020-06-27,slovenia,,46.1512,14.9955,1572,109,1376.0,14,0,0.0
2020-06-28,slovenia,,46.1512,14.9955,1581,111,1384.0,9,2,8.0
2020-06-29,slovenia,,46.1512,14.9955,1585,111,1384.0,4,0,0.0
2020-06-30,slovenia,,46.1512,14.9955,1600,111,1384.0,15,0,0.0
2020-07-01,slovenia,,46.1512,14.9955,1613,111,1384.0,13,0,0.0
2020-07-02,slovenia,,46.1512,14.9955,1634,111,1384.0,21,0,0.0
2020-07-03,slovenia,,46.1512,14.9955,1650,111,1384.0,16,0,0.0
2020-07-04,slovenia,,46.1512,14.9955,1679,111,1384.0,29,0,0.0
2020-07-05,slovenia,,46.1512,14.9955,1700,111,1384.0,21,0,0.0
2020-07-06,slovenia,,46.1512,14.9955,1716,111,1384.0,16,0,0.0
2020-07-07,slovenia,,46.1512,14.9955,1739,111,1423.0,23,0,39.0
2020-07-08,slovenia,,46.1512,14.9955,1763,111,1429.0,24,0,6.0
2020-07-09,slovenia,,46.1512,14.9955,1776,111,1429.0,13,0,0.0
2020-07-10,slovenia,,46.1512,14.9955,1793,111,1429.0,17,0,0.0
2020-07-11,slovenia,,46.1512,14.9955,1827,111,1429.0,34,0,0.0
2020-07-12,slovenia,,46.1512,14.9955,1841,111,1469.0,14,0,40.0
2020-07-13,slovenia,,46.1512,14.9955,1849,111,1473.0,8,0,4.0
2020-07-14,slovenia,,46.1512,14.9955,1859,111,1488.0,10,0,15.0
2020-07-15,slovenia,,46.1512,14.9955,1878,111,1501.0,19,0,13.0
2020-07-16,slovenia,,46.1512,14.9955,1897,111,1522.0,19,0,21.0
2020-07-17,slovenia,,46.1512,14.9955,1916,111,1522.0,19,0,0.0
2020-07-18,slovenia,,46.1512,14.9955,1940,111,1568.0,24,0,46.0
2020-07-19,slovenia,,46.1512,14.9955,1946,112,1568.0,6,1,0.0
2020-07-20,slovenia,,46.1512,14.9955,1953,113,1603.0,7,1,35.0
2020-07-21,slovenia,,46.1512,14.9955,1977,114,1625.0,24,1,22.0
2020-07-22,slovenia,,46.1512,14.9955,2006,115,1648.0,29,1,23.0
2020-07-23,slovenia,,46.1512,14.9955,2033,115,1661.0,27,0,13.0
2020-07-24,slovenia,,46.1512,14.9955,2052,115,1678.0,19,0,17.0
2020-07-25,slovenia,,46.1512,14.9955,2066,116,1678.0,14,1,0.0
2020-07-26,slovenia,,46.1512,14.9955,2082,116,1678.0,16,0,0.0
2020-07-27,slovenia,,46.1512,14.9955,2087,116,1733.0,5,0,55.0
2020-07-28,slovenia,,46.1512,14.9955,2101,117,1742.0,14,1,9.0
2020-07-29,slovenia,,46.1512,14.9955,2115,117,1761.0,14,0,19.0
2020-07-30,slovenia,,46.1512,14.9955,2139,117,1780.0,24,0,19.0
2020-07-31,slovenia,,46.1512,14.9955,2156,119,1797.0,17,2,17.0
