date,country,state,lat,long,confirmed,deaths,recovered,confirmed_new,deaths_new,recovered_new
2020-01-22,somalia,,5.152149,46.199616,0,0,0.0,0,0,0.0
2020-01-23,somalia,,5.152149,46.199616,0,0,0.0,0,0,0.0
2020-01-24,somalia,,5.152149,46.199616,0,0,0.0,0,0,0.0
2020-01-25,somalia,,5.152149,46.199616,0,0,0.0,0,0,0.0
2020-01-26,somalia,,5.152149,46.199616,0,0,0.0,0,0,0.0
2020-01-27,somalia,,5.152149,46.199616,0,0,0.0,0,0,0.0
2020-01-28,somalia,,5.152149,46.199616,0,0,0.0,0,0,0.0
2020-01-29,somalia,,5.152149,46.199616,0,0,0.0,0,0,0.0
2020-01-30,somalia,,5.152149,46.199616,0,0,0.0,0,0,0.0
2020-01-31,somalia,,5.152149,46.199616,0,0,0.0,0,0,0.0
2020-02-01,somalia,,5.152149,46.199616,0,0,0.0,0,0,0.0
2020-02-02,somalia,,5.152149,46.199616,0,0,0.0,0,0,0.0
2020-02-03,somalia,,5.152149,46.199616,0,0,0.0,0,0,0.0
2020-02-04,somalia,,5.152149,46.199616,0,0,0.0,0,0,0.0
2020-02-05,somalia,,5.152149,46.199616,0,0,0.0,0,0,0.0
2020-02-06,somalia,,5.152149,46.199616,0,0,0.0,0,0,0.0
2020-02-07,somalia,,5.152149,46.199616,0,0,0.0,0,0,0.0
2020-02-08,somalia,,5.152149,46.199616,0,0,0.0,0,0,0.0
2020-02-09,somalia,,5.152149,46.199616,0,0,0.0,0,0,0.0
2020-02-10,somalia,,5.152149,46.199616,0,0,0.0,0,0,0.0
2020-02-11,somalia,,5.152149,46.199616,0,0,0.0,0,0,0.0
2020-02-12,somalia,,5.152149,46.199616,0,0,0.0,0,0,0.0
2020-02-13,somalia,,5.152149,46.199616,0,0,0.0,0,0,0.0
2020-02-14,somalia,,5.152149,46.199616,0,0,0.0,0,0,0.0
2020-02-15,somalia,,5.152149,46.199616,0,0,0.0,0,0,0.0
2020-02-16,somalia,,5.152149,46.199616,0,0,0.0,0,0,0.0
2020-02-17,somalia,,5.152149,46.199616,0,0,0.0,0,0,0.0
2020-02-18,somalia,,5.152149,46.199616,0,0,0.0,0,0,0.0
2020-02-19,somalia,,5.152149,46.199616,0,0,0.0,0,0,0.0
2020-02-20,somalia,,5.152149,46.199616,0,0,0.0,0,0,0.0
2020-02-21,somalia,,5.152149,46.199616,0,0,0.0,0,0,0.0
2020-02-22,somalia,,5.152149,46.199616,0,0,0.0,0,0,0.0
2020-02-23,somalia,,5.152149,46.199616,0,0,0.0,0,0,0.0
2020-02-24,somalia,,5.152149,46.199616,0,0,0.0,0,0,0.0
2020-02-25,somalia,,5.152149,46.199616,0,0,0.0,0,0,0.0
2020-02-26,somalia,,5.152149,46.199616,0,0,0.0,0,0,0.0
2020-02-27,somalia,,5.152149,46.199616,0,0,0.0,0,0,0.0
2020-02-28,somalia,,5.152149,46.199616,0,0,0.0,0,0,0.0
2020-02-29,somalia,,5.152149,46.199616,0,0,0.0,0,0,0.0
2020-03-01,somalia,,5.152149,46.199616,0,0,0.0,0,0,0.0
2020-03-02,somalia,,5.152149,46.199616,0,0,0.0,0,0,0.0
2020-03-03,somalia,,5.152149,46.199616,0,0,0.0,0,0,0.0
2020-03-04,somalia,,5.152149,46.199616,0,0,0.0,0,0,0.0
2020-03-05,somalia,,5.152149,46.199616,0,0,0.0,0,0,0.0
2020-03-06,somalia,,5.152149,46.199616,0,0,0.0,0,0,0.0
2020-03-07,somalia,,5.152149,46.199616,0,0,0.0,0,0,0.0
2020-03-08,somalia,,5.152149,46.199616,0,0,0.0,0,0,0.0
2020-03-09,somalia,,5.152149,46.199616,0,0,0.0,0,0,0.0
2020-03-10,somalia,,5.152149,46.199616,0,0,0.0,0,0,0.0
2020-03-11,somalia,,5.152149,46.199616,0,0,0.0,0,0,0.0
2020-03-12,somalia,,5.152149,46.199616,0,0,0.0,0,0,0.0
2020-03-13,somalia,,5.152149,46.199616,0,0,0.0,0,0,0.0
2020-03-14,somalia,,5.152149,46.199616,0,0,0.0,0,0,0.0
2020-03-15,somalia,,5.152149,46.199616,0,0,0.0,0,0,0.0
2020-03-16,somalia,,5.152149,46.199616,1,0,0.0,1,0,0.0
2020-03-17,somalia,,5.152149,46.199616,1,0,0.0,0,0,0.0
2020-03-18,somalia,,5.152149,46.199616,1,0,0.0,0,0,0.0
2020-03-19,somalia,,5.152149,46.199616,1,0,0.0,0,0,0.0
2020-03-20,somalia,,5.152149,46.199616,1,0,0.0,0,0,0.0
2020-03-21,somalia,,5.152149,46.199616,1,0,0.0,0,0,0.0
2020-03-22,somalia,,5.152149,46.199616,1,0,0.0,0,0,0.0
2020-03-23,somalia,,5.152149,46.199616,1,0,0.0,0,0,0.0
2020-03-24,somalia,,5.152149,46.199616,1,0,0.0,0,0,0.0
2020-03-25,somalia,,5.152149,46.199616,1,0,0.0,0,0,0.0
2020-03-26,somalia,,5.152149,46.199616,2,0,0.0,1,0,0.0
2020-03-27,somalia,,5.152149,46.199616,3,0,0.0,1,0,0.0
2020-03-28,somalia,,5.152149,46.199616,3,0,0.0,0,0,0.0
2020-03-29,somalia,,5.152149,46.199616,3,0,0.0,0,0,0.0
2020-03-30,somalia,,5.152149,46.199616,3,0,0.0,0,0,0.0
2020-03-31,somalia,,5.152149,46.199616,5,0,1.0,2,0,1.0
2020-04-01,somalia,,5.152149,46.199616,5,0,1.0,0,0,0.0
2020-04-02,somalia,,5.152149,46.199616,5,0,1.0,0,0,0.0
2020-04-03,somalia,,5.152149,46.199616,7,0,1.0,2,0,0.0
2020-04-04,somalia,,5.152149,46.199616,7,0,1.0,0,0,0.0
2020-04-05,somalia,,5.152149,46.199616,7,0,1.0,0,0,0.0
2020-04-06,somalia,,5.152149,46.199616,7,0,1.0,0,0,0.0
2020-04-07,somalia,,5.152149,46.199616,8,0,1.0,1,0,0.0
2020-04-08,somalia,,5.152149,46.199616,12,1,1.0,4,1,0.0
2020-04-09,somalia,,5.152149,46.199616,12,1,1.0,0,0,0.0
2020-04-10,somalia,,5.152149,46.199616,21,1,1.0,9,0,0.0
2020-04-11,somalia,,5.152149,46.199616,21,1,1.0,0,0,0.0
2020-04-12,somalia,,5.152149,46.199616,25,1,2.0,4,0,1.0
2020-04-13,somalia,,5.152149,46.199616,60,2,2.0,35,1,0.0
2020-04-14,somalia,,5.152149,46.199616,60,2,2.0,0,0,0.0
2020-04-15,somalia,,5.152149,46.199616,80,5,2.0,20,3,0.0
2020-04-16,somalia,,5.152149,46.199616,80,5,2.0,0,0,0.0
2020-04-17,somalia,,5.152149,46.199616,116,6,2.0,36,1,0.0
2020-04-18,somalia,,5.152149,46.199616,135,7,2.0,19,1,0.0
2020-04-19,somalia,,5.152149,46.199616,164,7,3.0,29,0,1.0
2020-04-20,somalia,,5.152149,46.199616,237,8,4.0,73,1,1.0
2020-04-21,somalia,,5.152149,46.199616,286,8,4.0,49,0,0.0
2020-04-22,somalia,,5.152149,46.199616,286,8,4.0,0,0,0.0
2020-04-23,somalia,,5.152149,46.199616,328,16,8.0,42,8,4.0
2020-04-24,somalia,,5.152149,46.199616,328,16,8.0,0,0,0.0
2020-04-25,somalia,,5.152149,46.199616,390,18,8.0,62,2,0.0
2020-04-26,somalia,,5.152149,46.199616,436,23,10.0,46,5,2.0
2020-04-27,somalia,,5.152149,46.199616,480,26,10.0,44,3,0.0
2020-04-28,somalia,,5.152149,46.199616,528,28,19.0,48,2,9.0
2020-04-29,somalia,,5.152149,46.199616,582,28,20.0,54,0,1.0
2020-04-30,somalia,,5.152149,46.199616,601,28,31.0,19,0,11.0
2020-05-01,somalia,,5.152149,46.199616,601,28,31.0,0,0,0.0
2020-05-02,somalia,,5.152149,46.199616,671,31,34.0,70,3,3.0
2020-05-03,somalia,,5.152149,46.199616,722,32,44.0,51,1,10.0
2020-05-04,somalia,,5.152149,46.199616,756,35,61.0,34,3,17.0
2020-05-05,somalia,,5.152149,46.199616,835,38,75.0,79,3,14.0
2020-05-06,somalia,,5.152149,46.199616,873,39,87.0,38,1,12.0
2020-05-07,somalia,,5.152149,46.199616,928,44,106.0,55,5,19.0
2020-05-08,somalia,,5.152149,46.199616,928,44,106.0,0,0,0.0
2020-05-09,somalia,,5.152149,46.199616,997,48,110.0,69,4,4.0
2020-05-10,somalia,,5.152149,46.199616,1054,51,118.0,57,3,8.0
2020-05-11,somalia,,5.152149,46.199616,1089,52,121.0,35,1,3.0
2020-05-12,somalia,,5.152149,46.199616,1170,52,126.0,81,0,5.0
2020-05-13,somalia,,5.152149,46.199616,1219,52,130.0,49,0,4.0
2020-05-14,somalia,,5.152149,46.199616,1284,53,135.0,65,1,5.0
2020-05-15,somalia,,5.152149,46.199616,1284,53,135.0,0,0,0.0
2020-05-16,somalia,,5.152149,46.199616,1357,55,148.0,73,2,13.0
2020-05-17,somalia,,5.152149,46.199616,1421,56,152.0,64,1,4.0
2020-05-18,somalia,,5.152149,46.199616,1455,57,163.0,34,1,11.0
2020-05-19,somalia,,5.152149,46.199616,1502,59,178.0,47,2,15.0
2020-05-20,somalia,,5.152149,46.199616,1573,61,188.0,71,2,10.0
2020-05-21,somalia,,5.152149,46.199616,1594,61,204.0,21,0,16.0
2020-05-22,somalia,,5.152149,46.199616,1594,61,204.0,0,0,0.0
2020-05-23,somalia,,5.152149,46.199616,1594,61,204.0,0,0,0.0
2020-05-24,somalia,,5.152149,46.199616,1594,61,204.0,0,0,0.0
2020-05-25,somalia,,5.152149,46.199616,1689,66,235.0,95,5,31.0
2020-05-26,somalia,,5.152149,46.199616,1711,67,253.0,22,1,18.0
2020-05-27,somalia,,5.152149,46.199616,1731,67,265.0,20,0,12.0
2020-05-28,somalia,,5.152149,46.199616,1828,72,310.0,97,5,45.0
2020-05-29,somalia,,5.152149,46.199616,1828,72,310.0,0,0,0.0
2020-05-30,somalia,,5.152149,46.199616,1916,73,327.0,88,1,17.0
2020-05-31,somalia,,5.152149,46.199616,1976,78,348.0,60,5,21.0
2020-06-01,somalia,,5.152149,46.199616,2023,79,361.0,47,1,13.0
2020-06-02,somalia,,5.152149,46.199616,2089,79,361.0,66,0,0.0
2020-06-03,somalia,,5.152149,46.199616,2146,79,406.0,57,0,45.0
2020-06-04,somalia,,5.152149,46.199616,2204,79,418.0,58,0,12.0
2020-06-05,somalia,,5.152149,46.199616,2204,79,418.0,0,0,0.0
2020-06-06,somalia,,5.152149,46.199616,2289,82,431.0,85,3,13.0
2020-06-07,somalia,,5.152149,46.199616,2334,83,441.0,45,1,10.0
2020-06-08,somalia,,5.152149,46.199616,2368,84,470.0,34,1,29.0
2020-06-09,somalia,,5.152149,46.199616,2416,85,489.0,48,1,19.0
2020-06-10,somalia,,5.152149,46.199616,2452,85,506.0,36,0,17.0
2020-06-11,somalia,,5.152149,46.199616,2513,85,532.0,61,0,26.0
2020-06-12,somalia,,5.152149,46.199616,2513,85,532.0,0,0,0.0
2020-06-13,somalia,,5.152149,46.199616,2579,87,559.0,66,2,27.0
2020-06-14,somalia,,5.152149,46.199616,2618,88,577.0,39,1,18.0
2020-06-15,somalia,,5.152149,46.199616,2642,88,622.0,24,0,45.0
2020-06-16,somalia,,5.152149,46.199616,2658,88,649.0,16,0,27.0
2020-06-17,somalia,,5.152149,46.199616,2696,88,685.0,38,0,36.0
2020-06-18,somalia,,5.152149,46.199616,2719,88,724.0,23,0,39.0
2020-06-19,somalia,,5.152149,46.199616,2719,88,724.0,0,0,0.0
2020-06-20,somalia,,5.152149,46.199616,2755,88,751.0,36,0,27.0
2020-06-21,somalia,,5.152149,46.199616,2779,90,782.0,24,2,31.0
2020-06-22,somalia,,5.152149,46.199616,2812,90,818.0,33,0,36.0
2020-06-23,somalia,,5.152149,46.199616,2812,90,818.0,0,0,0.0
2020-06-24,somalia,,5.152149,46.199616,2835,90,829.0,23,0,11.0
2020-06-25,somalia,,5.152149,46.199616,2878,90,868.0,43,0,39.0
2020-06-26,somalia,,5.152149,46.199616,2878,90,868.0,0,0,0.0
2020-06-27,somalia,,5.152149,46.199616,2878,90,868.0,0,0,0.0
2020-06-28,somalia,,5.152149,46.199616,2894,90,887.0,16,0,19.0
2020-06-29,somalia,,5.152149,46.199616,2904,90,910.0,10,0,23.0
2020-06-30,somalia,,5.152149,46.199616,2924,90,910.0,20,0,0.0
2020-07-01,somalia,,5.152149,46.199616,2924,90,932.0,0,0,22.0
2020-07-02,somalia,,5.152149,46.199616,2944,90,951.0,20,0,19.0
2020-07-03,somalia,,5.152149,46.199616,2944,90,951.0,0,0,0.0
2020-07-04,somalia,,5.152149,46.199616,2961,92,973.0,17,2,22.0
2020-07-05,somalia,,5.152149,46.199616,2997,92,1014.0,36,0,41.0
2020-07-06,somalia,,5.152149,46.199616,3006,92,1051.0,9,0,37.0
2020-07-07,somalia,,5.152149,46.199616,3015,92,1096.0,9,0,45.0
2020-07-08,somalia,,5.152149,46.199616,3028,92,1147.0,13,0,51.0
2020-07-09,somalia,,5.152149,46.199616,3038,92,1209.0,10,0,62.0
2020-07-10,somalia,,5.152149,46.199616,3038,92,1209.0,0,0,0.0
2020-07-11,somalia,,5.152149,46.199616,3051,92,1264.0,13,0,55.0
2020-07-12,somalia,,5.152149,46.199616,3059,93,1264.0,8,1,0.0
2020-07-13,somalia,,5.152149,46.199616,3072,93,1343.0,13,0,79.0
2020-07-14,somalia,,5.152149,46.199616,3076,93,1380.0,4,0,37.0
2020-07-15,somalia,,5.152149,46.199616,3083,93,1425.0,7,0,45.0
2020-07-16,somalia,,5.152149,46.199616,3106,93,1444.0,23,0,19.0
2020-07-17,somalia,,5.152149,46.199616,3106,93,1444.0,0,0,0.0
2020-07-18,somalia,,5.152149,46.199616,3111,93,1452.0,5,0,8.0
2020-07-19,somalia,,5.152149,46.199616,3119,93,1457.0,8,0,5.0
2020-07-20,somalia,,5.152149,46.199616,3130,93,1462.0,11,0,5.0
2020-07-21,somalia,,5.152149,46.199616,3135,93,1464.0,5,0,2.0
2020-07-22,somalia,,5.152149,46.199616,3161,93,1495.0,26,0,31.0
2020-07-23,somalia,,5.152149,46.199616,3171,93,1499.0,10,0,4.0
2020-07-24,somalia,,5.152149,46.199616,3171,93,1499.0,0,0,0.0
2020-07-25,somalia,,5.152149,46.199616,3178,93,1521.0,7,0,22.0
2020-07-26,somalia,,5.152149,46.199616,3178,93,1521.0,0,0,0.0
2020-07-27,somalia,,5.152149,46.199616,3196,93,1543.0,18,0,22.0
2020-07-28,somalia,,5.152149,46.199616,3212,93,1562.0,16,0,19.0
2020-07-29,somalia,,5.152149,46.199616,3212,93,1562.0,0,0,0.0
2020-07-30,somalia,,5.152149,46.199616,3212,93,1562.0,0,0,0.0
2020-07-31,somalia,,5.152149,46.199616,3212,93,1562.0,0,0,0.0
