date,country,state,lat,long,confirmed,deaths,recovered,confirmed_new,deaths_new,recovered_new
2020-01-22,south-africa,,-30.5595,22.9375,0,0,0.0,0,0,0.0
2020-01-23,south-africa,,-30.5595,22.9375,0,0,0.0,0,0,0.0
2020-01-24,south-africa,,-30.5595,22.9375,0,0,0.0,0,0,0.0
2020-01-25,south-africa,,-30.5595,22.9375,0,0,0.0,0,0,0.0
2020-01-26,south-africa,,-30.5595,22.9375,0,0,0.0,0,0,0.0
2020-01-27,south-africa,,-30.5595,22.9375,0,0,0.0,0,0,0.0
2020-01-28,south-africa,,-30.5595,22.9375,0,0,0.0,0,0,0.0
2020-01-29,south-africa,,-30.5595,22.9375,0,0,0.0,0,0,0.0
2020-01-30,south-africa,,-30.5595,22.9375,0,0,0.0,0,0,0.0
2020-01-31,south-africa,,-30.5595,22.9375,0,0,0.0,0,0,0.0
2020-02-01,south-africa,,-30.5595,22.9375,0,0,0.0,0,0,0.0
2020-02-02,south-africa,,-30.5595,22.9375,0,0,0.0,0,0,0.0
2020-02-03,south-africa,,-30.5595,22.9375,0,0,0.0,0,0,0.0
2020-02-04,south-africa,,-30.5595,22.9375,0,0,0.0,0,0,0.0
2020-02-05,south-africa,,-30.5595,22.9375,0,0,0.0,0,0,0.0
2020-02-06,south-africa,,-30.5595,22.9375,0,0,0.0,0,0,0.0
2020-02-07,south-africa,,-30.5595,22.9375,0,0,0.0,0,0,0.0
2020-02-08,south-africa,,-30.5595,22.9375,0,0,0.0,0,0,0.0
2020-02-09,south-africa,,-30.5595,22.9375,0,0,0.0,0,0,0.0
2020-02-10,south-africa,,-30.5595,22.9375,0,0,0.0,0,0,0.0
2020-02-11,south-africa,,-30.5595,22.9375,0,0,0.0,0,0,0.0
2020-02-12,south-africa,,-30.5595,22.9375,0,0,0.0,0,0,0.0
2020-02-13,south-africa,,-30.5595,22.9375,0,0,0.0,0,0,0.0
2020-02-14,south-africa,,-30.5595,22.9375,0,0,0.0,0,0,0.0
2020-02-15,south-africa,,-30.5595,22.9375,0,0,0.0,0,0,0.0
2020-02-16,south-africa,,-30.5595,22.9375,0,0,0.0,0,0,0.0
2020-02-17,south-africa,,-30.5595,22.9375,0,0,0.0,0,0,0.0
2020-02-18,south-africa,,-30.5595,22.9375,0,0,0.0,0,0,0.0
2020-02-19,south-africa,,-30.5595,22.9375,0,0,0.0,0,0,0.0
2020-02-20,south-africa,,-30.5595,22.9375,0,0,0.0,0,0,0.0
2020-02-21,south-africa,,-30.5595,22.9375,0,0,0.0,0,0,0.0
2020-02-22,south-africa,,-30.5595,22.9375,0,0,0.0,0,0,0.0
2020-02-23,south-africa,,-30.5595,22.9375,0,0,0.0,0,0,0.0
2020-02-24,south-africa,,-30.5595,22.9375,0,0,0.0,0,0,0.0
2020-02-25,south-africa,,-30.5595,22.9375,0,0,0.0,0,0,0.0
2020-02-26,south-africa,,-30.5595,22.9375,0,0,0.0,0,0,0.0
2020-02-27,south-africa,,-30.5595,22.9375,0,0,0.0,0,0,0.0
2020-02-28,south-africa,,-30.5595,22.9375,0,0,0.0,0,0,0.0
2020-02-29,south-africa,,-30.5595,22.9375,0,0,0.0,0,0,0.0
2020-03-01,south-africa,,-30.5595,22.9375,0,0,0.0,0,0,0.0
2020-03-02,south-africa,,-30.5595,22.9375,0,0,0.0,0,0,0.0
2020-03-03,south-africa,,-30.5595,22.9375,0,0,0.0,0,0,0.0
2020-03-04,south-africa,,-30.5595,22.9375,0,0,0.0,0,0,0.0
2020-03-05,south-africa,,-30.5595,22.9375,1,0,0.0,1,0,0.0
2020-03-06,south-africa,,-30.5595,22.9375,1,0,0.0,0,0,0.0
2020-03-07,south-africa,,-30.5595,22.9375,1,0,0.0,0,0,0.0
2020-03-08,south-africa,,-30.5595,22.9375,3,0,0.0,2,0,0.0
2020-03-09,south-africa,,-30.5595,22.9375,3,0,0.0,0,0,0.0
2020-03-10,south-africa,,-30.5595,22.9375,7,0,0.0,4,0,0.0
2020-03-11,south-africa,,-30.5595,22.9375,13,0,0.0,6,0,0.0
2020-03-12,south-africa,,-30.5595,22.9375,17,0,0.0,4,0,0.0
2020-03-13,south-africa,,-30.5595,22.9375,24,0,0.0,7,0,0.0
2020-03-14,south-africa,,-30.5595,22.9375,38,0,0.0,14,0,0.0
2020-03-15,south-africa,,-30.5595,22.9375,51,0,0.0,13,0,0.0
2020-03-16,south-africa,,-30.5595,22.9375,62,0,0.0,11,0,0.0
2020-03-17,south-africa,,-30.5595,22.9375,62,0,0.0,0,0,0.0
2020-03-18,south-africa,,-30.5595,22.9375,116,0,0.0,54,0,0.0
2020-03-19,south-africa,,-30.5595,22.9375,150,0,0.0,34,0,0.0
2020-03-20,south-africa,,-30.5595,22.9375,202,0,0.0,52,0,0.0
2020-03-21,south-africa,,-30.5595,22.9375,240,0,0.0,38,0,0.0
2020-03-22,south-africa,,-30.5595,22.9375,274,0,0.0,34,0,0.0
2020-03-23,south-africa,,-30.5595,22.9375,402,0,0.0,128,0,0.0
2020-03-24,south-africa,,-30.5595,22.9375,554,0,4.0,152,0,4.0
2020-03-25,south-africa,,-30.5595,22.9375,709,0,12.0,155,0,8.0
2020-03-26,south-africa,,-30.5595,22.9375,927,0,12.0,218,0,0.0
2020-03-27,south-africa,,-30.5595,22.9375,1170,1,31.0,243,1,19.0
2020-03-28,south-africa,,-30.5595,22.9375,1187,1,31.0,17,0,0.0
2020-03-29,south-africa,,-30.5595,22.9375,1280,2,31.0,93,1,0.0
2020-03-30,south-africa,,-30.5595,22.9375,1326,3,31.0,46,1,0.0
2020-03-31,south-africa,,-30.5595,22.9375,1353,5,31.0,27,2,0.0
2020-04-01,south-africa,,-30.5595,22.9375,1380,5,50.0,27,0,19.0
2020-04-02,south-africa,,-30.5595,22.9375,1462,5,50.0,82,0,0.0
2020-04-03,south-africa,,-30.5595,22.9375,1505,9,95.0,43,4,45.0
2020-04-04,south-africa,,-30.5595,22.9375,1585,9,95.0,80,0,0.0
2020-04-05,south-africa,,-30.5595,22.9375,1655,11,95.0,70,2,0.0
2020-04-06,south-africa,,-30.5595,22.9375,1686,12,95.0,31,1,0.0
2020-04-07,south-africa,,-30.5595,22.9375,1749,13,95.0,63,1,0.0
2020-04-08,south-africa,,-30.5595,22.9375,1845,18,95.0,96,5,0.0
2020-04-09,south-africa,,-30.5595,22.9375,1934,18,95.0,89,0,0.0
2020-04-10,south-africa,,-30.5595,22.9375,2003,24,410.0,69,6,315.0
2020-04-11,south-africa,,-30.5595,22.9375,2028,25,410.0,25,1,0.0
2020-04-12,south-africa,,-30.5595,22.9375,2173,25,410.0,145,0,0.0
2020-04-13,south-africa,,-30.5595,22.9375,2272,27,410.0,99,2,0.0
2020-04-14,south-africa,,-30.5595,22.9375,2415,27,410.0,143,0,0.0
2020-04-15,south-africa,,-30.5595,22.9375,2506,34,410.0,91,7,0.0
2020-04-16,south-africa,,-30.5595,22.9375,2605,48,903.0,99,14,493.0
2020-04-17,south-africa,,-30.5595,22.9375,2783,50,903.0,178,2,0.0
2020-04-18,south-africa,,-30.5595,22.9375,3034,52,903.0,251,2,0.0
2020-04-19,south-africa,,-30.5595,22.9375,3158,54,903.0,124,2,0.0
2020-04-20,south-africa,,-30.5595,22.9375,3300,58,1055.0,142,4,152.0
2020-04-21,south-africa,,-30.5595,22.9375,3465,58,1055.0,165,0,0.0
2020-04-22,south-africa,,-30.5595,22.9375,3635,65,1055.0,170,7,0.0
2020-04-23,south-africa,,-30.5595,22.9375,3953,75,1473.0,318,10,418.0
2020-04-24,south-africa,,-30.5595,22.9375,4220,79,1473.0,267,4,0.0
2020-04-25,south-africa,,-30.5595,22.9375,4361,86,1473.0,141,7,0.0
2020-04-26,south-africa,,-30.5595,22.9375,4546,87,1473.0,185,1,0.0
2020-04-27,south-africa,,-30.5595,22.9375,4793,90,1473.0,247,3,0.0
2020-04-28,south-africa,,-30.5595,22.9375,4996,93,2073.0,203,3,600.0
2020-04-29,south-africa,,-30.5595,22.9375,5350,103,2073.0,354,10,0.0
2020-04-30,south-africa,,-30.5595,22.9375,5647,103,2073.0,297,0,0.0
2020-05-01,south-africa,,-30.5595,22.9375,5951,116,2382.0,304,13,309.0
2020-05-02,south-africa,,-30.5595,22.9375,6336,123,2549.0,385,7,167.0
2020-05-03,south-africa,,-30.5595,22.9375,6783,131,2549.0,447,8,0.0
2020-05-04,south-africa,,-30.5595,22.9375,7220,138,2746.0,437,7,197.0
2020-05-05,south-africa,,-30.5595,22.9375,7572,148,2746.0,352,10,0.0
2020-05-06,south-africa,,-30.5595,22.9375,7808,153,3153.0,236,5,407.0
2020-05-07,south-africa,,-30.5595,22.9375,8232,161,3153.0,424,8,0.0
2020-05-08,south-africa,,-30.5595,22.9375,8895,178,3153.0,663,17,0.0
2020-05-09,south-africa,,-30.5595,22.9375,9420,186,3983.0,525,8,830.0
2020-05-10,south-africa,,-30.5595,22.9375,10015,194,4173.0,595,8,190.0
2020-05-11,south-africa,,-30.5595,22.9375,10652,206,4357.0,637,12,184.0
2020-05-12,south-africa,,-30.5595,22.9375,11350,206,4357.0,698,0,0.0
2020-05-13,south-africa,,-30.5595,22.9375,12074,219,4745.0,724,13,388.0
2020-05-14,south-africa,,-30.5595,22.9375,12739,238,5676.0,665,19,931.0
2020-05-15,south-africa,,-30.5595,22.9375,13524,247,6083.0,785,9,407.0
2020-05-16,south-africa,,-30.5595,22.9375,14355,261,6478.0,831,14,395.0
2020-05-17,south-africa,,-30.5595,22.9375,15515,264,7006.0,1160,3,528.0
2020-05-18,south-africa,,-30.5595,22.9375,16433,286,7298.0,918,22,292.0
2020-05-19,south-africa,,-30.5595,22.9375,17200,312,7960.0,767,26,662.0
2020-05-20,south-africa,,-30.5595,22.9375,18003,339,8950.0,803,27,990.0
2020-05-21,south-africa,,-30.5595,22.9375,19137,369,8950.0,1134,30,0.0
2020-05-22,south-africa,,-30.5595,22.9375,20125,397,10104.0,988,28,1154.0
2020-05-23,south-africa,,-30.5595,22.9375,21343,407,10104.0,1218,10,0.0
2020-05-24,south-africa,,-30.5595,22.9375,22583,429,11100.0,1240,22,996.0
2020-05-25,south-africa,,-30.5595,22.9375,23615,481,11917.0,1032,52,817.0
2020-05-26,south-africa,,-30.5595,22.9375,24264,524,12741.0,649,43,824.0
2020-05-27,south-africa,,-30.5595,22.9375,25937,552,13451.0,1673,28,710.0
2020-05-28,south-africa,,-30.5595,22.9375,27403,577,14370.0,1466,25,919.0
2020-05-29,south-africa,,-30.5595,22.9375,29240,611,15093.0,1837,34,723.0
2020-05-30,south-africa,,-30.5595,22.9375,30967,643,16116.0,1727,32,1023.0
2020-05-31,south-africa,,-30.5595,22.9375,32683,683,16809.0,1716,40,693.0
2020-06-01,south-africa,,-30.5595,22.9375,34357,705,17291.0,1674,22,482.0
2020-06-02,south-africa,,-30.5595,22.9375,35812,755,18313.0,1455,50,1022.0
2020-06-03,south-africa,,-30.5595,22.9375,37525,792,19682.0,1713,37,1369.0
2020-06-04,south-africa,,-30.5595,22.9375,40792,848,21311.0,3267,56,1629.0
2020-06-05,south-africa,,-30.5595,22.9375,43434,908,23088.0,2642,60,1777.0
2020-06-06,south-africa,,-30.5595,22.9375,45973,952,24258.0,2539,44,1170.0
2020-06-07,south-africa,,-30.5595,22.9375,48285,998,24364.0,2312,46,106.0
2020-06-08,south-africa,,-30.5595,22.9375,50879,1080,26099.0,2594,82,1735.0
2020-06-09,south-africa,,-30.5595,22.9375,52991,1162,29006.0,2112,82,2907.0
2020-06-10,south-africa,,-30.5595,22.9375,55421,1210,31505.0,2430,48,2499.0
2020-06-11,south-africa,,-30.5595,22.9375,58568,1284,33252.0,3147,74,1747.0
2020-06-12,south-africa,,-30.5595,22.9375,61927,1354,35006.0,3359,70,1754.0
2020-06-13,south-africa,,-30.5595,22.9375,65736,1423,36850.0,3809,69,1844.0
2020-06-14,south-africa,,-30.5595,22.9375,70038,1480,38531.0,4302,57,1681.0
2020-06-15,south-africa,,-30.5595,22.9375,73533,1568,39867.0,3495,88,1336.0
2020-06-16,south-africa,,-30.5595,22.9375,76334,1625,42063.0,2801,57,2196.0
2020-06-17,south-africa,,-30.5595,22.9375,80412,1674,44331.0,4078,49,2268.0
2020-06-18,south-africa,,-30.5595,22.9375,83890,1737,44920.0,3478,63,589.0
2020-06-19,south-africa,,-30.5595,22.9375,87715,1831,47825.0,3825,94,2905.0
2020-06-20,south-africa,,-30.5595,22.9375,92681,1877,50326.0,4966,46,2501.0
2020-06-21,south-africa,,-30.5595,22.9375,97302,1930,51608.0,4621,53,1282.0
2020-06-22,south-africa,,-30.5595,22.9375,101590,1991,53444.0,4288,61,1836.0
2020-06-23,south-africa,,-30.5595,22.9375,106108,2102,55045.0,4518,111,1601.0
2020-06-24,south-africa,,-30.5595,22.9375,111796,2205,56874.0,5688,103,1829.0
2020-06-25,south-africa,,-30.5595,22.9375,118375,2292,59974.0,6579,87,3100.0
2020-06-26,south-africa,,-30.5595,22.9375,124590,2340,64111.0,6215,48,4137.0
2020-06-27,south-africa,,-30.5595,22.9375,131800,2413,67094.0,7210,73,2983.0
2020-06-28,south-africa,,-30.5595,22.9375,138134,2456,68925.0,6334,43,1831.0
2020-06-29,south-africa,,-30.5595,22.9375,144264,2529,70614.0,6130,73,1689.0
2020-06-30,south-africa,,-30.5595,22.9375,151209,2657,73543.0,6945,128,2929.0
2020-07-01,south-africa,,-30.5595,22.9375,159333,2749,76025.0,8124,92,2482.0
2020-07-02,south-africa,,-30.5595,22.9375,168061,2844,81999.0,8728,95,5974.0
2020-07-03,south-africa,,-30.5595,22.9375,177124,2952,86298.0,9063,108,4299.0
2020-07-04,south-africa,,-30.5595,22.9375,187977,3026,91227.0,10853,74,4929.0
2020-07-05,south-africa,,-30.5595,22.9375,196750,3199,93315.0,8773,173,2088.0
2020-07-06,south-africa,,-30.5595,22.9375,205721,3310,97848.0,8971,111,4533.0
2020-07-07,south-africa,,-30.5595,22.9375,215855,3502,102299.0,10134,192,4451.0
2020-07-08,south-africa,,-30.5595,22.9375,224665,3602,106842.0,8810,100,4543.0
2020-07-09,south-africa,,-30.5595,22.9375,238339,3720,113061.0,13674,118,6219.0
2020-07-10,south-africa,,-30.5595,22.9375,250687,3860,118232.0,12348,140,5171.0
2020-07-11,south-africa,,-30.5595,22.9375,264184,3971,127715.0,13497,111,9483.0
2020-07-12,south-africa,,-30.5595,22.9375,276242,4079,134874.0,12058,108,7159.0
2020-07-13,south-africa,,-30.5595,22.9375,287796,4172,138241.0,11554,93,3367.0
2020-07-14,south-africa,,-30.5595,22.9375,298292,4346,146279.0,10496,174,8038.0
2020-07-15,south-africa,,-30.5595,22.9375,311049,4453,160693.0,12757,107,14414.0
2020-07-16,south-africa,,-30.5595,22.9375,324221,4669,165591.0,13172,216,4898.0
2020-07-17,south-africa,,-30.5595,22.9375,337594,4804,178183.0,13373,135,12592.0
2020-07-18,south-africa,,-30.5595,22.9375,350879,4948,182230.0,13285,144,4047.0
2020-07-19,south-africa,,-30.5595,22.9375,364328,5033,191059.0,13449,85,8829.0
2020-07-20,south-africa,,-30.5595,22.9375,373628,5173,194865.0,9300,140,3806.0
2020-07-21,south-africa,,-30.5595,22.9375,381798,5368,208144.0,8170,195,13279.0
2020-07-22,south-africa,,-30.5595,22.9375,394948,5940,229175.0,13150,572,21031.0
2020-07-23,south-africa,,-30.5595,22.9375,408052,6093,236260.0,13104,153,7085.0
2020-07-24,south-africa,,-30.5595,22.9375,421996,6343,245771.0,13944,250,9511.0
2020-07-25,south-africa,,-30.5595,22.9375,434200,6655,263054.0,12204,312,17283.0
2020-07-26,south-africa,,-30.5595,22.9375,445433,6769,265077.0,11233,114,2023.0
2020-07-27,south-africa,,-30.5595,22.9375,452529,7067,274925.0,7096,298,9848.0
2020-07-28,south-africa,,-30.5595,22.9375,459761,7257,287313.0,7232,190,12388.0
2020-07-29,south-africa,,-30.5595,22.9375,471123,7497,297967.0,11362,240,10654.0
2020-07-30,south-africa,,-30.5595,22.9375,482169,7812,309601.0,11046,315,11634.0
2020-07-31,south-africa,,-30.5595,22.9375,493183,8005,326171.0,11014,193,16570.0
