date,country,state,lat,long,confirmed,deaths,recovered,confirmed_new,deaths_new,recovered_new
2020-01-22,spain,,40.463667,-3.7492199999999998,0,0,0.0,0,0,0.0
2020-01-23,spain,,40.463667,-3.7492199999999998,0,0,0.0,0,0,0.0
2020-01-24,spain,,40.463667,-3.7492199999999998,0,0,0.0,0,0,0.0
2020-01-25,spain,,40.463667,-3.7492199999999998,0,0,0.0,0,0,0.0
2020-01-26,spain,,40.463667,-3.7492199999999998,0,0,0.0,0,0,0.0
2020-01-27,spain,,40.463667,-3.7492199999999998,0,0,0.0,0,0,0.0
2020-01-28,spain,,40.463667,-3.7492199999999998,0,0,0.0,0,0,0.0
2020-01-29,spain,,40.463667,-3.7492199999999998,0,0,0.0,0,0,0.0
2020-01-30,spain,,40.463667,-3.7492199999999998,0,0,0.0,0,0,0.0
2020-01-31,spain,,40.463667,-3.7492199999999998,0,0,0.0,0,0,0.0
2020-02-01,spain,,40.463667,-3.7492199999999998,1,0,0.0,1,0,0.0
2020-02-02,spain,,40.463667,-3.7492199999999998,1,0,0.0,0,0,0.0
2020-02-03,spain,,40.463667,-3.7492199999999998,1,0,0.0,0,0,0.0
2020-02-04,spain,,40.463667,-3.7492199999999998,1,0,0.0,0,0,0.0
2020-02-05,spain,,40.463667,-3.7492199999999998,1,0,0.0,0,0,0.0
2020-02-06,spain,,40.463667,-3.7492199999999998,1,0,0.0,0,0,0.0
2020-02-07,spain,,40.463667,-3.7492199999999998,1,0,0.0,0,0,0.0
2020-02-08,spain,,40.463667,-3.7492199999999998,1,0,0.0,0,0,0.0
2020-02-09,spain,,40.463667,-3.7492199999999998,2,0,0.0,1,0,0.0
2020-02-10,spain,,40.463667,-3.7492199999999998,2,0,0.0,0,0,0.0
2020-02-11,spain,,40.463667,-3.7492199999999998,2,0,0.0,0,0,0.0
2020-02-12,spain,,40.463667,-3.7492199999999998,2,0,0.0,0,0,0.0
2020-02-13,spain,,40.463667,-3.7492199999999998,2,0,0.0,0,0,0.0
2020-02-14,spain,,40.463667,-3.7492199999999998,2,0,0.0,0,0,0.0
2020-02-15,spain,,40.463667,-3.7492199999999998,2,0,2.0,0,0,2.0
2020-02-16,spain,,40.463667,-3.7492199999999998,2,0,2.0,0,0,0.0
2020-02-17,spain,,40.463667,-3.7492199999999998,2,0,2.0,0,0,0.0
2020-02-18,spain,,40.463667,-3.7492199999999998,2,0,2.0,0,0,0.0
2020-02-19,spain,,40.463667,-3.7492199999999998,2,0,2.0,0,0,0.0
2020-02-20,spain,,40.463667,-3.7492199999999998,2,0,2.0,0,0,0.0
2020-02-21,spain,,40.463667,-3.7492199999999998,2,0,2.0,0,0,0.0
2020-02-22,spain,,40.463667,-3.7492199999999998,2,0,2.0,0,0,0.0
2020-02-23,spain,,40.463667,-3.7492199999999998,2,0,2.0,0,0,0.0
2020-02-24,spain,,40.463667,-3.7492199999999998,2,0,2.0,0,0,0.0
2020-02-25,spain,,40.463667,-3.7492199999999998,6,0,2.0,4,0,0.0
2020-02-26,spain,,40.463667,-3.7492199999999998,13,0,2.0,7,0,0.0
2020-02-27,spain,,40.463667,-3.7492199999999998,15,0,2.0,2,0,0.0
2020-02-28,spain,,40.463667,-3.7492199999999998,32,0,2.0,17,0,0.0
2020-02-29,spain,,40.463667,-3.7492199999999998,45,0,2.0,13,0,0.0
2020-03-01,spain,,40.463667,-3.7492199999999998,84,0,2.0,39,0,0.0
2020-03-02,spain,,40.463667,-3.7492199999999998,120,0,2.0,36,0,0.0
2020-03-03,spain,,40.463667,-3.7492199999999998,165,1,2.0,45,1,0.0
2020-03-04,spain,,40.463667,-3.7492199999999998,222,2,2.0,57,1,0.0
2020-03-05,spain,,40.463667,-3.7492199999999998,259,3,2.0,37,1,0.0
2020-03-06,spain,,40.463667,-3.7492199999999998,400,5,2.0,141,2,0.0
2020-03-07,spain,,40.463667,-3.7492199999999998,500,10,30.0,100,5,28.0
2020-03-08,spain,,40.463667,-3.7492199999999998,673,17,30.0,173,7,0.0
2020-03-09,spain,,40.463667,-3.7492199999999998,1073,28,32.0,400,11,2.0
2020-03-10,spain,,40.463667,-3.7492199999999998,1695,35,32.0,622,7,0.0
2020-03-11,spain,,40.463667,-3.7492199999999998,2277,54,183.0,582,19,151.0
2020-03-12,spain,,40.463667,-3.7492199999999998,2277,55,183.0,0,1,0.0
2020-03-13,spain,,40.463667,-3.7492199999999998,5232,133,193.0,2955,78,10.0
2020-03-14,spain,,40.463667,-3.7492199999999998,6391,195,517.0,1159,62,324.0
2020-03-15,spain,,40.463667,-3.7492199999999998,7798,289,517.0,1407,94,0.0
2020-03-16,spain,,40.463667,-3.7492199999999998,9942,342,530.0,2144,53,13.0
2020-03-17,spain,,40.463667,-3.7492199999999998,11748,533,1028.0,1806,191,498.0
2020-03-18,spain,,40.463667,-3.7492199999999998,13910,623,1081.0,2162,90,53.0
2020-03-19,spain,,40.463667,-3.7492199999999998,17963,830,1107.0,4053,207,26.0
2020-03-20,spain,,40.463667,-3.7492199999999998,20410,1043,1588.0,2447,213,481.0
2020-03-21,spain,,40.463667,-3.7492199999999998,25374,1375,2125.0,4964,332,537.0
2020-03-22,spain,,40.463667,-3.7492199999999998,28768,1772,2575.0,3394,397,450.0
2020-03-23,spain,,40.463667,-3.7492199999999998,35136,2311,2575.0,6368,539,0.0
2020-03-24,spain,,40.463667,-3.7492199999999998,39885,2808,3794.0,4749,497,1219.0
2020-03-25,spain,,40.463667,-3.7492199999999998,49515,3647,5367.0,9630,839,1573.0
2020-03-26,spain,,40.463667,-3.7492199999999998,57786,4365,7015.0,8271,718,1648.0
2020-03-27,spain,,40.463667,-3.7492199999999998,65719,5138,9357.0,7933,773,2342.0
2020-03-28,spain,,40.463667,-3.7492199999999998,73235,5982,12285.0,7516,844,2928.0
2020-03-29,spain,,40.463667,-3.7492199999999998,80110,6803,14709.0,6875,821,2424.0
2020-03-30,spain,,40.463667,-3.7492199999999998,87956,7716,16780.0,7846,913,2071.0
2020-03-31,spain,,40.463667,-3.7492199999999998,95923,8464,19259.0,7967,748,2479.0
2020-04-01,spain,,40.463667,-3.7492199999999998,104118,9387,22647.0,8195,923,3388.0
2020-04-02,spain,,40.463667,-3.7492199999999998,112065,10348,26743.0,7947,961,4096.0
2020-04-03,spain,,40.463667,-3.7492199999999998,119199,11198,30513.0,7134,850,3770.0
2020-04-04,spain,,40.463667,-3.7492199999999998,126168,11947,34219.0,6969,749,3706.0
2020-04-05,spain,,40.463667,-3.7492199999999998,131646,12641,38080.0,5478,694,3861.0
2020-04-06,spain,,40.463667,-3.7492199999999998,136675,13341,40437.0,5029,700,2357.0
2020-04-07,spain,,40.463667,-3.7492199999999998,141942,14045,43208.0,5267,704,2771.0
2020-04-08,spain,,40.463667,-3.7492199999999998,148220,14792,48021.0,6278,747,4813.0
2020-04-09,spain,,40.463667,-3.7492199999999998,153222,15447,52165.0,5002,655,4144.0
2020-04-10,spain,,40.463667,-3.7492199999999998,158273,16081,55668.0,5051,634,3503.0
2020-04-11,spain,,40.463667,-3.7492199999999998,163027,16606,59109.0,4754,525,3441.0
2020-04-12,spain,,40.463667,-3.7492199999999998,166831,17209,62391.0,3804,603,3282.0
2020-04-13,spain,,40.463667,-3.7492199999999998,170099,17756,64727.0,3268,547,2336.0
2020-04-14,spain,,40.463667,-3.7492199999999998,172541,18056,67504.0,2442,300,2777.0
2020-04-15,spain,,40.463667,-3.7492199999999998,177644,18708,70853.0,5103,652,3349.0
2020-04-16,spain,,40.463667,-3.7492199999999998,184948,19315,74797.0,7304,607,3944.0
2020-04-17,spain,,40.463667,-3.7492199999999998,190839,20002,74797.0,5891,687,0.0
2020-04-18,spain,,40.463667,-3.7492199999999998,191726,20043,74797.0,887,41,0.0
2020-04-19,spain,,40.463667,-3.7492199999999998,198674,20453,77357.0,6948,410,2560.0
2020-04-20,spain,,40.463667,-3.7492199999999998,200210,20852,80587.0,1536,399,3230.0
2020-04-21,spain,,40.463667,-3.7492199999999998,204178,21282,82514.0,3968,430,1927.0
2020-04-22,spain,,40.463667,-3.7492199999999998,208389,21717,85915.0,4211,435,3401.0
2020-04-23,spain,,40.463667,-3.7492199999999998,213024,22157,89250.0,4635,440,3335.0
2020-04-24,spain,,40.463667,-3.7492199999999998,202990,22524,92355.0,-10034,367,3105.0
2020-04-25,spain,,40.463667,-3.7492199999999998,205905,22902,95708.0,2915,378,3353.0
2020-04-26,spain,,40.463667,-3.7492199999999998,207634,23190,98372.0,1729,288,2664.0
2020-04-27,spain,,40.463667,-3.7492199999999998,209465,23521,100875.0,1831,331,2503.0
2020-04-28,spain,,40.463667,-3.7492199999999998,210773,23822,102548.0,1308,301,1673.0
2020-04-29,spain,,40.463667,-3.7492199999999998,212917,24275,108947.0,2144,453,6399.0
2020-04-30,spain,,40.463667,-3.7492199999999998,213435,24543,112050.0,518,268,3103.0
2020-05-01,spain,,40.463667,-3.7492199999999998,215216,24543,112050.0,1781,0,0.0
2020-05-02,spain,,40.463667,-3.7492199999999998,216582,25100,117248.0,1366,557,5198.0
2020-05-03,spain,,40.463667,-3.7492199999999998,217466,25264,118902.0,884,164,1654.0
2020-05-04,spain,,40.463667,-3.7492199999999998,218011,25428,121343.0,545,164,2441.0
2020-05-05,spain,,40.463667,-3.7492199999999998,219329,25613,123486.0,1318,185,2143.0
2020-05-06,spain,,40.463667,-3.7492199999999998,220325,25857,126002.0,996,244,2516.0
2020-05-07,spain,,40.463667,-3.7492199999999998,221447,26070,128511.0,1122,213,2509.0
2020-05-08,spain,,40.463667,-3.7492199999999998,222857,26299,131148.0,1410,229,2637.0
2020-05-09,spain,,40.463667,-3.7492199999999998,223578,26478,133952.0,721,179,2804.0
2020-05-10,spain,,40.463667,-3.7492199999999998,224350,26621,136166.0,772,143,2214.0
2020-05-11,spain,,40.463667,-3.7492199999999998,227436,26744,137139.0,3086,123,973.0
2020-05-12,spain,,40.463667,-3.7492199999999998,228030,26920,138980.0,594,176,1841.0
2020-05-13,spain,,40.463667,-3.7492199999999998,228691,27104,140823.0,661,184,1843.0
2020-05-14,spain,,40.463667,-3.7492199999999998,229540,27321,143374.0,849,217,2551.0
2020-05-15,spain,,40.463667,-3.7492199999999998,230183,27459,144783.0,643,138,1409.0
2020-05-16,spain,,40.463667,-3.7492199999999998,230698,27563,146446.0,515,104,1663.0
2020-05-17,spain,,40.463667,-3.7492199999999998,230698,27563,146446.0,0,0,0.0
2020-05-18,spain,,40.463667,-3.7492199999999998,231606,27709,150376.0,908,146,3930.0
2020-05-19,spain,,40.463667,-3.7492199999999998,232037,27778,150376.0,431,69,0.0
2020-05-20,spain,,40.463667,-3.7492199999999998,232555,27888,150376.0,518,110,0.0
2020-05-21,spain,,40.463667,-3.7492199999999998,233037,27940,150376.0,482,52,0.0
2020-05-22,spain,,40.463667,-3.7492199999999998,234824,28628,150376.0,1787,688,0.0
2020-05-23,spain,,40.463667,-3.7492199999999998,235290,28678,150376.0,466,50,0.0
2020-05-24,spain,,40.463667,-3.7492199999999998,235772,28752,150376.0,482,74,0.0
2020-05-25,spain,,40.463667,-3.7492199999999998,235400,26834,150376.0,-372,-1918,0.0
2020-05-26,spain,,40.463667,-3.7492199999999998,236259,27117,150376.0,859,283,0.0
2020-05-27,spain,,40.463667,-3.7492199999999998,236259,27117,150376.0,0,0,0.0
2020-05-28,spain,,40.463667,-3.7492199999999998,237906,27119,150376.0,1647,2,0.0
2020-05-29,spain,,40.463667,-3.7492199999999998,238564,27121,150376.0,658,2,0.0
2020-05-30,spain,,40.463667,-3.7492199999999998,239228,27125,150376.0,664,4,0.0
2020-05-31,spain,,40.463667,-3.7492199999999998,239479,27127,150376.0,251,2,0.0
2020-06-01,spain,,40.463667,-3.7492199999999998,239638,27127,150376.0,159,0,0.0
2020-06-02,spain,,40.463667,-3.7492199999999998,239932,27127,150376.0,294,0,0.0
2020-06-03,spain,,40.463667,-3.7492199999999998,240326,27128,150376.0,394,1,0.0
2020-06-04,spain,,40.463667,-3.7492199999999998,240660,27133,150376.0,334,5,0.0
2020-06-05,spain,,40.463667,-3.7492199999999998,240978,27134,150376.0,318,1,0.0
2020-06-06,spain,,40.463667,-3.7492199999999998,241310,27135,150376.0,332,1,0.0
2020-06-07,spain,,40.463667,-3.7492199999999998,241550,27136,150376.0,240,1,0.0
2020-06-08,spain,,40.463667,-3.7492199999999998,241717,27136,150376.0,167,0,0.0
2020-06-09,spain,,40.463667,-3.7492199999999998,241966,27136,150376.0,249,0,0.0
2020-06-10,spain,,40.463667,-3.7492199999999998,242280,27136,150376.0,314,0,0.0
2020-06-11,spain,,40.463667,-3.7492199999999998,242707,27136,150376.0,427,0,0.0
2020-06-12,spain,,40.463667,-3.7492199999999998,243209,27136,150376.0,502,0,0.0
2020-06-13,spain,,40.463667,-3.7492199999999998,243605,27136,150376.0,396,0,0.0
2020-06-14,spain,,40.463667,-3.7492199999999998,243928,27136,150376.0,323,0,0.0
2020-06-15,spain,,40.463667,-3.7492199999999998,244109,27136,150376.0,181,0,0.0
2020-06-16,spain,,40.463667,-3.7492199999999998,244328,27136,150376.0,219,0,0.0
2020-06-17,spain,,40.463667,-3.7492199999999998,244683,27136,150376.0,355,0,0.0
2020-06-18,spain,,40.463667,-3.7492199999999998,245268,27136,150376.0,585,0,0.0
2020-06-19,spain,,40.463667,-3.7492199999999998,245575,28315,150376.0,307,1179,0.0
2020-06-20,spain,,40.463667,-3.7492199999999998,245938,28322,150376.0,363,7,0.0
2020-06-21,spain,,40.463667,-3.7492199999999998,246272,28323,150376.0,334,1,0.0
2020-06-22,spain,,40.463667,-3.7492199999999998,246504,28324,150376.0,232,1,0.0
2020-06-23,spain,,40.463667,-3.7492199999999998,246752,28325,150376.0,248,1,0.0
2020-06-24,spain,,40.463667,-3.7492199999999998,247086,28327,150376.0,334,2,0.0
2020-06-25,spain,,40.463667,-3.7492199999999998,247486,28330,150376.0,400,3,0.0
2020-06-26,spain,,40.463667,-3.7492199999999998,247905,28338,150376.0,419,8,0.0
2020-06-27,spain,,40.463667,-3.7492199999999998,248469,28341,150376.0,564,3,0.0
2020-06-28,spain,,40.463667,-3.7492199999999998,248770,28343,150376.0,301,2,0.0
2020-06-29,spain,,40.463667,-3.7492199999999998,248970,28346,150376.0,200,3,0.0
2020-06-30,spain,,40.463667,-3.7492199999999998,249271,28355,150376.0,301,9,0.0
2020-07-01,spain,,40.463667,-3.7492199999999998,249659,28364,150376.0,388,9,0.0
2020-07-02,spain,,40.463667,-3.7492199999999998,250103,28368,150376.0,444,4,0.0
2020-07-03,spain,,40.463667,-3.7492199999999998,250545,28385,150376.0,442,17,0.0
2020-07-04,spain,,40.463667,-3.7492199999999998,250545,28385,150376.0,0,0,0.0
2020-07-05,spain,,40.463667,-3.7492199999999998,250545,28385,150376.0,0,0,0.0
2020-07-06,spain,,40.463667,-3.7492199999999998,251789,28388,150376.0,1244,3,0.0
2020-07-07,spain,,40.463667,-3.7492199999999998,252130,28392,150376.0,341,4,0.0
2020-07-08,spain,,40.463667,-3.7492199999999998,252513,28396,150376.0,383,4,0.0
2020-07-09,spain,,40.463667,-3.7492199999999998,253056,28401,150376.0,543,5,0.0
2020-07-10,spain,,40.463667,-3.7492199999999998,253908,28403,150376.0,852,2,0.0
2020-07-11,spain,,40.463667,-3.7492199999999998,253908,28403,150376.0,0,0,0.0
2020-07-12,spain,,40.463667,-3.7492199999999998,253908,28403,150376.0,0,0,0.0
2020-07-13,spain,,40.463667,-3.7492199999999998,255953,28406,150376.0,2045,3,0.0
2020-07-14,spain,,40.463667,-3.7492199999999998,256619,28409,150376.0,666,3,0.0
2020-07-15,spain,,40.463667,-3.7492199999999998,257494,28413,150376.0,875,4,0.0
2020-07-16,spain,,40.463667,-3.7492199999999998,258855,28416,150376.0,1361,3,0.0
2020-07-17,spain,,40.463667,-3.7492199999999998,260255,28420,150376.0,1400,4,0.0
2020-07-18,spain,,40.463667,-3.7492199999999998,260255,28420,150376.0,0,0,0.0
2020-07-19,spain,,40.463667,-3.7492199999999998,260255,28420,150376.0,0,0,0.0
2020-07-20,spain,,40.463667,-3.7492199999999998,264836,28422,150376.0,4581,2,0.0
2020-07-21,spain,,40.463667,-3.7492199999999998,266194,28424,150376.0,1358,2,0.0
2020-07-22,spain,,40.463667,-3.7492199999999998,267551,28426,150376.0,1357,2,0.0
2020-07-23,spain,,40.463667,-3.7492199999999998,270166,28429,150376.0,2615,3,0.0
2020-07-24,spain,,40.463667,-3.7492199999999998,272421,28432,150376.0,2255,3,0.0
2020-07-25,spain,,40.463667,-3.7492199999999998,272421,28432,150376.0,0,0,0.0
2020-07-26,spain,,40.463667,-3.7492199999999998,272421,28432,150376.0,0,0,0.0
2020-07-27,spain,,40.463667,-3.7492199999999998,278782,28434,150376.0,6361,2,0.0
2020-07-28,spain,,40.463667,-3.7492199999999998,280610,28436,150376.0,1828,2,0.0
2020-07-29,spain,,40.463667,-3.7492199999999998,282641,28441,150376.0,2031,5,0.0
2020-07-30,spain,,40.463667,-3.7492199999999998,285430,28443,150376.0,2789,2,0.0
2020-07-31,spain,,40.463667,-3.7492199999999998,288522,28445,150376.0,3092,2,0.0
