date,country,state,lat,long,confirmed,deaths,recovered,confirmed_new,deaths_new,recovered_new
2020-01-22,sri-lanka,,7.873054,80.77179699999998,0,0,0.0,0,0,0.0
2020-01-23,sri-lanka,,7.873054,80.77179699999998,0,0,0.0,0,0,0.0
2020-01-24,sri-lanka,,7.873054,80.77179699999998,0,0,0.0,0,0,0.0
2020-01-25,sri-lanka,,7.873054,80.77179699999998,0,0,0.0,0,0,0.0
2020-01-26,sri-lanka,,7.873054,80.77179699999998,0,0,0.0,0,0,0.0
2020-01-27,sri-lanka,,7.873054,80.77179699999998,1,0,0.0,1,0,0.0
2020-01-28,sri-lanka,,7.873054,80.77179699999998,1,0,0.0,0,0,0.0
2020-01-29,sri-lanka,,7.873054,80.77179699999998,1,0,0.0,0,0,0.0
2020-01-30,sri-lanka,,7.873054,80.77179699999998,1,0,0.0,0,0,0.0
2020-01-31,sri-lanka,,7.873054,80.77179699999998,1,0,0.0,0,0,0.0
2020-02-01,sri-lanka,,7.873054,80.77179699999998,1,0,0.0,0,0,0.0
2020-02-02,sri-lanka,,7.873054,80.77179699999998,1,0,0.0,0,0,0.0
2020-02-03,sri-lanka,,7.873054,80.77179699999998,1,0,0.0,0,0,0.0
2020-02-04,sri-lanka,,7.873054,80.77179699999998,1,0,0.0,0,0,0.0
2020-02-05,sri-lanka,,7.873054,80.77179699999998,1,0,0.0,0,0,0.0
2020-02-06,sri-lanka,,7.873054,80.77179699999998,1,0,0.0,0,0,0.0
2020-02-07,sri-lanka,,7.873054,80.77179699999998,1,0,0.0,0,0,0.0
2020-02-08,sri-lanka,,7.873054,80.77179699999998,1,0,1.0,0,0,1.0
2020-02-09,sri-lanka,,7.873054,80.77179699999998,1,0,1.0,0,0,0.0
2020-02-10,sri-lanka,,7.873054,80.77179699999998,1,0,1.0,0,0,0.0
2020-02-11,sri-lanka,,7.873054,80.77179699999998,1,0,1.0,0,0,0.0
2020-02-12,sri-lanka,,7.873054,80.77179699999998,1,0,1.0,0,0,0.0
2020-02-13,sri-lanka,,7.873054,80.77179699999998,1,0,1.0,0,0,0.0
2020-02-14,sri-lanka,,7.873054,80.77179699999998,1,0,1.0,0,0,0.0
2020-02-15,sri-lanka,,7.873054,80.77179699999998,1,0,1.0,0,0,0.0
2020-02-16,sri-lanka,,7.873054,80.77179699999998,1,0,1.0,0,0,0.0
2020-02-17,sri-lanka,,7.873054,80.77179699999998,1,0,1.0,0,0,0.0
2020-02-18,sri-lanka,,7.873054,80.77179699999998,1,0,1.0,0,0,0.0
2020-02-19,sri-lanka,,7.873054,80.77179699999998,1,0,1.0,0,0,0.0
2020-02-20,sri-lanka,,7.873054,80.77179699999998,1,0,1.0,0,0,0.0
2020-02-21,sri-lanka,,7.873054,80.77179699999998,1,0,1.0,0,0,0.0
2020-02-22,sri-lanka,,7.873054,80.77179699999998,1,0,1.0,0,0,0.0
2020-02-23,sri-lanka,,7.873054,80.77179699999998,1,0,1.0,0,0,0.0
2020-02-24,sri-lanka,,7.873054,80.77179699999998,1,0,1.0,0,0,0.0
2020-02-25,sri-lanka,,7.873054,80.77179699999998,1,0,1.0,0,0,0.0
2020-02-26,sri-lanka,,7.873054,80.77179699999998,1,0,1.0,0,0,0.0
2020-02-27,sri-lanka,,7.873054,80.77179699999998,1,0,1.0,0,0,0.0
2020-02-28,sri-lanka,,7.873054,80.77179699999998,1,0,1.0,0,0,0.0
2020-02-29,sri-lanka,,7.873054,80.77179699999998,1,0,1.0,0,0,0.0
2020-03-01,sri-lanka,,7.873054,80.77179699999998,1,0,1.0,0,0,0.0
2020-03-02,sri-lanka,,7.873054,80.77179699999998,1,0,1.0,0,0,0.0
2020-03-03,sri-lanka,,7.873054,80.77179699999998,1,0,1.0,0,0,0.0
2020-03-04,sri-lanka,,7.873054,80.77179699999998,1,0,1.0,0,0,0.0
2020-03-05,sri-lanka,,7.873054,80.77179699999998,1,0,1.0,0,0,0.0
2020-03-06,sri-lanka,,7.873054,80.77179699999998,1,0,1.0,0,0,0.0
2020-03-07,sri-lanka,,7.873054,80.77179699999998,1,0,1.0,0,0,0.0
2020-03-08,sri-lanka,,7.873054,80.77179699999998,1,0,1.0,0,0,0.0
2020-03-09,sri-lanka,,7.873054,80.77179699999998,1,0,1.0,0,0,0.0
2020-03-10,sri-lanka,,7.873054,80.77179699999998,1,0,1.0,0,0,0.0
2020-03-11,sri-lanka,,7.873054,80.77179699999998,2,0,1.0,1,0,0.0
2020-03-12,sri-lanka,,7.873054,80.77179699999998,2,0,1.0,0,0,0.0
2020-03-13,sri-lanka,,7.873054,80.77179699999998,6,0,1.0,4,0,0.0
2020-03-14,sri-lanka,,7.873054,80.77179699999998,10,0,1.0,4,0,0.0
2020-03-15,sri-lanka,,7.873054,80.77179699999998,18,0,1.0,8,0,0.0
2020-03-16,sri-lanka,,7.873054,80.77179699999998,28,0,1.0,10,0,0.0
2020-03-17,sri-lanka,,7.873054,80.77179699999998,44,0,1.0,16,0,0.0
2020-03-18,sri-lanka,,7.873054,80.77179699999998,51,0,1.0,7,0,0.0
2020-03-19,sri-lanka,,7.873054,80.77179699999998,60,0,3.0,9,0,2.0
2020-03-20,sri-lanka,,7.873054,80.77179699999998,73,0,3.0,13,0,0.0
2020-03-21,sri-lanka,,7.873054,80.77179699999998,77,0,1.0,4,0,-2.0
2020-03-22,sri-lanka,,7.873054,80.77179699999998,82,0,3.0,5,0,2.0
2020-03-23,sri-lanka,,7.873054,80.77179699999998,97,0,3.0,15,0,0.0
2020-03-24,sri-lanka,,7.873054,80.77179699999998,102,0,2.0,5,0,-1.0
2020-03-25,sri-lanka,,7.873054,80.77179699999998,102,0,3.0,0,0,1.0
2020-03-26,sri-lanka,,7.873054,80.77179699999998,106,0,7.0,4,0,4.0
2020-03-27,sri-lanka,,7.873054,80.77179699999998,106,0,7.0,0,0,0.0
2020-03-28,sri-lanka,,7.873054,80.77179699999998,113,1,9.0,7,1,2.0
2020-03-29,sri-lanka,,7.873054,80.77179699999998,117,1,11.0,4,0,2.0
2020-03-30,sri-lanka,,7.873054,80.77179699999998,122,2,15.0,5,1,4.0
2020-03-31,sri-lanka,,7.873054,80.77179699999998,143,2,17.0,21,0,2.0
2020-04-01,sri-lanka,,7.873054,80.77179699999998,146,3,21.0,3,1,4.0
2020-04-02,sri-lanka,,7.873054,80.77179699999998,151,4,21.0,5,1,0.0
2020-04-03,sri-lanka,,7.873054,80.77179699999998,159,4,24.0,8,0,3.0
2020-04-04,sri-lanka,,7.873054,80.77179699999998,166,5,27.0,7,1,3.0
2020-04-05,sri-lanka,,7.873054,80.77179699999998,176,5,33.0,10,0,6.0
2020-04-06,sri-lanka,,7.873054,80.77179699999998,178,5,38.0,2,0,5.0
2020-04-07,sri-lanka,,7.873054,80.77179699999998,185,6,42.0,7,1,4.0
2020-04-08,sri-lanka,,7.873054,80.77179699999998,189,7,44.0,4,1,2.0
2020-04-09,sri-lanka,,7.873054,80.77179699999998,190,7,49.0,1,0,5.0
2020-04-10,sri-lanka,,7.873054,80.77179699999998,190,7,54.0,0,0,5.0
2020-04-11,sri-lanka,,7.873054,80.77179699999998,198,7,54.0,8,0,0.0
2020-04-12,sri-lanka,,7.873054,80.77179699999998,210,7,56.0,12,0,2.0
2020-04-13,sri-lanka,,7.873054,80.77179699999998,217,7,56.0,7,0,0.0
2020-04-14,sri-lanka,,7.873054,80.77179699999998,233,7,61.0,16,0,5.0
2020-04-15,sri-lanka,,7.873054,80.77179699999998,238,7,63.0,5,0,2.0
2020-04-16,sri-lanka,,7.873054,80.77179699999998,238,7,68.0,0,0,5.0
2020-04-17,sri-lanka,,7.873054,80.77179699999998,244,7,77.0,6,0,9.0
2020-04-18,sri-lanka,,7.873054,80.77179699999998,254,7,86.0,10,0,9.0
2020-04-19,sri-lanka,,7.873054,80.77179699999998,271,7,96.0,17,0,10.0
2020-04-20,sri-lanka,,7.873054,80.77179699999998,304,7,98.0,33,0,2.0
2020-04-21,sri-lanka,,7.873054,80.77179699999998,310,7,102.0,6,0,4.0
2020-04-22,sri-lanka,,7.873054,80.77179699999998,330,7,105.0,20,0,3.0
2020-04-23,sri-lanka,,7.873054,80.77179699999998,368,7,107.0,38,0,2.0
2020-04-24,sri-lanka,,7.873054,80.77179699999998,420,7,109.0,52,0,2.0
2020-04-25,sri-lanka,,7.873054,80.77179699999998,460,7,118.0,40,0,9.0
2020-04-26,sri-lanka,,7.873054,80.77179699999998,523,7,120.0,63,0,2.0
2020-04-27,sri-lanka,,7.873054,80.77179699999998,588,7,126.0,65,0,6.0
2020-04-28,sri-lanka,,7.873054,80.77179699999998,619,7,134.0,31,0,8.0
2020-04-29,sri-lanka,,7.873054,80.77179699999998,649,7,136.0,30,0,2.0
2020-04-30,sri-lanka,,7.873054,80.77179699999998,663,7,154.0,14,0,18.0
2020-05-01,sri-lanka,,7.873054,80.77179699999998,690,7,162.0,27,0,8.0
2020-05-02,sri-lanka,,7.873054,80.77179699999998,705,7,172.0,15,0,10.0
2020-05-03,sri-lanka,,7.873054,80.77179699999998,718,7,184.0,13,0,12.0
2020-05-04,sri-lanka,,7.873054,80.77179699999998,751,8,194.0,33,1,10.0
2020-05-05,sri-lanka,,7.873054,80.77179699999998,771,9,213.0,20,1,19.0
2020-05-06,sri-lanka,,7.873054,80.77179699999998,797,9,215.0,26,0,2.0
2020-05-07,sri-lanka,,7.873054,80.77179699999998,824,9,232.0,27,0,17.0
2020-05-08,sri-lanka,,7.873054,80.77179699999998,835,9,240.0,11,0,8.0
2020-05-09,sri-lanka,,7.873054,80.77179699999998,847,9,260.0,12,0,20.0
2020-05-10,sri-lanka,,7.873054,80.77179699999998,863,9,321.0,16,0,61.0
2020-05-11,sri-lanka,,7.873054,80.77179699999998,869,9,343.0,6,0,22.0
2020-05-12,sri-lanka,,7.873054,80.77179699999998,889,9,366.0,20,0,23.0
2020-05-13,sri-lanka,,7.873054,80.77179699999998,915,9,382.0,26,0,16.0
2020-05-14,sri-lanka,,7.873054,80.77179699999998,925,9,445.0,10,0,63.0
2020-05-15,sri-lanka,,7.873054,80.77179699999998,935,9,477.0,10,0,32.0
2020-05-16,sri-lanka,,7.873054,80.77179699999998,960,9,520.0,25,0,43.0
2020-05-17,sri-lanka,,7.873054,80.77179699999998,981,9,538.0,21,0,18.0
2020-05-18,sri-lanka,,7.873054,80.77179699999998,992,9,559.0,11,0,21.0
2020-05-19,sri-lanka,,7.873054,80.77179699999998,1027,9,569.0,35,0,10.0
2020-05-20,sri-lanka,,7.873054,80.77179699999998,1028,9,584.0,1,0,15.0
2020-05-21,sri-lanka,,7.873054,80.77179699999998,1055,9,604.0,27,0,20.0
2020-05-22,sri-lanka,,7.873054,80.77179699999998,1068,9,620.0,13,0,16.0
2020-05-23,sri-lanka,,7.873054,80.77179699999998,1089,9,660.0,21,0,40.0
2020-05-24,sri-lanka,,7.873054,80.77179699999998,1141,9,674.0,52,0,14.0
2020-05-25,sri-lanka,,7.873054,80.77179699999998,1182,10,695.0,41,1,21.0
2020-05-26,sri-lanka,,7.873054,80.77179699999998,1319,10,712.0,137,0,17.0
2020-05-27,sri-lanka,,7.873054,80.77179699999998,1469,10,732.0,150,0,20.0
2020-05-28,sri-lanka,,7.873054,80.77179699999998,1530,10,745.0,61,0,13.0
2020-05-29,sri-lanka,,7.873054,80.77179699999998,1558,10,754.0,28,0,9.0
2020-05-30,sri-lanka,,7.873054,80.77179699999998,1620,10,781.0,62,0,27.0
2020-05-31,sri-lanka,,7.873054,80.77179699999998,1633,10,801.0,13,0,20.0
2020-06-01,sri-lanka,,7.873054,80.77179699999998,1643,11,811.0,10,1,10.0
2020-06-02,sri-lanka,,7.873054,80.77179699999998,1683,11,823.0,40,0,12.0
2020-06-03,sri-lanka,,7.873054,80.77179699999998,1749,11,836.0,66,0,13.0
2020-06-04,sri-lanka,,7.873054,80.77179699999998,1797,11,839.0,48,0,3.0
2020-06-05,sri-lanka,,7.873054,80.77179699999998,1801,11,858.0,4,0,19.0
2020-06-06,sri-lanka,,7.873054,80.77179699999998,1814,11,891.0,13,0,33.0
2020-06-07,sri-lanka,,7.873054,80.77179699999998,1835,11,941.0,21,0,50.0
2020-06-08,sri-lanka,,7.873054,80.77179699999998,1857,11,990.0,22,0,49.0
2020-06-09,sri-lanka,,7.873054,80.77179699999998,1859,11,1057.0,2,0,67.0
2020-06-10,sri-lanka,,7.873054,80.77179699999998,1869,11,1122.0,10,0,65.0
2020-06-11,sri-lanka,,7.873054,80.77179699999998,1877,11,1150.0,8,0,28.0
2020-06-12,sri-lanka,,7.873054,80.77179699999998,1880,11,1196.0,3,0,46.0
2020-06-13,sri-lanka,,7.873054,80.77179699999998,1884,11,1252.0,4,0,56.0
2020-06-14,sri-lanka,,7.873054,80.77179699999998,1889,11,1287.0,5,0,35.0
2020-06-15,sri-lanka,,7.873054,80.77179699999998,1905,11,1342.0,16,0,55.0
2020-06-16,sri-lanka,,7.873054,80.77179699999998,1915,11,1371.0,10,0,29.0
2020-06-17,sri-lanka,,7.873054,80.77179699999998,1924,11,1397.0,9,0,26.0
2020-06-18,sri-lanka,,7.873054,80.77179699999998,1947,11,1421.0,23,0,24.0
2020-06-19,sri-lanka,,7.873054,80.77179699999998,1950,11,1446.0,3,0,25.0
2020-06-20,sri-lanka,,7.873054,80.77179699999998,1950,11,1472.0,0,0,26.0
2020-06-21,sri-lanka,,7.873054,80.77179699999998,1950,11,1498.0,0,0,26.0
2020-06-22,sri-lanka,,7.873054,80.77179699999998,1951,11,1526.0,1,0,28.0
2020-06-23,sri-lanka,,7.873054,80.77179699999998,1991,11,1548.0,40,0,22.0
2020-06-24,sri-lanka,,7.873054,80.77179699999998,2001,11,1562.0,10,0,14.0
2020-06-25,sri-lanka,,7.873054,80.77179699999998,2010,11,1602.0,9,0,40.0
2020-06-26,sri-lanka,,7.873054,80.77179699999998,2014,11,1619.0,4,0,17.0
2020-06-27,sri-lanka,,7.873054,80.77179699999998,2033,11,1639.0,19,0,20.0
2020-06-28,sri-lanka,,7.873054,80.77179699999998,2037,11,1661.0,4,0,22.0
2020-06-29,sri-lanka,,7.873054,80.77179699999998,2039,11,1678.0,2,0,17.0
2020-06-30,sri-lanka,,7.873054,80.77179699999998,2047,11,1711.0,8,0,33.0
2020-07-01,sri-lanka,,7.873054,80.77179699999998,2054,11,1748.0,7,0,37.0
2020-07-02,sri-lanka,,7.873054,80.77179699999998,2066,11,1827.0,12,0,79.0
2020-07-03,sri-lanka,,7.873054,80.77179699999998,2069,11,1863.0,3,0,36.0
2020-07-04,sri-lanka,,7.873054,80.77179699999998,2074,11,1885.0,5,0,22.0
2020-07-05,sri-lanka,,7.873054,80.77179699999998,2076,11,1903.0,2,0,18.0
2020-07-06,sri-lanka,,7.873054,80.77179699999998,2077,11,1917.0,1,0,14.0
2020-07-07,sri-lanka,,7.873054,80.77179699999998,2081,11,1955.0,4,0,38.0
2020-07-08,sri-lanka,,7.873054,80.77179699999998,2094,11,1967.0,13,0,12.0
2020-07-09,sri-lanka,,7.873054,80.77179699999998,2154,11,1979.0,60,0,12.0
2020-07-10,sri-lanka,,7.873054,80.77179699999998,2454,11,1980.0,300,0,1.0
2020-07-11,sri-lanka,,7.873054,80.77179699999998,2511,11,1980.0,57,0,0.0
2020-07-12,sri-lanka,,7.873054,80.77179699999998,2617,11,1981.0,106,0,1.0
2020-07-13,sri-lanka,,7.873054,80.77179699999998,2646,11,1981.0,29,0,0.0
2020-07-14,sri-lanka,,7.873054,80.77179699999998,2665,11,1988.0,19,0,7.0
2020-07-15,sri-lanka,,7.873054,80.77179699999998,2671,11,2001.0,6,0,13.0
2020-07-16,sri-lanka,,7.873054,80.77179699999998,2687,11,2007.0,16,0,6.0
2020-07-17,sri-lanka,,7.873054,80.77179699999998,2697,11,2012.0,10,0,5.0
2020-07-18,sri-lanka,,7.873054,80.77179699999998,2703,11,2023.0,6,0,11.0
2020-07-19,sri-lanka,,7.873054,80.77179699999998,2724,11,2035.0,21,0,12.0
2020-07-20,sri-lanka,,7.873054,80.77179699999998,2730,11,2041.0,6,0,6.0
2020-07-21,sri-lanka,,7.873054,80.77179699999998,2730,11,2048.0,0,0,7.0
2020-07-22,sri-lanka,,7.873054,80.77179699999998,2752,11,2064.0,22,0,16.0
2020-07-23,sri-lanka,,7.873054,80.77179699999998,2753,11,2077.0,1,0,13.0
2020-07-24,sri-lanka,,7.873054,80.77179699999998,2764,11,2094.0,11,0,17.0
2020-07-25,sri-lanka,,7.873054,80.77179699999998,2770,11,2103.0,6,0,9.0
2020-07-26,sri-lanka,,7.873054,80.77179699999998,2782,11,2106.0,12,0,3.0
2020-07-27,sri-lanka,,7.873054,80.77179699999998,2805,11,2121.0,23,0,15.0
2020-07-28,sri-lanka,,7.873054,80.77179699999998,2810,11,2296.0,5,0,175.0
2020-07-29,sri-lanka,,7.873054,80.77179699999998,2810,11,2317.0,0,0,21.0
2020-07-30,sri-lanka,,7.873054,80.77179699999998,2814,11,2333.0,4,0,16.0
2020-07-31,sri-lanka,,7.873054,80.77179699999998,2815,11,2391.0,1,0,58.0
