date,country,state,lat,long,confirmed,deaths,recovered,confirmed_new,deaths_new,recovered_new
2020-01-22,sudan,,12.8628,30.2176,0,0,0.0,0,0,0.0
2020-01-23,sudan,,12.8628,30.2176,0,0,0.0,0,0,0.0
2020-01-24,sudan,,12.8628,30.2176,0,0,0.0,0,0,0.0
2020-01-25,sudan,,12.8628,30.2176,0,0,0.0,0,0,0.0
2020-01-26,sudan,,12.8628,30.2176,0,0,0.0,0,0,0.0
2020-01-27,sudan,,12.8628,30.2176,0,0,0.0,0,0,0.0
2020-01-28,sudan,,12.8628,30.2176,0,0,0.0,0,0,0.0
2020-01-29,sudan,,12.8628,30.2176,0,0,0.0,0,0,0.0
2020-01-30,sudan,,12.8628,30.2176,0,0,0.0,0,0,0.0
2020-01-31,sudan,,12.8628,30.2176,0,0,0.0,0,0,0.0
2020-02-01,sudan,,12.8628,30.2176,0,0,0.0,0,0,0.0
2020-02-02,sudan,,12.8628,30.2176,0,0,0.0,0,0,0.0
2020-02-03,sudan,,12.8628,30.2176,0,0,0.0,0,0,0.0
2020-02-04,sudan,,12.8628,30.2176,0,0,0.0,0,0,0.0
2020-02-05,sudan,,12.8628,30.2176,0,0,0.0,0,0,0.0
2020-02-06,sudan,,12.8628,30.2176,0,0,0.0,0,0,0.0
2020-02-07,sudan,,12.8628,30.2176,0,0,0.0,0,0,0.0
2020-02-08,sudan,,12.8628,30.2176,0,0,0.0,0,0,0.0
2020-02-09,sudan,,12.8628,30.2176,0,0,0.0,0,0,0.0
2020-02-10,sudan,,12.8628,30.2176,0,0,0.0,0,0,0.0
2020-02-11,sudan,,12.8628,30.2176,0,0,0.0,0,0,0.0
2020-02-12,sudan,,12.8628,30.2176,0,0,0.0,0,0,0.0
2020-02-13,sudan,,12.8628,30.2176,0,0,0.0,0,0,0.0
2020-02-14,sudan,,12.8628,30.2176,0,0,0.0,0,0,0.0
2020-02-15,sudan,,12.8628,30.2176,0,0,0.0,0,0,0.0
2020-02-16,sudan,,12.8628,30.2176,0,0,0.0,0,0,0.0
2020-02-17,sudan,,12.8628,30.2176,0,0,0.0,0,0,0.0
2020-02-18,sudan,,12.8628,30.2176,0,0,0.0,0,0,0.0
2020-02-19,sudan,,12.8628,30.2176,0,0,0.0,0,0,0.0
2020-02-20,sudan,,12.8628,30.2176,0,0,0.0,0,0,0.0
2020-02-21,sudan,,12.8628,30.2176,0,0,0.0,0,0,0.0
2020-02-22,sudan,,12.8628,30.2176,0,0,0.0,0,0,0.0
2020-02-23,sudan,,12.8628,30.2176,0,0,0.0,0,0,0.0
2020-02-24,sudan,,12.8628,30.2176,0,0,0.0,0,0,0.0
2020-02-25,sudan,,12.8628,30.2176,0,0,0.0,0,0,0.0
2020-02-26,sudan,,12.8628,30.2176,0,0,0.0,0,0,0.0
2020-02-27,sudan,,12.8628,30.2176,0,0,0.0,0,0,0.0
2020-02-28,sudan,,12.8628,30.2176,0,0,0.0,0,0,0.0
2020-02-29,sudan,,12.8628,30.2176,0,0,0.0,0,0,0.0
2020-03-01,sudan,,12.8628,30.2176,0,0,0.0,0,0,0.0
2020-03-02,sudan,,12.8628,30.2176,0,0,0.0,0,0,0.0
2020-03-03,sudan,,12.8628,30.2176,0,0,0.0,0,0,0.0
2020-03-04,sudan,,12.8628,30.2176,0,0,0.0,0,0,0.0
2020-03-05,sudan,,12.8628,30.2176,0,0,0.0,0,0,0.0
2020-03-06,sudan,,12.8628,30.2176,0,0,0.0,0,0,0.0
2020-03-07,sudan,,12.8628,30.2176,0,0,0.0,0,0,0.0
2020-03-08,sudan,,12.8628,30.2176,0,0,0.0,0,0,0.0
2020-03-09,sudan,,12.8628,30.2176,0,0,0.0,0,0,0.0
2020-03-10,sudan,,12.8628,30.2176,0,0,0.0,0,0,0.0
2020-03-11,sudan,,12.8628,30.2176,0,0,0.0,0,0,0.0
2020-03-12,sudan,,12.8628,30.2176,0,0,0.0,0,0,0.0
2020-03-13,sudan,,12.8628,30.2176,1,1,0.0,1,1,0.0
2020-03-14,sudan,,12.8628,30.2176,1,1,0.0,0,0,0.0
2020-03-15,sudan,,12.8628,30.2176,1,1,0.0,0,0,0.0
2020-03-16,sudan,,12.8628,30.2176,1,1,0.0,0,0,0.0
2020-03-17,sudan,,12.8628,30.2176,1,1,0.0,0,0,0.0
2020-03-18,sudan,,12.8628,30.2176,2,1,0.0,1,0,0.0
2020-03-19,sudan,,12.8628,30.2176,2,1,0.0,0,0,0.0
2020-03-20,sudan,,12.8628,30.2176,2,1,0.0,0,0,0.0
2020-03-21,sudan,,12.8628,30.2176,2,1,0.0,0,0,0.0
2020-03-22,sudan,,12.8628,30.2176,2,1,0.0,0,0,0.0
2020-03-23,sudan,,12.8628,30.2176,2,1,0.0,0,0,0.0
2020-03-24,sudan,,12.8628,30.2176,3,1,0.0,1,0,0.0
2020-03-25,sudan,,12.8628,30.2176,3,1,0.0,0,0,0.0
2020-03-26,sudan,,12.8628,30.2176,3,1,0.0,0,0,0.0
2020-03-27,sudan,,12.8628,30.2176,3,1,0.0,0,0,0.0
2020-03-28,sudan,,12.8628,30.2176,5,1,0.0,2,0,0.0
2020-03-29,sudan,,12.8628,30.2176,6,1,0.0,1,0,0.0
2020-03-30,sudan,,12.8628,30.2176,6,2,0.0,0,1,0.0
2020-03-31,sudan,,12.8628,30.2176,7,2,1.0,1,0,1.0
2020-04-01,sudan,,12.8628,30.2176,7,2,2.0,0,0,1.0
2020-04-02,sudan,,12.8628,30.2176,8,2,2.0,1,0,0.0
2020-04-03,sudan,,12.8628,30.2176,10,2,2.0,2,0,0.0
2020-04-04,sudan,,12.8628,30.2176,10,2,2.0,0,0,0.0
2020-04-05,sudan,,12.8628,30.2176,12,2,2.0,2,0,0.0
2020-04-06,sudan,,12.8628,30.2176,12,2,2.0,0,0,0.0
2020-04-07,sudan,,12.8628,30.2176,14,2,2.0,2,0,0.0
2020-04-08,sudan,,12.8628,30.2176,14,2,2.0,0,0,0.0
2020-04-09,sudan,,12.8628,30.2176,15,2,2.0,1,0,0.0
2020-04-10,sudan,,12.8628,30.2176,17,2,2.0,2,0,0.0
2020-04-11,sudan,,12.8628,30.2176,19,2,2.0,2,0,0.0
2020-04-12,sudan,,12.8628,30.2176,19,2,2.0,0,0,0.0
2020-04-13,sudan,,12.8628,30.2176,29,4,4.0,10,2,2.0
2020-04-14,sudan,,12.8628,30.2176,32,5,4.0,3,1,0.0
2020-04-15,sudan,,12.8628,30.2176,32,5,4.0,0,0,0.0
2020-04-16,sudan,,12.8628,30.2176,32,5,4.0,0,0,0.0
2020-04-17,sudan,,12.8628,30.2176,33,6,4.0,1,1,0.0
2020-04-18,sudan,,12.8628,30.2176,66,10,6.0,33,4,2.0
2020-04-19,sudan,,12.8628,30.2176,66,10,6.0,0,0,0.0
2020-04-20,sudan,,12.8628,30.2176,107,12,8.0,41,2,2.0
2020-04-21,sudan,,12.8628,30.2176,107,12,8.0,0,0,0.0
2020-04-22,sudan,,12.8628,30.2176,140,13,12.0,33,1,4.0
2020-04-23,sudan,,12.8628,30.2176,174,16,14.0,34,3,2.0
2020-04-24,sudan,,12.8628,30.2176,174,16,14.0,0,0,0.0
2020-04-25,sudan,,12.8628,30.2176,213,17,19.0,39,1,5.0
2020-04-26,sudan,,12.8628,30.2176,237,21,20.0,24,4,1.0
2020-04-27,sudan,,12.8628,30.2176,275,22,21.0,38,1,1.0
2020-04-28,sudan,,12.8628,30.2176,318,25,31.0,43,3,10.0
2020-04-29,sudan,,12.8628,30.2176,375,28,32.0,57,3,1.0
2020-04-30,sudan,,12.8628,30.2176,442,31,39.0,67,3,7.0
2020-05-01,sudan,,12.8628,30.2176,533,36,46.0,91,5,7.0
2020-05-02,sudan,,12.8628,30.2176,592,41,52.0,59,5,6.0
2020-05-03,sudan,,12.8628,30.2176,592,41,52.0,0,0,0.0
2020-05-04,sudan,,12.8628,30.2176,678,41,61.0,86,0,9.0
2020-05-05,sudan,,12.8628,30.2176,778,45,70.0,100,4,9.0
2020-05-06,sudan,,12.8628,30.2176,852,49,80.0,74,4,10.0
2020-05-07,sudan,,12.8628,30.2176,930,52,92.0,78,3,12.0
2020-05-08,sudan,,12.8628,30.2176,1111,59,102.0,181,7,10.0
2020-05-09,sudan,,12.8628,30.2176,1164,64,119.0,53,5,17.0
2020-05-10,sudan,,12.8628,30.2176,1365,70,149.0,201,6,30.0
2020-05-11,sudan,,12.8628,30.2176,1526,74,162.0,161,4,13.0
2020-05-12,sudan,,12.8628,30.2176,1661,80,173.0,135,6,11.0
2020-05-13,sudan,,12.8628,30.2176,1818,90,198.0,157,10,25.0
2020-05-14,sudan,,12.8628,30.2176,1818,90,198.0,0,0,0.0
2020-05-15,sudan,,12.8628,30.2176,1964,91,205.0,146,1,7.0
2020-05-16,sudan,,12.8628,30.2176,2289,97,222.0,325,6,17.0
2020-05-17,sudan,,12.8628,30.2176,2289,97,222.0,0,0,0.0
2020-05-18,sudan,,12.8628,30.2176,2591,105,247.0,302,8,25.0
2020-05-19,sudan,,12.8628,30.2176,2728,111,286.0,137,6,39.0
2020-05-20,sudan,,12.8628,30.2176,2728,111,286.0,0,0,0.0
2020-05-21,sudan,,12.8628,30.2176,3138,121,309.0,410,10,23.0
2020-05-22,sudan,,12.8628,30.2176,3378,137,372.0,240,16,63.0
2020-05-23,sudan,,12.8628,30.2176,3628,146,424.0,250,9,52.0
2020-05-24,sudan,,12.8628,30.2176,3820,165,458.0,192,19,34.0
2020-05-25,sudan,,12.8628,30.2176,3976,170,503.0,156,5,45.0
2020-05-26,sudan,,12.8628,30.2176,3976,170,503.0,0,0,0.0
2020-05-27,sudan,,12.8628,30.2176,4346,195,749.0,370,25,246.0
2020-05-28,sudan,,12.8628,30.2176,4346,195,749.0,0,0,0.0
2020-05-29,sudan,,12.8628,30.2176,4521,233,816.0,175,38,67.0
2020-05-30,sudan,,12.8628,30.2176,4800,262,1272.0,279,29,456.0
2020-05-31,sudan,,12.8628,30.2176,5026,286,1423.0,226,24,151.0
2020-06-01,sudan,,12.8628,30.2176,5173,298,1522.0,147,12,99.0
2020-06-02,sudan,,12.8628,30.2176,5310,307,1625.0,137,9,103.0
2020-06-03,sudan,,12.8628,30.2176,5499,314,1711.0,189,7,86.0
2020-06-04,sudan,,12.8628,30.2176,5714,333,1825.0,215,19,114.0
2020-06-05,sudan,,12.8628,30.2176,5865,347,1924.0,151,14,99.0
2020-06-06,sudan,,12.8628,30.2176,6081,359,2014.0,216,12,90.0
2020-06-07,sudan,,12.8628,30.2176,6081,359,2014.0,0,0,0.0
2020-06-08,sudan,,12.8628,30.2176,6242,372,2059.0,161,13,45.0
2020-06-09,sudan,,12.8628,30.2176,6427,389,2127.0,185,17,68.0
2020-06-10,sudan,,12.8628,30.2176,6582,401,2202.0,155,12,75.0
2020-06-11,sudan,,12.8628,30.2176,6730,413,2278.0,148,12,76.0
2020-06-12,sudan,,12.8628,30.2176,6879,433,2416.0,149,20,138.0
2020-06-13,sudan,,12.8628,30.2176,7007,447,2556.0,128,14,140.0
2020-06-14,sudan,,12.8628,30.2176,7220,459,2610.0,213,12,54.0
2020-06-15,sudan,,12.8628,30.2176,7435,468,2720.0,215,9,110.0
2020-06-16,sudan,,12.8628,30.2176,7740,477,2820.0,305,9,100.0
2020-06-17,sudan,,12.8628,30.2176,8020,487,2966.0,280,10,146.0
2020-06-18,sudan,,12.8628,30.2176,8020,487,2966.0,0,0,0.0
2020-06-19,sudan,,12.8628,30.2176,8316,506,3086.0,296,19,120.0
2020-06-20,sudan,,12.8628,30.2176,8580,521,3325.0,264,15,239.0
2020-06-21,sudan,,12.8628,30.2176,8580,521,3325.0,0,0,0.0
2020-06-22,sudan,,12.8628,30.2176,8698,533,3460.0,118,12,135.0
2020-06-23,sudan,,12.8628,30.2176,8889,548,3699.0,191,15,239.0
2020-06-24,sudan,,12.8628,30.2176,8889,548,3699.0,0,0,0.0
2020-06-25,sudan,,12.8628,30.2176,8984,556,3806.0,95,8,107.0
2020-06-26,sudan,,12.8628,30.2176,9257,572,4014.0,273,16,208.0
2020-06-27,sudan,,12.8628,30.2176,9257,572,4014.0,0,0,0.0
2020-06-28,sudan,,12.8628,30.2176,9257,572,4014.0,0,0,0.0
2020-06-29,sudan,,12.8628,30.2176,9257,572,4014.0,0,0,0.0
2020-06-30,sudan,,12.8628,30.2176,9257,572,4014.0,0,0,0.0
2020-07-01,sudan,,12.8628,30.2176,9573,602,4606.0,316,30,592.0
2020-07-02,sudan,,12.8628,30.2176,9573,602,4606.0,0,0,0.0
2020-07-03,sudan,,12.8628,30.2176,9663,604,4624.0,90,2,18.0
2020-07-04,sudan,,12.8628,30.2176,9767,608,4673.0,104,4,49.0
2020-07-05,sudan,,12.8628,30.2176,9767,608,4673.0,0,0,0.0
2020-07-06,sudan,,12.8628,30.2176,9894,616,4899.0,127,8,226.0
2020-07-07,sudan,,12.8628,30.2176,9997,622,5034.0,103,6,135.0
2020-07-08,sudan,,12.8628,30.2176,10084,636,5074.0,87,14,40.0
2020-07-09,sudan,,12.8628,30.2176,10158,641,5200.0,74,5,126.0
2020-07-10,sudan,,12.8628,30.2176,10204,649,5277.0,46,8,77.0
2020-07-11,sudan,,12.8628,30.2176,10250,650,5341.0,46,1,64.0
2020-07-12,sudan,,12.8628,30.2176,10250,650,5341.0,0,0,0.0
2020-07-13,sudan,,12.8628,30.2176,10316,657,5403.0,66,7,62.0
2020-07-14,sudan,,12.8628,30.2176,10417,659,5579.0,101,2,176.0
2020-07-15,sudan,,12.8628,30.2176,10527,668,5601.0,110,9,22.0
2020-07-16,sudan,,12.8628,30.2176,10527,668,5601.0,0,0,0.0
2020-07-17,sudan,,12.8628,30.2176,10527,668,5601.0,0,0,0.0
2020-07-18,sudan,,12.8628,30.2176,10682,673,5637.0,155,5,36.0
2020-07-19,sudan,,12.8628,30.2176,10992,693,5707.0,310,20,70.0
2020-07-20,sudan,,12.8628,30.2176,10992,693,5707.0,0,0,0.0
2020-07-21,sudan,,12.8628,30.2176,10992,693,5707.0,0,0,0.0
2020-07-22,sudan,,12.8628,30.2176,11237,708,5835.0,245,15,128.0
2020-07-23,sudan,,12.8628,30.2176,11237,708,5835.0,0,0,0.0
2020-07-24,sudan,,12.8628,30.2176,11302,715,5855.0,65,7,20.0
2020-07-25,sudan,,12.8628,30.2176,11385,717,5890.0,83,2,35.0
2020-07-26,sudan,,12.8628,30.2176,11385,717,5890.0,0,0,0.0
2020-07-27,sudan,,12.8628,30.2176,11424,720,5939.0,39,3,49.0
2020-07-28,sudan,,12.8628,30.2176,11496,725,6001.0,72,5,62.0
2020-07-29,sudan,,12.8628,30.2176,11496,725,6001.0,0,0,0.0
2020-07-30,sudan,,12.8628,30.2176,11496,725,6001.0,0,0,0.0
2020-07-31,sudan,,12.8628,30.2176,11644,746,6119.0,148,21,118.0
