date,country,state,lat,long,confirmed,deaths,recovered,confirmed_new,deaths_new,recovered_new
2020-01-22,sweden,,60.128161,18.643501,0,0,0.0,0,0,0.0
2020-01-23,sweden,,60.128161,18.643501,0,0,0.0,0,0,0.0
2020-01-24,sweden,,60.128161,18.643501,0,0,0.0,0,0,0.0
2020-01-25,sweden,,60.128161,18.643501,0,0,0.0,0,0,0.0
2020-01-26,sweden,,60.128161,18.643501,0,0,0.0,0,0,0.0
2020-01-27,sweden,,60.128161,18.643501,0,0,0.0,0,0,0.0
2020-01-28,sweden,,60.128161,18.643501,0,0,0.0,0,0,0.0
2020-01-29,sweden,,60.128161,18.643501,0,0,0.0,0,0,0.0
2020-01-30,sweden,,60.128161,18.643501,0,0,0.0,0,0,0.0
2020-01-31,sweden,,60.128161,18.643501,1,0,0.0,1,0,0.0
2020-02-01,sweden,,60.128161,18.643501,1,0,0.0,0,0,0.0
2020-02-02,sweden,,60.128161,18.643501,1,0,0.0,0,0,0.0
2020-02-03,sweden,,60.128161,18.643501,1,0,0.0,0,0,0.0
2020-02-04,sweden,,60.128161,18.643501,1,0,0.0,0,0,0.0
2020-02-05,sweden,,60.128161,18.643501,1,0,0.0,0,0,0.0
2020-02-06,sweden,,60.128161,18.643501,1,0,0.0,0,0,0.0
2020-02-07,sweden,,60.128161,18.643501,1,0,0.0,0,0,0.0
2020-02-08,sweden,,60.128161,18.643501,1,0,0.0,0,0,0.0
2020-02-09,sweden,,60.128161,18.643501,1,0,0.0,0,0,0.0
2020-02-10,sweden,,60.128161,18.643501,1,0,0.0,0,0,0.0
2020-02-11,sweden,,60.128161,18.643501,1,0,0.0,0,0,0.0
2020-02-12,sweden,,60.128161,18.643501,1,0,0.0,0,0,0.0
2020-02-13,sweden,,60.128161,18.643501,1,0,0.0,0,0,0.0
2020-02-14,sweden,,60.128161,18.643501,1,0,0.0,0,0,0.0
2020-02-15,sweden,,60.128161,18.643501,1,0,0.0,0,0,0.0
2020-02-16,sweden,,60.128161,18.643501,1,0,0.0,0,0,0.0
2020-02-17,sweden,,60.128161,18.643501,1,0,0.0,0,0,0.0
2020-02-18,sweden,,60.128161,18.643501,1,0,0.0,0,0,0.0
2020-02-19,sweden,,60.128161,18.643501,1,0,0.0,0,0,0.0
2020-02-20,sweden,,60.128161,18.643501,1,0,0.0,0,0,0.0
2020-02-21,sweden,,60.128161,18.643501,1,0,0.0,0,0,0.0
2020-02-22,sweden,,60.128161,18.643501,1,0,0.0,0,0,0.0
2020-02-23,sweden,,60.128161,18.643501,1,0,0.0,0,0,0.0
2020-02-24,sweden,,60.128161,18.643501,1,0,0.0,0,0,0.0
2020-02-25,sweden,,60.128161,18.643501,1,0,0.0,0,0,0.0
2020-02-26,sweden,,60.128161,18.643501,2,0,0.0,1,0,0.0
2020-02-27,sweden,,60.128161,18.643501,7,0,0.0,5,0,0.0
2020-02-28,sweden,,60.128161,18.643501,7,0,0.0,0,0,0.0
2020-02-29,sweden,,60.128161,18.643501,12,0,0.0,5,0,0.0
2020-03-01,sweden,,60.128161,18.643501,14,0,0.0,2,0,0.0
2020-03-02,sweden,,60.128161,18.643501,15,0,0.0,1,0,0.0
2020-03-03,sweden,,60.128161,18.643501,21,0,0.0,6,0,0.0
2020-03-04,sweden,,60.128161,18.643501,35,0,0.0,14,0,0.0
2020-03-05,sweden,,60.128161,18.643501,94,0,0.0,59,0,0.0
2020-03-06,sweden,,60.128161,18.643501,101,0,0.0,7,0,0.0
2020-03-07,sweden,,60.128161,18.643501,161,0,0.0,60,0,0.0
2020-03-08,sweden,,60.128161,18.643501,203,0,0.0,42,0,0.0
2020-03-09,sweden,,60.128161,18.643501,248,0,0.0,45,0,0.0
2020-03-10,sweden,,60.128161,18.643501,355,0,0.0,107,0,0.0
2020-03-11,sweden,,60.128161,18.643501,500,1,0.0,145,1,0.0
2020-03-12,sweden,,60.128161,18.643501,599,1,0.0,99,0,0.0
2020-03-13,sweden,,60.128161,18.643501,814,1,0.0,215,0,0.0
2020-03-14,sweden,,60.128161,18.643501,961,2,0.0,147,1,0.0
2020-03-15,sweden,,60.128161,18.643501,1022,3,0.0,61,1,0.0
2020-03-16,sweden,,60.128161,18.643501,1103,6,0.0,81,3,0.0
2020-03-17,sweden,,60.128161,18.643501,1190,7,0.0,87,1,0.0
2020-03-18,sweden,,60.128161,18.643501,1279,10,0.0,89,3,0.0
2020-03-19,sweden,,60.128161,18.643501,1439,11,0.0,160,1,0.0
2020-03-20,sweden,,60.128161,18.643501,1639,16,0.0,200,5,0.0
2020-03-21,sweden,,60.128161,18.643501,1763,20,0.0,124,4,0.0
2020-03-22,sweden,,60.128161,18.643501,1934,21,0.0,171,1,0.0
2020-03-23,sweden,,60.128161,18.643501,2046,25,0.0,112,4,0.0
2020-03-24,sweden,,60.128161,18.643501,2286,36,0.0,240,11,0.0
2020-03-25,sweden,,60.128161,18.643501,2526,62,0.0,240,26,0.0
2020-03-26,sweden,,60.128161,18.643501,2840,77,0.0,314,15,0.0
2020-03-27,sweden,,60.128161,18.643501,3069,105,0.0,229,28,0.0
2020-03-28,sweden,,60.128161,18.643501,3447,105,0.0,378,0,0.0
2020-03-29,sweden,,60.128161,18.643501,3700,110,0.0,253,5,0.0
2020-03-30,sweden,,60.128161,18.643501,4028,146,0.0,328,36,0.0
2020-03-31,sweden,,60.128161,18.643501,4435,180,0.0,407,34,0.0
2020-04-01,sweden,,60.128161,18.643501,4947,239,0.0,512,59,0.0
2020-04-02,sweden,,60.128161,18.643501,5568,308,0.0,621,69,0.0
2020-04-03,sweden,,60.128161,18.643501,6131,358,0.0,563,50,0.0
2020-04-04,sweden,,60.128161,18.643501,6443,373,0.0,312,15,0.0
2020-04-05,sweden,,60.128161,18.643501,6830,401,0.0,387,28,0.0
2020-04-06,sweden,,60.128161,18.643501,7206,477,0.0,376,76,0.0
2020-04-07,sweden,,60.128161,18.643501,7693,591,0.0,487,114,0.0
2020-04-08,sweden,,60.128161,18.643501,8419,687,0.0,726,96,0.0
2020-04-09,sweden,,60.128161,18.643501,9141,793,0.0,722,106,0.0
2020-04-10,sweden,,60.128161,18.643501,9685,870,0.0,544,77,0.0
2020-04-11,sweden,,60.128161,18.643501,10151,887,0.0,466,17,0.0
2020-04-12,sweden,,60.128161,18.643501,10483,899,0.0,332,12,0.0
2020-04-13,sweden,,60.128161,18.643501,10948,919,0.0,465,20,0.0
2020-04-14,sweden,,60.128161,18.643501,11445,1033,0.0,497,114,0.0
2020-04-15,sweden,,60.128161,18.643501,11927,1203,0.0,482,170,0.0
2020-04-16,sweden,,60.128161,18.643501,12540,1333,0.0,613,130,0.0
2020-04-17,sweden,,60.128161,18.643501,13216,1400,0.0,676,67,0.0
2020-04-18,sweden,,60.128161,18.643501,13822,1511,0.0,606,111,0.0
2020-04-19,sweden,,60.128161,18.643501,14385,1540,0.0,563,29,0.0
2020-04-20,sweden,,60.128161,18.643501,14777,1580,0.0,392,40,0.0
2020-04-21,sweden,,60.128161,18.643501,15322,1765,0.0,545,185,0.0
2020-04-22,sweden,,60.128161,18.643501,16004,1937,0.0,682,172,0.0
2020-04-23,sweden,,60.128161,18.643501,16755,2021,0.0,751,84,0.0
2020-04-24,sweden,,60.128161,18.643501,17567,2152,0.0,812,131,0.0
2020-04-25,sweden,,60.128161,18.643501,18177,2192,0.0,610,40,0.0
2020-04-26,sweden,,60.128161,18.643501,18640,2194,0.0,463,2,0.0
2020-04-27,sweden,,60.128161,18.643501,18926,2274,0.0,286,80,0.0
2020-04-28,sweden,,60.128161,18.643501,19621,2355,0.0,695,81,0.0
2020-04-29,sweden,,60.128161,18.643501,20302,2462,0.0,681,107,0.0
2020-04-30,sweden,,60.128161,18.643501,21092,2586,0.0,790,124,0.0
2020-05-01,sweden,,60.128161,18.643501,21520,2653,0.0,428,67,0.0
2020-05-02,sweden,,60.128161,18.643501,22082,2669,0.0,562,16,0.0
2020-05-03,sweden,,60.128161,18.643501,22317,2679,0.0,235,10,0.0
2020-05-04,sweden,,60.128161,18.643501,22721,2769,0.0,404,90,0.0
2020-05-05,sweden,,60.128161,18.643501,23216,2854,0.0,495,85,0.0
2020-05-06,sweden,,60.128161,18.643501,23918,2941,0.0,702,87,0.0
2020-05-07,sweden,,60.128161,18.643501,24623,3040,0.0,705,99,0.0
2020-05-08,sweden,,60.128161,18.643501,25265,3175,0.0,642,135,0.0
2020-05-09,sweden,,60.128161,18.643501,25921,3220,0.0,656,45,0.0
2020-05-10,sweden,,60.128161,18.643501,26322,3225,0.0,401,5,0.0
2020-05-11,sweden,,60.128161,18.643501,26670,3256,0.0,348,31,0.0
2020-05-12,sweden,,60.128161,18.643501,27272,3313,0.0,602,57,0.0
2020-05-13,sweden,,60.128161,18.643501,27909,3460,0.0,637,147,0.0
2020-05-14,sweden,,60.128161,18.643501,28582,3529,0.0,673,69,0.0
2020-05-15,sweden,,60.128161,18.643501,29207,3646,0.0,625,117,0.0
2020-05-16,sweden,,60.128161,18.643501,29677,3674,0.0,470,28,0.0
2020-05-17,sweden,,60.128161,18.643501,30143,3679,0.0,466,5,0.0
2020-05-18,sweden,,60.128161,18.643501,30377,3698,0.0,234,19,0.0
2020-05-19,sweden,,60.128161,18.643501,30799,3743,0.0,422,45,0.0
2020-05-20,sweden,,60.128161,18.643501,31523,3831,0.0,724,88,0.0
2020-05-21,sweden,,60.128161,18.643501,32172,3871,0.0,649,40,0.0
2020-05-22,sweden,,60.128161,18.643501,32809,3925,0.0,637,54,0.0
2020-05-23,sweden,,60.128161,18.643501,33188,3992,0.0,379,67,0.0
2020-05-24,sweden,,60.128161,18.643501,33459,3998,0.0,271,6,0.0
2020-05-25,sweden,,60.128161,18.643501,33843,4029,0.0,384,31,0.0
2020-05-26,sweden,,60.128161,18.643501,34440,4125,0.0,597,96,0.0
2020-05-27,sweden,,60.128161,18.643501,35088,4220,0.0,648,95,0.0
2020-05-28,sweden,,60.128161,18.643501,35727,4266,0.0,639,46,0.0
2020-05-29,sweden,,60.128161,18.643501,36476,4350,0.0,749,84,0.0
2020-05-30,sweden,,60.128161,18.643501,37113,4395,0.0,637,45,0.0
2020-05-31,sweden,,60.128161,18.643501,37542,4395,0.0,429,0,0.0
2020-06-01,sweden,,60.128161,18.643501,37814,4403,0.0,272,8,0.0
2020-06-02,sweden,,60.128161,18.643501,38589,4468,0.0,775,65,0.0
2020-06-03,sweden,,60.128161,18.643501,40803,4542,0.0,2214,74,0.0
2020-06-04,sweden,,60.128161,18.643501,41883,4562,0.0,1080,20,0.0
2020-06-05,sweden,,60.128161,18.643501,42939,4639,0.0,1056,77,0.0
2020-06-06,sweden,,60.128161,18.643501,43887,4656,0.0,948,17,0.0
2020-06-07,sweden,,60.128161,18.643501,44730,4659,0.0,843,3,0.0
2020-06-08,sweden,,60.128161,18.643501,45133,4694,0.0,403,35,0.0
2020-06-09,sweden,,60.128161,18.643501,45924,4717,0.0,791,23,0.0
2020-06-10,sweden,,60.128161,18.643501,46814,4795,0.0,890,78,0.0
2020-06-11,sweden,,60.128161,18.643501,48288,4814,0.0,1474,19,0.0
2020-06-12,sweden,,60.128161,18.643501,49684,4854,0.0,1396,40,0.0
2020-06-13,sweden,,60.128161,18.643501,50931,4874,0.0,1247,20,0.0
2020-06-14,sweden,,60.128161,18.643501,51614,4874,0.0,683,0,0.0
2020-06-15,sweden,,60.128161,18.643501,52383,4891,0.0,769,17,0.0
2020-06-16,sweden,,60.128161,18.643501,53323,4939,0.0,940,48,0.0
2020-06-17,sweden,,60.128161,18.643501,54562,5041,0.0,1239,102,0.0
2020-06-18,sweden,,60.128161,18.643501,56043,5053,0.0,1481,12,0.0
2020-06-19,sweden,,60.128161,18.643501,58076,5105,0.0,2033,52,0.0
2020-06-20,sweden,,60.128161,18.643501,58591,5109,0.0,515,4,0.0
2020-06-21,sweden,,60.128161,18.643501,58848,5111,0.0,257,2,0.0
2020-06-22,sweden,,60.128161,18.643501,58932,5122,0.0,84,11,0.0
2020-06-23,sweden,,60.128161,18.643501,60837,5161,0.0,1905,39,0.0
2020-06-24,sweden,,60.128161,18.643501,62324,5209,0.0,1487,48,0.0
2020-06-25,sweden,,60.128161,18.643501,63890,5230,0.0,1566,21,0.0
2020-06-26,sweden,,60.128161,18.643501,65137,5280,0.0,1247,50,0.0
2020-06-27,sweden,,60.128161,18.643501,65137,5280,0.0,0,0,0.0
2020-06-28,sweden,,60.128161,18.643501,65137,5280,0.0,0,0,0.0
2020-06-29,sweden,,60.128161,18.643501,67667,5310,0.0,2530,30,0.0
2020-06-30,sweden,,60.128161,18.643501,68451,5333,0.0,784,23,0.0
2020-07-01,sweden,,60.128161,18.643501,69692,5370,0.0,1241,37,0.0
2020-07-02,sweden,,60.128161,18.643501,70639,5411,0.0,947,41,0.0
2020-07-03,sweden,,60.128161,18.643501,71419,5420,0.0,780,9,0.0
2020-07-04,sweden,,60.128161,18.643501,71419,5420,0.0,0,0,0.0
2020-07-05,sweden,,60.128161,18.643501,71419,5420,0.0,0,0,0.0
2020-07-06,sweden,,60.128161,18.643501,73061,5433,0.0,1642,13,0.0
2020-07-07,sweden,,60.128161,18.643501,73344,5447,0.0,283,14,0.0
2020-07-08,sweden,,60.128161,18.643501,73858,5482,0.0,514,35,0.0
2020-07-09,sweden,,60.128161,18.643501,74333,5500,0.0,475,18,0.0
2020-07-10,sweden,,60.128161,18.643501,74898,5526,0.0,565,26,0.0
2020-07-11,sweden,,60.128161,18.643501,74898,5526,0.0,0,0,0.0
2020-07-12,sweden,,60.128161,18.643501,74898,5526,0.0,0,0,0.0
2020-07-13,sweden,,60.128161,18.643501,75826,5536,0.0,928,10,0.0
2020-07-14,sweden,,60.128161,18.643501,76001,5545,0.0,175,9,0.0
2020-07-15,sweden,,60.128161,18.643501,76492,5572,0.0,491,27,0.0
2020-07-16,sweden,,60.128161,18.643501,76877,5593,0.0,385,21,0.0
2020-07-17,sweden,,60.128161,18.643501,77281,5619,0.0,404,26,0.0
2020-07-18,sweden,,60.128161,18.643501,77281,5619,0.0,0,0,0.0
2020-07-19,sweden,,60.128161,18.643501,77281,5619,0.0,0,0,0.0
2020-07-20,sweden,,60.128161,18.643501,78048,5639,0.0,767,20,0.0
2020-07-21,sweden,,60.128161,18.643501,78166,5646,0.0,118,7,0.0
2020-07-22,sweden,,60.128161,18.643501,78504,5667,0.0,338,21,0.0
2020-07-23,sweden,,60.128161,18.643501,78763,5676,0.0,259,9,0.0
2020-07-24,sweden,,60.128161,18.643501,78997,5697,0.0,234,21,0.0
2020-07-25,sweden,,60.128161,18.643501,78997,5697,0.0,0,0,0.0
2020-07-26,sweden,,60.128161,18.643501,78997,5697,0.0,0,0,0.0
2020-07-27,sweden,,60.128161,18.643501,79395,5700,0.0,398,3,0.0
2020-07-28,sweden,,60.128161,18.643501,79494,5702,0.0,99,2,0.0
2020-07-29,sweden,,60.128161,18.643501,79782,5730,0.0,288,28,0.0
2020-07-30,sweden,,60.128161,18.643501,80100,5739,0.0,318,9,0.0
2020-07-31,sweden,,60.128161,18.643501,80422,5743,0.0,322,4,0.0
