date,country,state,lat,long,confirmed,deaths,recovered,confirmed_new,deaths_new,recovered_new
2020-01-22,thailand,,15.870032,100.992541,2,0,0.0,2,0,0.0
2020-01-23,thailand,,15.870032,100.992541,3,0,0.0,1,0,0.0
2020-01-24,thailand,,15.870032,100.992541,5,0,0.0,2,0,0.0
2020-01-25,thailand,,15.870032,100.992541,7,0,0.0,2,0,0.0
2020-01-26,thailand,,15.870032,100.992541,8,0,2.0,1,0,2.0
2020-01-27,thailand,,15.870032,100.992541,8,0,2.0,0,0,0.0
2020-01-28,thailand,,15.870032,100.992541,14,0,5.0,6,0,3.0
2020-01-29,thailand,,15.870032,100.992541,14,0,5.0,0,0,0.0
2020-01-30,thailand,,15.870032,100.992541,14,0,5.0,0,0,0.0
2020-01-31,thailand,,15.870032,100.992541,19,0,5.0,5,0,0.0
2020-02-01,thailand,,15.870032,100.992541,19,0,5.0,0,0,0.0
2020-02-02,thailand,,15.870032,100.992541,19,0,5.0,0,0,0.0
2020-02-03,thailand,,15.870032,100.992541,19,0,5.0,0,0,0.0
2020-02-04,thailand,,15.870032,100.992541,25,0,5.0,6,0,0.0
2020-02-05,thailand,,15.870032,100.992541,25,0,5.0,0,0,0.0
2020-02-06,thailand,,15.870032,100.992541,25,0,5.0,0,0,0.0
2020-02-07,thailand,,15.870032,100.992541,25,0,5.0,0,0,0.0
2020-02-08,thailand,,15.870032,100.992541,32,0,10.0,7,0,5.0
2020-02-09,thailand,,15.870032,100.992541,32,0,10.0,0,0,0.0
2020-02-10,thailand,,15.870032,100.992541,32,0,10.0,0,0,0.0
2020-02-11,thailand,,15.870032,100.992541,33,0,10.0,1,0,0.0
2020-02-12,thailand,,15.870032,100.992541,33,0,10.0,0,0,0.0
2020-02-13,thailand,,15.870032,100.992541,33,0,12.0,0,0,2.0
2020-02-14,thailand,,15.870032,100.992541,33,0,12.0,0,0,0.0
2020-02-15,thailand,,15.870032,100.992541,33,0,12.0,0,0,0.0
2020-02-16,thailand,,15.870032,100.992541,34,0,14.0,1,0,2.0
2020-02-17,thailand,,15.870032,100.992541,35,0,15.0,1,0,1.0
2020-02-18,thailand,,15.870032,100.992541,35,0,15.0,0,0,0.0
2020-02-19,thailand,,15.870032,100.992541,35,0,15.0,0,0,0.0
2020-02-20,thailand,,15.870032,100.992541,35,0,15.0,0,0,0.0
2020-02-21,thailand,,15.870032,100.992541,35,0,17.0,0,0,2.0
2020-02-22,thailand,,15.870032,100.992541,35,0,17.0,0,0,0.0
2020-02-23,thailand,,15.870032,100.992541,35,0,21.0,0,0,4.0
2020-02-24,thailand,,15.870032,100.992541,35,0,21.0,0,0,0.0
2020-02-25,thailand,,15.870032,100.992541,37,0,22.0,2,0,1.0
2020-02-26,thailand,,15.870032,100.992541,40,0,22.0,3,0,0.0
2020-02-27,thailand,,15.870032,100.992541,40,0,22.0,0,0,0.0
2020-02-28,thailand,,15.870032,100.992541,41,0,28.0,1,0,6.0
2020-02-29,thailand,,15.870032,100.992541,42,0,28.0,1,0,0.0
2020-03-01,thailand,,15.870032,100.992541,42,1,28.0,0,1,0.0
2020-03-02,thailand,,15.870032,100.992541,43,1,31.0,1,0,3.0
2020-03-03,thailand,,15.870032,100.992541,43,1,31.0,0,0,0.0
2020-03-04,thailand,,15.870032,100.992541,43,1,31.0,0,0,0.0
2020-03-05,thailand,,15.870032,100.992541,47,1,31.0,4,0,0.0
2020-03-06,thailand,,15.870032,100.992541,48,1,31.0,1,0,0.0
2020-03-07,thailand,,15.870032,100.992541,50,1,31.0,2,0,0.0
2020-03-08,thailand,,15.870032,100.992541,50,1,31.0,0,0,0.0
2020-03-09,thailand,,15.870032,100.992541,50,1,31.0,0,0,0.0
2020-03-10,thailand,,15.870032,100.992541,53,1,33.0,3,0,2.0
2020-03-11,thailand,,15.870032,100.992541,59,1,34.0,6,0,1.0
2020-03-12,thailand,,15.870032,100.992541,70,1,34.0,11,0,0.0
2020-03-13,thailand,,15.870032,100.992541,75,1,35.0,5,0,1.0
2020-03-14,thailand,,15.870032,100.992541,82,1,35.0,7,0,0.0
2020-03-15,thailand,,15.870032,100.992541,114,1,35.0,32,0,0.0
2020-03-16,thailand,,15.870032,100.992541,147,1,35.0,33,0,0.0
2020-03-17,thailand,,15.870032,100.992541,177,1,41.0,30,0,6.0
2020-03-18,thailand,,15.870032,100.992541,212,1,42.0,35,0,1.0
2020-03-19,thailand,,15.870032,100.992541,272,1,42.0,60,0,0.0
2020-03-20,thailand,,15.870032,100.992541,322,1,42.0,50,0,0.0
2020-03-21,thailand,,15.870032,100.992541,411,1,42.0,89,0,0.0
2020-03-22,thailand,,15.870032,100.992541,599,1,44.0,188,0,2.0
2020-03-23,thailand,,15.870032,100.992541,721,1,44.0,122,0,0.0
2020-03-24,thailand,,15.870032,100.992541,827,4,52.0,106,3,8.0
2020-03-25,thailand,,15.870032,100.992541,934,4,70.0,107,0,18.0
2020-03-26,thailand,,15.870032,100.992541,1045,4,88.0,111,0,18.0
2020-03-27,thailand,,15.870032,100.992541,1136,5,97.0,91,1,9.0
2020-03-28,thailand,,15.870032,100.992541,1245,6,97.0,109,1,0.0
2020-03-29,thailand,,15.870032,100.992541,1388,7,97.0,143,1,0.0
2020-03-30,thailand,,15.870032,100.992541,1524,9,229.0,136,2,132.0
2020-03-31,thailand,,15.870032,100.992541,1651,10,342.0,127,1,113.0
2020-04-01,thailand,,15.870032,100.992541,1771,12,505.0,120,2,163.0
2020-04-02,thailand,,15.870032,100.992541,1875,15,505.0,104,3,0.0
2020-04-03,thailand,,15.870032,100.992541,1978,19,612.0,103,4,107.0
2020-04-04,thailand,,15.870032,100.992541,2067,20,674.0,89,1,62.0
2020-04-05,thailand,,15.870032,100.992541,2169,23,793.0,102,3,119.0
2020-04-06,thailand,,15.870032,100.992541,2220,26,793.0,51,3,0.0
2020-04-07,thailand,,15.870032,100.992541,2258,27,888.0,38,1,95.0
2020-04-08,thailand,,15.870032,100.992541,2369,30,888.0,111,3,0.0
2020-04-09,thailand,,15.870032,100.992541,2423,32,940.0,54,2,52.0
2020-04-10,thailand,,15.870032,100.992541,2473,33,1013.0,50,1,73.0
2020-04-11,thailand,,15.870032,100.992541,2518,35,1135.0,45,2,122.0
2020-04-12,thailand,,15.870032,100.992541,2551,38,1218.0,33,3,83.0
2020-04-13,thailand,,15.870032,100.992541,2579,40,1288.0,28,2,70.0
2020-04-14,thailand,,15.870032,100.992541,2613,41,1405.0,34,1,117.0
2020-04-15,thailand,,15.870032,100.992541,2643,43,1497.0,30,2,92.0
2020-04-16,thailand,,15.870032,100.992541,2672,46,1593.0,29,3,96.0
2020-04-17,thailand,,15.870032,100.992541,2700,47,1689.0,28,1,96.0
2020-04-18,thailand,,15.870032,100.992541,2733,47,1787.0,33,0,98.0
2020-04-19,thailand,,15.870032,100.992541,2765,47,1928.0,32,0,141.0
2020-04-20,thailand,,15.870032,100.992541,2792,47,1999.0,27,0,71.0
2020-04-21,thailand,,15.870032,100.992541,2811,48,2108.0,19,1,109.0
2020-04-22,thailand,,15.870032,100.992541,2826,49,2352.0,15,1,244.0
2020-04-23,thailand,,15.870032,100.992541,2839,50,2430.0,13,1,78.0
2020-04-24,thailand,,15.870032,100.992541,2907,51,2547.0,68,1,117.0
2020-04-25,thailand,,15.870032,100.992541,2907,51,2547.0,0,0,0.0
2020-04-26,thailand,,15.870032,100.992541,2922,51,2594.0,15,0,47.0
2020-04-27,thailand,,15.870032,100.992541,2931,52,2609.0,9,1,15.0
2020-04-28,thailand,,15.870032,100.992541,2938,54,2652.0,7,2,43.0
2020-04-29,thailand,,15.870032,100.992541,2947,54,2665.0,9,0,13.0
2020-04-30,thailand,,15.870032,100.992541,2954,54,2684.0,7,0,19.0
2020-05-01,thailand,,15.870032,100.992541,2960,54,2719.0,6,0,35.0
2020-05-02,thailand,,15.870032,100.992541,2966,54,2732.0,6,0,13.0
2020-05-03,thailand,,15.870032,100.992541,2969,54,2739.0,3,0,7.0
2020-05-04,thailand,,15.870032,100.992541,2987,54,2740.0,18,0,1.0
2020-05-05,thailand,,15.870032,100.992541,2988,54,2747.0,1,0,7.0
2020-05-06,thailand,,15.870032,100.992541,2989,55,2761.0,1,1,14.0
2020-05-07,thailand,,15.870032,100.992541,2992,55,2772.0,3,0,11.0
2020-05-08,thailand,,15.870032,100.992541,3000,55,2784.0,8,0,12.0
2020-05-09,thailand,,15.870032,100.992541,3004,56,2787.0,4,1,3.0
2020-05-10,thailand,,15.870032,100.992541,3009,56,2794.0,5,0,7.0
2020-05-11,thailand,,15.870032,100.992541,3015,56,2796.0,6,0,2.0
2020-05-12,thailand,,15.870032,100.992541,3017,56,2798.0,2,0,2.0
2020-05-13,thailand,,15.870032,100.992541,3017,56,2844.0,0,0,46.0
2020-05-14,thailand,,15.870032,100.992541,3018,56,2850.0,1,0,6.0
2020-05-15,thailand,,15.870032,100.992541,3025,56,2854.0,7,0,4.0
2020-05-16,thailand,,15.870032,100.992541,3025,56,2855.0,0,0,1.0
2020-05-17,thailand,,15.870032,100.992541,3028,56,2856.0,3,0,1.0
2020-05-18,thailand,,15.870032,100.992541,3031,56,2857.0,3,0,1.0
2020-05-19,thailand,,15.870032,100.992541,3033,56,2857.0,2,0,0.0
2020-05-20,thailand,,15.870032,100.992541,3034,56,2888.0,1,0,31.0
2020-05-21,thailand,,15.870032,100.992541,3037,56,2897.0,3,0,9.0
2020-05-22,thailand,,15.870032,100.992541,3037,56,2910.0,0,0,13.0
2020-05-23,thailand,,15.870032,100.992541,3040,56,2916.0,3,0,6.0
2020-05-24,thailand,,15.870032,100.992541,3040,56,2921.0,0,0,5.0
2020-05-25,thailand,,15.870032,100.992541,3042,57,2928.0,2,1,7.0
2020-05-26,thailand,,15.870032,100.992541,3045,57,2929.0,3,0,1.0
2020-05-27,thailand,,15.870032,100.992541,3054,57,2931.0,9,0,2.0
2020-05-28,thailand,,15.870032,100.992541,3065,57,2945.0,11,0,14.0
2020-05-29,thailand,,15.870032,100.992541,3076,57,2945.0,11,0,0.0
2020-05-30,thailand,,15.870032,100.992541,3077,57,2961.0,1,0,16.0
2020-05-31,thailand,,15.870032,100.992541,3081,57,2963.0,4,0,2.0
2020-06-01,thailand,,15.870032,100.992541,3082,57,2965.0,1,0,2.0
2020-06-02,thailand,,15.870032,100.992541,3083,58,2966.0,1,1,1.0
2020-06-03,thailand,,15.870032,100.992541,3084,58,2968.0,1,0,2.0
2020-06-04,thailand,,15.870032,100.992541,3101,58,2968.0,17,0,0.0
2020-06-05,thailand,,15.870032,100.992541,3102,58,2971.0,1,0,3.0
2020-06-06,thailand,,15.870032,100.992541,3104,58,2971.0,2,0,0.0
2020-06-07,thailand,,15.870032,100.992541,3112,58,2972.0,8,0,1.0
2020-06-08,thailand,,15.870032,100.992541,3119,58,2973.0,7,0,1.0
2020-06-09,thailand,,15.870032,100.992541,3121,58,2973.0,2,0,0.0
2020-06-10,thailand,,15.870032,100.992541,3125,58,2981.0,4,0,8.0
2020-06-11,thailand,,15.870032,100.992541,3125,58,2987.0,0,0,6.0
2020-06-12,thailand,,15.870032,100.992541,3129,58,2987.0,4,0,0.0
2020-06-13,thailand,,15.870032,100.992541,3134,58,2987.0,5,0,0.0
2020-06-14,thailand,,15.870032,100.992541,3135,58,2987.0,1,0,0.0
2020-06-15,thailand,,15.870032,100.992541,3135,58,2987.0,0,0,0.0
2020-06-16,thailand,,15.870032,100.992541,3135,58,2993.0,0,0,6.0
2020-06-17,thailand,,15.870032,100.992541,3135,58,2996.0,0,0,3.0
2020-06-18,thailand,,15.870032,100.992541,3141,58,2997.0,6,0,1.0
2020-06-19,thailand,,15.870032,100.992541,3146,58,3008.0,5,0,11.0
2020-06-20,thailand,,15.870032,100.992541,3147,58,3018.0,1,0,10.0
2020-06-21,thailand,,15.870032,100.992541,3148,58,3018.0,1,0,0.0
2020-06-22,thailand,,15.870032,100.992541,3151,58,3022.0,3,0,4.0
2020-06-23,thailand,,15.870032,100.992541,3156,58,3023.0,5,0,1.0
2020-06-24,thailand,,15.870032,100.992541,3158,58,3038.0,2,0,15.0
2020-06-25,thailand,,15.870032,100.992541,3158,58,3038.0,0,0,0.0
2020-06-26,thailand,,15.870032,100.992541,3162,58,3040.0,4,0,2.0
2020-06-27,thailand,,15.870032,100.992541,3162,58,3053.0,0,0,13.0
2020-06-28,thailand,,15.870032,100.992541,3162,58,3053.0,0,0,0.0
2020-06-29,thailand,,15.870032,100.992541,3169,58,3053.0,7,0,0.0
2020-06-30,thailand,,15.870032,100.992541,3171,58,3056.0,2,0,3.0
2020-07-01,thailand,,15.870032,100.992541,3173,58,3059.0,2,0,3.0
2020-07-02,thailand,,15.870032,100.992541,3179,58,3059.0,6,0,0.0
2020-07-03,thailand,,15.870032,100.992541,3180,58,3066.0,1,0,7.0
2020-07-04,thailand,,15.870032,100.992541,3185,58,3066.0,5,0,0.0
2020-07-05,thailand,,15.870032,100.992541,3190,58,3071.0,5,0,5.0
2020-07-06,thailand,,15.870032,100.992541,3195,58,3072.0,5,0,1.0
2020-07-07,thailand,,15.870032,100.992541,3197,58,3074.0,2,0,2.0
2020-07-08,thailand,,15.870032,100.992541,3197,58,3074.0,0,0,0.0
2020-07-09,thailand,,15.870032,100.992541,3202,58,3085.0,5,0,11.0
2020-07-10,thailand,,15.870032,100.992541,3202,58,3087.0,0,0,2.0
2020-07-11,thailand,,15.870032,100.992541,3216,58,3088.0,14,0,1.0
2020-07-12,thailand,,15.870032,100.992541,3217,58,3088.0,1,0,0.0
2020-07-13,thailand,,15.870032,100.992541,3220,58,3090.0,3,0,2.0
2020-07-14,thailand,,15.870032,100.992541,3227,58,3091.0,7,0,1.0
2020-07-15,thailand,,15.870032,100.992541,3232,58,3092.0,5,0,1.0
2020-07-16,thailand,,15.870032,100.992541,3236,58,3095.0,4,0,3.0
2020-07-17,thailand,,15.870032,100.992541,3239,58,3096.0,3,0,1.0
2020-07-18,thailand,,15.870032,100.992541,3246,58,3096.0,7,0,0.0
2020-07-19,thailand,,15.870032,100.992541,3250,58,3096.0,4,0,0.0
2020-07-20,thailand,,15.870032,100.992541,3250,58,3096.0,0,0,0.0
2020-07-21,thailand,,15.870032,100.992541,3255,58,3105.0,5,0,9.0
2020-07-22,thailand,,15.870032,100.992541,3261,58,3105.0,6,0,0.0
2020-07-23,thailand,,15.870032,100.992541,3279,58,3107.0,18,0,2.0
2020-07-24,thailand,,15.870032,100.992541,3279,58,3107.0,0,0,0.0
2020-07-25,thailand,,15.870032,100.992541,3282,58,3109.0,3,0,2.0
2020-07-26,thailand,,15.870032,100.992541,3291,58,3109.0,9,0,0.0
2020-07-27,thailand,,15.870032,100.992541,3297,58,3111.0,6,0,2.0
2020-07-28,thailand,,15.870032,100.992541,3297,58,3111.0,0,0,0.0
2020-07-29,thailand,,15.870032,100.992541,3298,58,3111.0,1,0,0.0
2020-07-30,thailand,,15.870032,100.992541,3304,58,3111.0,6,0,0.0
2020-07-31,thailand,,15.870032,100.992541,3310,58,3125.0,6,0,14.0
