date,country,state,lat,long,confirmed,deaths,recovered,confirmed_new,deaths_new,recovered_new
2020-01-22,tunisia,,33.886917,9.537499,0,0,0.0,0,0,0.0
2020-01-23,tunisia,,33.886917,9.537499,0,0,0.0,0,0,0.0
2020-01-24,tunisia,,33.886917,9.537499,0,0,0.0,0,0,0.0
2020-01-25,tunisia,,33.886917,9.537499,0,0,0.0,0,0,0.0
2020-01-26,tunisia,,33.886917,9.537499,0,0,0.0,0,0,0.0
2020-01-27,tunisia,,33.886917,9.537499,0,0,0.0,0,0,0.0
2020-01-28,tunisia,,33.886917,9.537499,0,0,0.0,0,0,0.0
2020-01-29,tunisia,,33.886917,9.537499,0,0,0.0,0,0,0.0
2020-01-30,tunisia,,33.886917,9.537499,0,0,0.0,0,0,0.0
2020-01-31,tunisia,,33.886917,9.537499,0,0,0.0,0,0,0.0
2020-02-01,tunisia,,33.886917,9.537499,0,0,0.0,0,0,0.0
2020-02-02,tunisia,,33.886917,9.537499,0,0,0.0,0,0,0.0
2020-02-03,tunisia,,33.886917,9.537499,0,0,0.0,0,0,0.0
2020-02-04,tunisia,,33.886917,9.537499,0,0,0.0,0,0,0.0
2020-02-05,tunisia,,33.886917,9.537499,0,0,0.0,0,0,0.0
2020-02-06,tunisia,,33.886917,9.537499,0,0,0.0,0,0,0.0
2020-02-07,tunisia,,33.886917,9.537499,0,0,0.0,0,0,0.0
2020-02-08,tunisia,,33.886917,9.537499,0,0,0.0,0,0,0.0
2020-02-09,tunisia,,33.886917,9.537499,0,0,0.0,0,0,0.0
2020-02-10,tunisia,,33.886917,9.537499,0,0,0.0,0,0,0.0
2020-02-11,tunisia,,33.886917,9.537499,0,0,0.0,0,0,0.0
2020-02-12,tunisia,,33.886917,9.537499,0,0,0.0,0,0,0.0
2020-02-13,tunisia,,33.886917,9.537499,0,0,0.0,0,0,0.0
2020-02-14,tunisia,,33.886917,9.537499,0,0,0.0,0,0,0.0
2020-02-15,tunisia,,33.886917,9.537499,0,0,0.0,0,0,0.0
2020-02-16,tunisia,,33.886917,9.537499,0,0,0.0,0,0,0.0
2020-02-17,tunisia,,33.886917,9.537499,0,0,0.0,0,0,0.0
2020-02-18,tunisia,,33.886917,9.537499,0,0,0.0,0,0,0.0
2020-02-19,tunisia,,33.886917,9.537499,0,0,0.0,0,0,0.0
2020-02-20,tunisia,,33.886917,9.537499,0,0,0.0,0,0,0.0
2020-02-21,tunisia,,33.886917,9.537499,0,0,0.0,0,0,0.0
2020-02-22,tunisia,,33.886917,9.537499,0,0,0.0,0,0,0.0
2020-02-23,tunisia,,33.886917,9.537499,0,0,0.0,0,0,0.0
2020-02-24,tunisia,,33.886917,9.537499,0,0,0.0,0,0,0.0
2020-02-25,tunisia,,33.886917,9.537499,0,0,0.0,0,0,0.0
2020-02-26,tunisia,,33.886917,9.537499,0,0,0.0,0,0,0.0
2020-02-27,tunisia,,33.886917,9.537499,0,0,0.0,0,0,0.0
2020-02-28,tunisia,,33.886917,9.537499,0,0,0.0,0,0,0.0
2020-02-29,tunisia,,33.886917,9.537499,0,0,0.0,0,0,0.0
2020-03-01,tunisia,,33.886917,9.537499,0,0,0.0,0,0,0.0
2020-03-02,tunisia,,33.886917,9.537499,0,0,0.0,0,0,0.0
2020-03-03,tunisia,,33.886917,9.537499,0,0,0.0,0,0,0.0
2020-03-04,tunisia,,33.886917,9.537499,1,0,0.0,1,0,0.0
2020-03-05,tunisia,,33.886917,9.537499,1,0,0.0,0,0,0.0
2020-03-06,tunisia,,33.886917,9.537499,1,0,0.0,0,0,0.0
2020-03-07,tunisia,,33.886917,9.537499,1,0,0.0,0,0,0.0
2020-03-08,tunisia,,33.886917,9.537499,2,0,0.0,1,0,0.0
2020-03-09,tunisia,,33.886917,9.537499,2,0,0.0,0,0,0.0
2020-03-10,tunisia,,33.886917,9.537499,5,0,0.0,3,0,0.0
2020-03-11,tunisia,,33.886917,9.537499,7,0,0.0,2,0,0.0
2020-03-12,tunisia,,33.886917,9.537499,7,0,0.0,0,0,0.0
2020-03-13,tunisia,,33.886917,9.537499,16,0,0.0,9,0,0.0
2020-03-14,tunisia,,33.886917,9.537499,18,0,0.0,2,0,0.0
2020-03-15,tunisia,,33.886917,9.537499,18,0,0.0,0,0,0.0
2020-03-16,tunisia,,33.886917,9.537499,20,0,0.0,2,0,0.0
2020-03-17,tunisia,,33.886917,9.537499,24,0,0.0,4,0,0.0
2020-03-18,tunisia,,33.886917,9.537499,29,0,0.0,5,0,0.0
2020-03-19,tunisia,,33.886917,9.537499,39,1,0.0,10,1,0.0
2020-03-20,tunisia,,33.886917,9.537499,54,1,0.0,15,0,0.0
2020-03-21,tunisia,,33.886917,9.537499,60,1,0.0,6,0,0.0
2020-03-22,tunisia,,33.886917,9.537499,75,3,1.0,15,2,1.0
2020-03-23,tunisia,,33.886917,9.537499,89,3,1.0,14,0,0.0
2020-03-24,tunisia,,33.886917,9.537499,114,4,1.0,25,1,0.0
2020-03-25,tunisia,,33.886917,9.537499,173,5,2.0,59,1,1.0
2020-03-26,tunisia,,33.886917,9.537499,197,6,2.0,24,1,0.0
2020-03-27,tunisia,,33.886917,9.537499,227,6,2.0,30,0,0.0
2020-03-28,tunisia,,33.886917,9.537499,278,8,2.0,51,2,0.0
2020-03-29,tunisia,,33.886917,9.537499,312,8,2.0,34,0,0.0
2020-03-30,tunisia,,33.886917,9.537499,312,8,3.0,0,0,1.0
2020-03-31,tunisia,,33.886917,9.537499,394,10,3.0,82,2,0.0
2020-04-01,tunisia,,33.886917,9.537499,423,12,5.0,29,2,2.0
2020-04-02,tunisia,,33.886917,9.537499,455,14,5.0,32,2,0.0
2020-04-03,tunisia,,33.886917,9.537499,495,18,5.0,40,4,0.0
2020-04-04,tunisia,,33.886917,9.537499,553,18,5.0,58,0,0.0
2020-04-05,tunisia,,33.886917,9.537499,574,22,5.0,21,4,0.0
2020-04-06,tunisia,,33.886917,9.537499,596,22,5.0,22,0,0.0
2020-04-07,tunisia,,33.886917,9.537499,623,23,25.0,27,1,20.0
2020-04-08,tunisia,,33.886917,9.537499,628,24,25.0,5,1,0.0
2020-04-09,tunisia,,33.886917,9.537499,643,25,25.0,15,1,0.0
2020-04-10,tunisia,,33.886917,9.537499,671,25,25.0,28,0,0.0
2020-04-11,tunisia,,33.886917,9.537499,685,28,43.0,14,3,18.0
2020-04-12,tunisia,,33.886917,9.537499,707,31,43.0,22,3,0.0
2020-04-13,tunisia,,33.886917,9.537499,726,34,43.0,19,3,0.0
2020-04-14,tunisia,,33.886917,9.537499,747,34,43.0,21,0,0.0
2020-04-15,tunisia,,33.886917,9.537499,780,35,43.0,33,1,0.0
2020-04-16,tunisia,,33.886917,9.537499,822,37,43.0,42,2,0.0
2020-04-17,tunisia,,33.886917,9.537499,864,37,43.0,42,0,0.0
2020-04-18,tunisia,,33.886917,9.537499,864,37,43.0,0,0,0.0
2020-04-19,tunisia,,33.886917,9.537499,879,38,43.0,15,1,0.0
2020-04-20,tunisia,,33.886917,9.537499,884,38,148.0,5,0,105.0
2020-04-21,tunisia,,33.886917,9.537499,884,38,148.0,0,0,0.0
2020-04-22,tunisia,,33.886917,9.537499,909,38,190.0,25,0,42.0
2020-04-23,tunisia,,33.886917,9.537499,918,38,190.0,9,0,0.0
2020-04-24,tunisia,,33.886917,9.537499,922,38,194.0,4,0,4.0
2020-04-25,tunisia,,33.886917,9.537499,939,38,207.0,17,0,13.0
2020-04-26,tunisia,,33.886917,9.537499,949,38,216.0,10,0,9.0
2020-04-27,tunisia,,33.886917,9.537499,967,39,279.0,18,1,63.0
2020-04-28,tunisia,,33.886917,9.537499,975,40,279.0,8,1,0.0
2020-04-29,tunisia,,33.886917,9.537499,980,40,294.0,5,0,15.0
2020-04-30,tunisia,,33.886917,9.537499,994,41,305.0,14,1,11.0
2020-05-01,tunisia,,33.886917,9.537499,998,41,316.0,4,0,11.0
2020-05-02,tunisia,,33.886917,9.537499,1009,42,323.0,11,1,7.0
2020-05-03,tunisia,,33.886917,9.537499,1013,42,328.0,4,0,5.0
2020-05-04,tunisia,,33.886917,9.537499,1018,43,406.0,5,1,78.0
2020-05-05,tunisia,,33.886917,9.537499,1022,43,482.0,4,0,76.0
2020-05-06,tunisia,,33.886917,9.537499,1025,43,591.0,3,0,109.0
2020-05-07,tunisia,,33.886917,9.537499,1026,44,600.0,1,1,9.0
2020-05-08,tunisia,,33.886917,9.537499,1030,45,638.0,4,1,38.0
2020-05-09,tunisia,,33.886917,9.537499,1032,45,660.0,2,0,22.0
2020-05-10,tunisia,,33.886917,9.537499,1032,45,700.0,0,0,40.0
2020-05-11,tunisia,,33.886917,9.537499,1032,45,727.0,0,0,27.0
2020-05-12,tunisia,,33.886917,9.537499,1032,45,740.0,0,0,13.0
2020-05-13,tunisia,,33.886917,9.537499,1032,45,759.0,0,0,19.0
2020-05-14,tunisia,,33.886917,9.537499,1032,45,770.0,0,0,11.0
2020-05-15,tunisia,,33.886917,9.537499,1035,45,802.0,3,0,32.0
2020-05-16,tunisia,,33.886917,9.537499,1037,45,807.0,2,0,5.0
2020-05-17,tunisia,,33.886917,9.537499,1037,45,816.0,0,0,9.0
2020-05-18,tunisia,,33.886917,9.537499,1043,46,819.0,6,1,3.0
2020-05-19,tunisia,,33.886917,9.537499,1044,47,826.0,1,1,7.0
2020-05-20,tunisia,,33.886917,9.537499,1045,47,862.0,1,0,36.0
2020-05-21,tunisia,,33.886917,9.537499,1046,47,883.0,1,0,21.0
2020-05-22,tunisia,,33.886917,9.537499,1048,47,903.0,2,0,20.0
2020-05-23,tunisia,,33.886917,9.537499,1048,48,914.0,0,1,11.0
2020-05-24,tunisia,,33.886917,9.537499,1051,48,917.0,3,0,3.0
2020-05-25,tunisia,,33.886917,9.537499,1051,48,919.0,0,0,2.0
2020-05-26,tunisia,,33.886917,9.537499,1051,48,929.0,0,0,10.0
2020-05-27,tunisia,,33.886917,9.537499,1051,48,929.0,0,0,0.0
2020-05-28,tunisia,,33.886917,9.537499,1068,48,938.0,17,0,9.0
2020-05-29,tunisia,,33.886917,9.537499,1071,48,946.0,3,0,8.0
2020-05-30,tunisia,,33.886917,9.537499,1076,48,950.0,5,0,4.0
2020-05-31,tunisia,,33.886917,9.537499,1077,48,960.0,1,0,10.0
2020-06-01,tunisia,,33.886917,9.537499,1084,48,964.0,7,0,4.0
2020-06-02,tunisia,,33.886917,9.537499,1086,48,965.0,2,0,1.0
2020-06-03,tunisia,,33.886917,9.537499,1087,49,965.0,1,1,0.0
2020-06-04,tunisia,,33.886917,9.537499,1087,49,968.0,0,0,3.0
2020-06-05,tunisia,,33.886917,9.537499,1087,49,969.0,0,0,1.0
2020-06-06,tunisia,,33.886917,9.537499,1087,49,977.0,0,0,8.0
2020-06-07,tunisia,,33.886917,9.537499,1087,49,982.0,0,0,5.0
2020-06-08,tunisia,,33.886917,9.537499,1087,49,982.0,0,0,0.0
2020-06-09,tunisia,,33.886917,9.537499,1087,49,982.0,0,0,0.0
2020-06-10,tunisia,,33.886917,9.537499,1087,49,983.0,0,0,1.0
2020-06-11,tunisia,,33.886917,9.537499,1087,49,989.0,0,0,6.0
2020-06-12,tunisia,,33.886917,9.537499,1093,49,995.0,6,0,6.0
2020-06-13,tunisia,,33.886917,9.537499,1094,49,995.0,1,0,0.0
2020-06-14,tunisia,,33.886917,9.537499,1096,49,998.0,2,0,3.0
2020-06-15,tunisia,,33.886917,9.537499,1110,49,999.0,14,0,1.0
2020-06-16,tunisia,,33.886917,9.537499,1125,49,1002.0,15,0,3.0
2020-06-17,tunisia,,33.886917,9.537499,1128,50,1004.0,3,1,2.0
2020-06-18,tunisia,,33.886917,9.537499,1132,50,1006.0,4,0,2.0
2020-06-19,tunisia,,33.886917,9.537499,1146,50,1014.0,14,0,8.0
2020-06-20,tunisia,,33.886917,9.537499,1156,50,1017.0,10,0,3.0
2020-06-21,tunisia,,33.886917,9.537499,1157,50,1020.0,1,0,3.0
2020-06-22,tunisia,,33.886917,9.537499,1159,50,1020.0,2,0,0.0
2020-06-23,tunisia,,33.886917,9.537499,1159,50,1023.0,0,0,3.0
2020-06-24,tunisia,,33.886917,9.537499,1160,50,1023.0,1,0,0.0
2020-06-25,tunisia,,33.886917,9.537499,1162,50,1023.0,2,0,0.0
2020-06-26,tunisia,,33.886917,9.537499,1164,50,1023.0,2,0,0.0
2020-06-27,tunisia,,33.886917,9.537499,1168,50,1025.0,4,0,2.0
2020-06-28,tunisia,,33.886917,9.537499,1169,50,1029.0,1,0,4.0
2020-06-29,tunisia,,33.886917,9.537499,1172,50,1029.0,3,0,0.0
2020-06-30,tunisia,,33.886917,9.537499,1174,50,1031.0,2,0,2.0
2020-07-01,tunisia,,33.886917,9.537499,1175,50,1038.0,1,0,7.0
2020-07-02,tunisia,,33.886917,9.537499,1178,50,1039.0,3,0,1.0
2020-07-03,tunisia,,33.886917,9.537499,1181,50,1045.0,3,0,6.0
2020-07-04,tunisia,,33.886917,9.537499,1186,50,1046.0,5,0,1.0
2020-07-05,tunisia,,33.886917,9.537499,1188,50,1048.0,2,0,2.0
2020-07-06,tunisia,,33.886917,9.537499,1199,50,1049.0,11,0,1.0
2020-07-07,tunisia,,33.886917,9.537499,1205,50,1049.0,6,0,0.0
2020-07-08,tunisia,,33.886917,9.537499,1221,50,1050.0,16,0,1.0
2020-07-09,tunisia,,33.886917,9.537499,1231,50,1055.0,10,0,5.0
2020-07-10,tunisia,,33.886917,9.537499,1240,50,1067.0,9,0,12.0
2020-07-11,tunisia,,33.886917,9.537499,1245,50,1076.0,5,0,9.0
2020-07-12,tunisia,,33.886917,9.537499,1263,50,1076.0,18,0,0.0
2020-07-13,tunisia,,33.886917,9.537499,1302,50,1082.0,39,0,6.0
2020-07-14,tunisia,,33.886917,9.537499,1306,50,1087.0,4,0,5.0
2020-07-15,tunisia,,33.886917,9.537499,1319,50,1091.0,13,0,4.0
2020-07-16,tunisia,,33.886917,9.537499,1327,50,1093.0,8,0,2.0
2020-07-17,tunisia,,33.886917,9.537499,1336,50,1095.0,9,0,2.0
2020-07-18,tunisia,,33.886917,9.537499,1348,50,1095.0,12,0,0.0
2020-07-19,tunisia,,33.886917,9.537499,1374,50,1097.0,26,0,2.0
2020-07-20,tunisia,,33.886917,9.537499,1381,50,1099.0,7,0,2.0
2020-07-21,tunisia,,33.886917,9.537499,1389,50,1103.0,8,0,4.0
2020-07-22,tunisia,,33.886917,9.537499,1394,50,1108.0,5,0,5.0
2020-07-23,tunisia,,33.886917,9.537499,1406,50,1118.0,12,0,10.0
2020-07-24,tunisia,,33.886917,9.537499,1425,50,1124.0,19,0,6.0
2020-07-25,tunisia,,33.886917,9.537499,1443,50,1133.0,18,0,9.0
2020-07-26,tunisia,,33.886917,9.537499,1452,50,1142.0,9,0,9.0
2020-07-27,tunisia,,33.886917,9.537499,1455,50,1157.0,3,0,15.0
2020-07-28,tunisia,,33.886917,9.537499,1468,50,1168.0,13,0,11.0
2020-07-29,tunisia,,33.886917,9.537499,1488,50,1178.0,20,0,10.0
2020-07-30,tunisia,,33.886917,9.537499,1514,50,1187.0,26,0,9.0
2020-07-31,tunisia,,33.886917,9.537499,1535,50,1195.0,21,0,8.0
