date,country,state,lat,long,confirmed,deaths,recovered,confirmed_new,deaths_new,recovered_new
2020-01-22,ukraine,,48.3794,31.1656,0,0,0.0,0,0,0.0
2020-01-23,ukraine,,48.3794,31.1656,0,0,0.0,0,0,0.0
2020-01-24,ukraine,,48.3794,31.1656,0,0,0.0,0,0,0.0
2020-01-25,ukraine,,48.3794,31.1656,0,0,0.0,0,0,0.0
2020-01-26,ukraine,,48.3794,31.1656,0,0,0.0,0,0,0.0
2020-01-27,ukraine,,48.3794,31.1656,0,0,0.0,0,0,0.0
2020-01-28,ukraine,,48.3794,31.1656,0,0,0.0,0,0,0.0
2020-01-29,ukraine,,48.3794,31.1656,0,0,0.0,0,0,0.0
2020-01-30,ukraine,,48.3794,31.1656,0,0,0.0,0,0,0.0
2020-01-31,ukraine,,48.3794,31.1656,0,0,0.0,0,0,0.0
2020-02-01,ukraine,,48.3794,31.1656,0,0,0.0,0,0,0.0
2020-02-02,ukraine,,48.3794,31.1656,0,0,0.0,0,0,0.0
2020-02-03,ukraine,,48.3794,31.1656,0,0,0.0,0,0,0.0
2020-02-04,ukraine,,48.3794,31.1656,0,0,0.0,0,0,0.0
2020-02-05,ukraine,,48.3794,31.1656,0,0,0.0,0,0,0.0
2020-02-06,ukraine,,48.3794,31.1656,0,0,0.0,0,0,0.0
2020-02-07,ukraine,,48.3794,31.1656,0,0,0.0,0,0,0.0
2020-02-08,ukraine,,48.3794,31.1656,0,0,0.0,0,0,0.0
2020-02-09,ukraine,,48.3794,31.1656,0,0,0.0,0,0,0.0
2020-02-10,ukraine,,48.3794,31.1656,0,0,0.0,0,0,0.0
2020-02-11,ukraine,,48.3794,31.1656,0,0,0.0,0,0,0.0
2020-02-12,ukraine,,48.3794,31.1656,0,0,0.0,0,0,0.0
2020-02-13,ukraine,,48.3794,31.1656,0,0,0.0,0,0,0.0
2020-02-14,ukraine,,48.3794,31.1656,0,0,0.0,0,0,0.0
2020-02-15,ukraine,,48.3794,31.1656,0,0,0.0,0,0,0.0
2020-02-16,ukraine,,48.3794,31.1656,0,0,0.0,0,0,0.0
2020-02-17,ukraine,,48.3794,31.1656,0,0,0.0,0,0,0.0
2020-02-18,ukraine,,48.3794,31.1656,0,0,0.0,0,0,0.0
2020-02-19,ukraine,,48.3794,31.1656,0,0,0.0,0,0,0.0
2020-02-20,ukraine,,48.3794,31.1656,0,0,0.0,0,0,0.0
2020-02-21,ukraine,,48.3794,31.1656,0,0,0.0,0,0,0.0
2020-02-22,ukraine,,48.3794,31.1656,0,0,0.0,0,0,0.0
2020-02-23,ukraine,,48.3794,31.1656,0,0,0.0,0,0,0.0
2020-02-24,ukraine,,48.3794,31.1656,0,0,0.0,0,0,0.0
2020-02-25,ukraine,,48.3794,31.1656,0,0,0.0,0,0,0.0
2020-02-26,ukraine,,48.3794,31.1656,0,0,0.0,0,0,0.0
2020-02-27,ukraine,,48.3794,31.1656,0,0,0.0,0,0,0.0
2020-02-28,ukraine,,48.3794,31.1656,0,0,0.0,0,0,0.0
2020-02-29,ukraine,,48.3794,31.1656,0,0,0.0,0,0,0.0
2020-03-01,ukraine,,48.3794,31.1656,0,0,0.0,0,0,0.0
2020-03-02,ukraine,,48.3794,31.1656,0,0,0.0,0,0,0.0
2020-03-03,ukraine,,48.3794,31.1656,1,0,0.0,1,0,0.0
2020-03-04,ukraine,,48.3794,31.1656,1,0,0.0,0,0,0.0
2020-03-05,ukraine,,48.3794,31.1656,1,0,0.0,0,0,0.0
2020-03-06,ukraine,,48.3794,31.1656,1,0,0.0,0,0,0.0
2020-03-07,ukraine,,48.3794,31.1656,1,0,0.0,0,0,0.0
2020-03-08,ukraine,,48.3794,31.1656,1,0,0.0,0,0,0.0
2020-03-09,ukraine,,48.3794,31.1656,1,0,0.0,0,0,0.0
2020-03-10,ukraine,,48.3794,31.1656,1,0,0.0,0,0,0.0
2020-03-11,ukraine,,48.3794,31.1656,1,0,0.0,0,0,0.0
2020-03-12,ukraine,,48.3794,31.1656,1,0,0.0,0,0,0.0
2020-03-13,ukraine,,48.3794,31.1656,3,1,0.0,2,1,0.0
2020-03-14,ukraine,,48.3794,31.1656,3,1,0.0,0,0,0.0
2020-03-15,ukraine,,48.3794,31.1656,3,1,0.0,0,0,0.0
2020-03-16,ukraine,,48.3794,31.1656,7,1,0.0,4,0,0.0
2020-03-17,ukraine,,48.3794,31.1656,14,2,0.0,7,1,0.0
2020-03-18,ukraine,,48.3794,31.1656,14,2,0.0,0,0,0.0
2020-03-19,ukraine,,48.3794,31.1656,16,2,0.0,2,0,0.0
2020-03-20,ukraine,,48.3794,31.1656,29,3,0.0,13,1,0.0
2020-03-21,ukraine,,48.3794,31.1656,47,3,1.0,18,0,1.0
2020-03-22,ukraine,,48.3794,31.1656,73,3,1.0,26,0,0.0
2020-03-23,ukraine,,48.3794,31.1656,73,3,1.0,0,0,0.0
2020-03-24,ukraine,,48.3794,31.1656,97,3,1.0,24,0,0.0
2020-03-25,ukraine,,48.3794,31.1656,145,5,1.0,48,2,0.0
2020-03-26,ukraine,,48.3794,31.1656,196,5,1.0,51,0,0.0
2020-03-27,ukraine,,48.3794,31.1656,310,5,5.0,114,0,4.0
2020-03-28,ukraine,,48.3794,31.1656,356,9,5.0,46,4,0.0
2020-03-29,ukraine,,48.3794,31.1656,475,10,6.0,119,1,1.0
2020-03-30,ukraine,,48.3794,31.1656,548,13,8.0,73,3,2.0
2020-03-31,ukraine,,48.3794,31.1656,645,17,10.0,97,4,2.0
2020-04-01,ukraine,,48.3794,31.1656,794,20,13.0,149,3,3.0
2020-04-02,ukraine,,48.3794,31.1656,897,22,19.0,103,2,6.0
2020-04-03,ukraine,,48.3794,31.1656,1072,27,22.0,175,5,3.0
2020-04-04,ukraine,,48.3794,31.1656,1225,32,25.0,153,5,3.0
2020-04-05,ukraine,,48.3794,31.1656,1308,37,28.0,83,5,3.0
2020-04-06,ukraine,,48.3794,31.1656,1319,38,28.0,11,1,0.0
2020-04-07,ukraine,,48.3794,31.1656,1462,45,28.0,143,7,0.0
2020-04-08,ukraine,,48.3794,31.1656,1668,52,35.0,206,7,7.0
2020-04-09,ukraine,,48.3794,31.1656,1892,57,45.0,224,5,10.0
2020-04-10,ukraine,,48.3794,31.1656,2203,69,61.0,311,12,16.0
2020-04-11,ukraine,,48.3794,31.1656,2511,73,79.0,308,4,18.0
2020-04-12,ukraine,,48.3794,31.1656,2777,83,89.0,266,10,10.0
2020-04-13,ukraine,,48.3794,31.1656,3102,93,97.0,325,10,8.0
2020-04-14,ukraine,,48.3794,31.1656,3372,98,119.0,270,5,22.0
2020-04-15,ukraine,,48.3794,31.1656,3764,108,143.0,392,10,24.0
2020-04-16,ukraine,,48.3794,31.1656,4161,116,186.0,397,8,43.0
2020-04-17,ukraine,,48.3794,31.1656,4662,125,246.0,501,9,60.0
2020-04-18,ukraine,,48.3794,31.1656,5106,133,275.0,444,8,29.0
2020-04-19,ukraine,,48.3794,31.1656,5449,141,347.0,343,8,72.0
2020-04-20,ukraine,,48.3794,31.1656,5710,151,359.0,261,10,12.0
2020-04-21,ukraine,,48.3794,31.1656,6125,161,367.0,415,10,8.0
2020-04-22,ukraine,,48.3794,31.1656,6592,174,424.0,467,13,57.0
2020-04-23,ukraine,,48.3794,31.1656,7170,187,504.0,578,13,80.0
2020-04-24,ukraine,,48.3794,31.1656,7647,201,782.0,477,14,278.0
2020-04-25,ukraine,,48.3794,31.1656,8125,201,782.0,478,0,0.0
2020-04-26,ukraine,,48.3794,31.1656,8617,209,840.0,492,8,58.0
2020-04-27,ukraine,,48.3794,31.1656,9009,220,864.0,392,11,24.0
2020-04-28,ukraine,,48.3794,31.1656,9410,239,992.0,401,19,128.0
2020-04-29,ukraine,,48.3794,31.1656,9866,250,1103.0,456,11,111.0
2020-04-30,ukraine,,48.3794,31.1656,10406,261,1238.0,540,11,135.0
2020-05-01,ukraine,,48.3794,31.1656,10861,272,1413.0,455,11,175.0
2020-05-02,ukraine,,48.3794,31.1656,11411,279,1498.0,550,7,85.0
2020-05-03,ukraine,,48.3794,31.1656,11913,288,1548.0,502,9,50.0
2020-05-04,ukraine,,48.3794,31.1656,12331,303,1619.0,418,15,71.0
2020-05-05,ukraine,,48.3794,31.1656,12697,316,1875.0,366,13,256.0
2020-05-06,ukraine,,48.3794,31.1656,13184,327,2097.0,487,11,222.0
2020-05-07,ukraine,,48.3794,31.1656,13691,340,2396.0,507,13,299.0
2020-05-08,ukraine,,48.3794,31.1656,14195,361,2706.0,504,21,310.0
2020-05-09,ukraine,,48.3794,31.1656,14710,376,2909.0,515,15,203.0
2020-05-10,ukraine,,48.3794,31.1656,15232,391,3060.0,522,15,151.0
2020-05-11,ukraine,,48.3794,31.1656,15648,408,3288.0,416,17,228.0
2020-05-12,ukraine,,48.3794,31.1656,16023,425,3373.0,375,17,85.0
2020-05-13,ukraine,,48.3794,31.1656,16425,439,3716.0,402,14,343.0
2020-05-14,ukraine,,48.3794,31.1656,16847,456,4143.0,422,17,427.0
2020-05-15,ukraine,,48.3794,31.1656,17330,476,4473.0,483,20,330.0
2020-05-16,ukraine,,48.3794,31.1656,17858,497,4906.0,528,21,433.0
2020-05-17,ukraine,,48.3794,31.1656,18291,514,5116.0,433,17,210.0
2020-05-18,ukraine,,48.3794,31.1656,18616,535,5276.0,325,21,160.0
2020-05-19,ukraine,,48.3794,31.1656,18876,548,5632.0,260,13,356.0
2020-05-20,ukraine,,48.3794,31.1656,19230,564,5955.0,354,16,323.0
2020-05-21,ukraine,,48.3794,31.1656,19706,579,6227.0,476,15,272.0
2020-05-22,ukraine,,48.3794,31.1656,20148,588,6585.0,442,9,358.0
2020-05-23,ukraine,,48.3794,31.1656,20580,605,6929.0,432,17,344.0
2020-05-24,ukraine,,48.3794,31.1656,20986,617,7108.0,406,12,179.0
2020-05-25,ukraine,,48.3794,31.1656,21245,623,7234.0,259,6,126.0
2020-05-26,ukraine,,48.3794,31.1656,21584,644,7575.0,339,21,341.0
2020-05-27,ukraine,,48.3794,31.1656,21905,658,7995.0,321,14,420.0
2020-05-28,ukraine,,48.3794,31.1656,22382,669,8439.0,477,11,444.0
2020-05-29,ukraine,,48.3794,31.1656,22811,679,8934.0,429,10,495.0
2020-05-30,ukraine,,48.3794,31.1656,23204,696,9311.0,393,17,377.0
2020-05-31,ukraine,,48.3794,31.1656,23672,708,9538.0,468,12,227.0
2020-06-01,ukraine,,48.3794,31.1656,24562,724,10053.0,890,16,515.0
2020-06-02,ukraine,,48.3794,31.1656,24895,733,10461.0,333,9,408.0
2020-06-03,ukraine,,48.3794,31.1656,25385,742,10838.0,490,9,377.0
2020-06-04,ukraine,,48.3794,31.1656,25981,755,11468.0,596,13,630.0
2020-06-05,ukraine,,48.3794,31.1656,26542,770,11815.0,561,15,347.0
2020-06-06,ukraine,,48.3794,31.1656,27101,785,12265.0,559,15,450.0
2020-06-07,ukraine,,48.3794,31.1656,27599,796,12513.0,498,11,248.0
2020-06-08,ukraine,,48.3794,31.1656,28077,805,12657.0,478,9,144.0
2020-06-09,ukraine,,48.3794,31.1656,28479,818,12892.0,402,13,235.0
2020-06-10,ukraine,,48.3794,31.1656,29015,841,13257.0,536,23,365.0
2020-06-11,ukraine,,48.3794,31.1656,29706,864,13642.0,691,23,385.0
2020-06-12,ukraine,,48.3794,31.1656,30415,880,14075.0,709,16,433.0
2020-06-13,ukraine,,48.3794,31.1656,31177,890,14489.0,762,10,414.0
2020-06-14,ukraine,,48.3794,31.1656,31851,899,14596.0,674,9,107.0
2020-06-15,ukraine,,48.3794,31.1656,32536,911,14771.0,685,12,175.0
2020-06-16,ukraine,,48.3794,31.1656,33209,922,15054.0,673,11,283.0
2020-06-17,ukraine,,48.3794,31.1656,33986,953,15485.0,777,31,431.0
2020-06-18,ukraine,,48.3794,31.1656,34833,976,16001.0,847,23,516.0
2020-06-19,ukraine,,48.3794,31.1656,35755,995,16588.0,922,19,587.0
2020-06-20,ukraine,,48.3794,31.1656,36615,1004,16974.0,860,9,386.0
2020-06-21,ukraine,,48.3794,31.1656,37361,1012,17078.0,746,8,104.0
2020-06-22,ukraine,,48.3794,31.1656,38056,1022,17211.0,695,10,133.0
2020-06-23,ukraine,,48.3794,31.1656,38901,1045,17538.0,845,23,327.0
2020-06-24,ukraine,,48.3794,31.1656,39852,1061,18009.0,951,16,471.0
2020-06-25,ukraine,,48.3794,31.1656,40854,1078,18365.0,1002,17,356.0
2020-06-26,ukraine,,48.3794,31.1656,41975,1097,18927.0,1121,19,562.0
2020-06-27,ukraine,,48.3794,31.1656,42932,1121,19350.0,957,24,423.0
2020-06-28,ukraine,,48.3794,31.1656,43856,1142,19585.0,924,21,235.0
2020-06-29,ukraine,,48.3794,31.1656,44538,1161,19679.0,682,19,94.0
2020-06-30,ukraine,,48.3794,31.1656,45254,1173,19792.0,716,12,113.0
2020-07-01,ukraine,,48.3794,31.1656,45924,1188,20244.0,670,15,452.0
2020-07-02,ukraine,,48.3794,31.1656,46821,1200,20755.0,897,12,511.0
2020-07-03,ukraine,,48.3794,31.1656,47705,1227,21296.0,884,27,541.0
2020-07-04,ukraine,,48.3794,31.1656,48628,1243,21907.0,923,16,611.0
2020-07-05,ukraine,,48.3794,31.1656,49468,1265,22131.0,840,22,224.0
2020-07-06,ukraine,,48.3794,31.1656,50053,1278,22462.0,585,13,331.0
2020-07-07,ukraine,,48.3794,31.1656,50622,1299,22970.0,569,21,508.0
2020-07-08,ukraine,,48.3794,31.1656,51457,1323,23912.0,835,24,942.0
2020-07-09,ukraine,,48.3794,31.1656,52285,1344,24606.0,828,21,694.0
2020-07-10,ukraine,,48.3794,31.1656,53116,1362,25634.0,831,18,1028.0
2020-07-11,ukraine,,48.3794,31.1656,53941,1389,26513.0,825,27,879.0
2020-07-12,ukraine,,48.3794,31.1656,54647,1400,26971.0,706,11,458.0
2020-07-13,ukraine,,48.3794,31.1656,55285,1415,27356.0,638,15,385.0
2020-07-14,ukraine,,48.3794,31.1656,55931,1429,28021.0,646,14,665.0
2020-07-15,ukraine,,48.3794,31.1656,56779,1444,29005.0,848,15,984.0
2020-07-16,ukraine,,48.3794,31.1656,57640,1462,29822.0,861,18,817.0
2020-07-17,ukraine,,48.3794,31.1656,58466,1473,30675.0,826,11,853.0
2020-07-18,ukraine,,48.3794,31.1656,59333,1496,31479.0,867,23,804.0
2020-07-19,ukraine,,48.3794,31.1656,60077,1504,31836.0,744,8,357.0
2020-07-20,ukraine,,48.3794,31.1656,60767,1517,32397.0,690,13,561.0
2020-07-21,ukraine,,48.3794,31.1656,61454,1537,33186.0,687,20,789.0
2020-07-22,ukraine,,48.3794,31.1656,62295,1553,34176.0,841,16,990.0
2020-07-23,ukraine,,48.3794,31.1656,63169,1570,35035.0,874,17,859.0
2020-07-24,ukraine,,48.3794,31.1656,64173,1591,35932.0,1004,21,897.0
2020-07-25,ukraine,,48.3794,31.1656,65317,1610,36573.0,1144,19,641.0
2020-07-26,ukraine,,48.3794,31.1656,66261,1625,36885.0,944,15,312.0
2020-07-27,ukraine,,48.3794,31.1656,67096,1636,37202.0,835,11,317.0
2020-07-28,ukraine,,48.3794,31.1656,68030,1650,37852.0,934,14,650.0
2020-07-29,ukraine,,48.3794,31.1656,69078,1673,38523.0,1048,23,671.0
2020-07-30,ukraine,,48.3794,31.1656,70300,1697,39327.0,1222,24,804.0
2020-07-31,ukraine,,48.3794,31.1656,71404,1717,39945.0,1104,20,618.0
