date,country,state,lat,long,confirmed,deaths,recovered,confirmed_new,deaths_new,recovered_new
2020-01-22,united-arab-emirates,,23.424076,53.847818000000004,0,0,0.0,0,0,0.0
2020-01-23,united-arab-emirates,,23.424076,53.847818000000004,0,0,0.0,0,0,0.0
2020-01-24,united-arab-emirates,,23.424076,53.847818000000004,0,0,0.0,0,0,0.0
2020-01-25,united-arab-emirates,,23.424076,53.847818000000004,0,0,0.0,0,0,0.0
2020-01-26,united-arab-emirates,,23.424076,53.847818000000004,0,0,0.0,0,0,0.0
2020-01-27,united-arab-emirates,,23.424076,53.847818000000004,0,0,0.0,0,0,0.0
2020-01-28,united-arab-emirates,,23.424076,53.847818000000004,0,0,0.0,0,0,0.0
2020-01-29,united-arab-emirates,,23.424076,53.847818000000004,4,0,0.0,4,0,0.0
2020-01-30,united-arab-emirates,,23.424076,53.847818000000004,4,0,0.0,0,0,0.0
2020-01-31,united-arab-emirates,,23.424076,53.847818000000004,4,0,0.0,0,0,0.0
2020-02-01,united-arab-emirates,,23.424076,53.847818000000004,4,0,0.0,0,0,0.0
2020-02-02,united-arab-emirates,,23.424076,53.847818000000004,5,0,0.0,1,0,0.0
2020-02-03,united-arab-emirates,,23.424076,53.847818000000004,5,0,0.0,0,0,0.0
2020-02-04,united-arab-emirates,,23.424076,53.847818000000004,5,0,0.0,0,0,0.0
2020-02-05,united-arab-emirates,,23.424076,53.847818000000004,5,0,0.0,0,0,0.0
2020-02-06,united-arab-emirates,,23.424076,53.847818000000004,5,0,0.0,0,0,0.0
2020-02-07,united-arab-emirates,,23.424076,53.847818000000004,5,0,0.0,0,0,0.0
2020-02-08,united-arab-emirates,,23.424076,53.847818000000004,7,0,0.0,2,0,0.0
2020-02-09,united-arab-emirates,,23.424076,53.847818000000004,7,0,0.0,0,0,0.0
2020-02-10,united-arab-emirates,,23.424076,53.847818000000004,8,0,0.0,1,0,0.0
2020-02-11,united-arab-emirates,,23.424076,53.847818000000004,8,0,0.0,0,0,0.0
2020-02-12,united-arab-emirates,,23.424076,53.847818000000004,8,0,1.0,0,0,1.0
2020-02-13,united-arab-emirates,,23.424076,53.847818000000004,8,0,1.0,0,0,0.0
2020-02-14,united-arab-emirates,,23.424076,53.847818000000004,8,0,1.0,0,0,0.0
2020-02-15,united-arab-emirates,,23.424076,53.847818000000004,8,0,3.0,0,0,2.0
2020-02-16,united-arab-emirates,,23.424076,53.847818000000004,9,0,4.0,1,0,1.0
2020-02-17,united-arab-emirates,,23.424076,53.847818000000004,9,0,4.0,0,0,0.0
2020-02-18,united-arab-emirates,,23.424076,53.847818000000004,9,0,4.0,0,0,0.0
2020-02-19,united-arab-emirates,,23.424076,53.847818000000004,9,0,4.0,0,0,0.0
2020-02-20,united-arab-emirates,,23.424076,53.847818000000004,9,0,4.0,0,0,0.0
2020-02-21,united-arab-emirates,,23.424076,53.847818000000004,9,0,4.0,0,0,0.0
2020-02-22,united-arab-emirates,,23.424076,53.847818000000004,13,0,4.0,4,0,0.0
2020-02-23,united-arab-emirates,,23.424076,53.847818000000004,13,0,4.0,0,0,0.0
2020-02-24,united-arab-emirates,,23.424076,53.847818000000004,13,0,4.0,0,0,0.0
2020-02-25,united-arab-emirates,,23.424076,53.847818000000004,13,0,4.0,0,0,0.0
2020-02-26,united-arab-emirates,,23.424076,53.847818000000004,13,0,4.0,0,0,0.0
2020-02-27,united-arab-emirates,,23.424076,53.847818000000004,13,0,4.0,0,0,0.0
2020-02-28,united-arab-emirates,,23.424076,53.847818000000004,19,0,5.0,6,0,1.0
2020-02-29,united-arab-emirates,,23.424076,53.847818000000004,21,0,5.0,2,0,0.0
2020-03-01,united-arab-emirates,,23.424076,53.847818000000004,21,0,5.0,0,0,0.0
2020-03-02,united-arab-emirates,,23.424076,53.847818000000004,21,0,5.0,0,0,0.0
2020-03-03,united-arab-emirates,,23.424076,53.847818000000004,27,0,5.0,6,0,0.0
2020-03-04,united-arab-emirates,,23.424076,53.847818000000004,27,0,5.0,0,0,0.0
2020-03-05,united-arab-emirates,,23.424076,53.847818000000004,29,0,5.0,2,0,0.0
2020-03-06,united-arab-emirates,,23.424076,53.847818000000004,29,0,5.0,0,0,0.0
2020-03-07,united-arab-emirates,,23.424076,53.847818000000004,45,0,7.0,16,0,2.0
2020-03-08,united-arab-emirates,,23.424076,53.847818000000004,45,0,7.0,0,0,0.0
2020-03-09,united-arab-emirates,,23.424076,53.847818000000004,45,0,7.0,0,0,0.0
2020-03-10,united-arab-emirates,,23.424076,53.847818000000004,74,0,12.0,29,0,5.0
2020-03-11,united-arab-emirates,,23.424076,53.847818000000004,74,0,17.0,0,0,5.0
2020-03-12,united-arab-emirates,,23.424076,53.847818000000004,85,0,17.0,11,0,0.0
2020-03-13,united-arab-emirates,,23.424076,53.847818000000004,85,0,17.0,0,0,0.0
2020-03-14,united-arab-emirates,,23.424076,53.847818000000004,85,0,17.0,0,0,0.0
2020-03-15,united-arab-emirates,,23.424076,53.847818000000004,98,0,23.0,13,0,6.0
2020-03-16,united-arab-emirates,,23.424076,53.847818000000004,98,0,23.0,0,0,0.0
2020-03-17,united-arab-emirates,,23.424076,53.847818000000004,98,0,23.0,0,0,0.0
2020-03-18,united-arab-emirates,,23.424076,53.847818000000004,113,0,26.0,15,0,3.0
2020-03-19,united-arab-emirates,,23.424076,53.847818000000004,140,0,31.0,27,0,5.0
2020-03-20,united-arab-emirates,,23.424076,53.847818000000004,140,2,31.0,0,2,0.0
2020-03-21,united-arab-emirates,,23.424076,53.847818000000004,153,2,38.0,13,0,7.0
2020-03-22,united-arab-emirates,,23.424076,53.847818000000004,153,2,38.0,0,0,0.0
2020-03-23,united-arab-emirates,,23.424076,53.847818000000004,198,2,38.0,45,0,0.0
2020-03-24,united-arab-emirates,,23.424076,53.847818000000004,248,2,45.0,50,0,7.0
2020-03-25,united-arab-emirates,,23.424076,53.847818000000004,333,2,52.0,85,0,7.0
2020-03-26,united-arab-emirates,,23.424076,53.847818000000004,333,2,52.0,0,0,0.0
2020-03-27,united-arab-emirates,,23.424076,53.847818000000004,405,2,52.0,72,0,0.0
2020-03-28,united-arab-emirates,,23.424076,53.847818000000004,468,2,52.0,63,0,0.0
2020-03-29,united-arab-emirates,,23.424076,53.847818000000004,570,3,58.0,102,1,6.0
2020-03-30,united-arab-emirates,,23.424076,53.847818000000004,611,5,61.0,41,2,3.0
2020-03-31,united-arab-emirates,,23.424076,53.847818000000004,664,6,61.0,53,1,0.0
2020-04-01,united-arab-emirates,,23.424076,53.847818000000004,814,8,61.0,150,2,0.0
2020-04-02,united-arab-emirates,,23.424076,53.847818000000004,1024,8,96.0,210,0,35.0
2020-04-03,united-arab-emirates,,23.424076,53.847818000000004,1264,9,108.0,240,1,12.0
2020-04-04,united-arab-emirates,,23.424076,53.847818000000004,1505,10,125.0,241,1,17.0
2020-04-05,united-arab-emirates,,23.424076,53.847818000000004,1799,10,144.0,294,0,19.0
2020-04-06,united-arab-emirates,,23.424076,53.847818000000004,2076,11,167.0,277,1,23.0
2020-04-07,united-arab-emirates,,23.424076,53.847818000000004,2359,12,186.0,283,1,19.0
2020-04-08,united-arab-emirates,,23.424076,53.847818000000004,2659,12,239.0,300,0,53.0
2020-04-09,united-arab-emirates,,23.424076,53.847818000000004,2990,14,268.0,331,2,29.0
2020-04-10,united-arab-emirates,,23.424076,53.847818000000004,3360,16,418.0,370,2,150.0
2020-04-11,united-arab-emirates,,23.424076,53.847818000000004,3736,20,588.0,376,4,170.0
2020-04-12,united-arab-emirates,,23.424076,53.847818000000004,4123,22,680.0,387,2,92.0
2020-04-13,united-arab-emirates,,23.424076,53.847818000000004,4521,25,852.0,398,3,172.0
2020-04-14,united-arab-emirates,,23.424076,53.847818000000004,4933,28,933.0,412,3,81.0
2020-04-15,united-arab-emirates,,23.424076,53.847818000000004,5365,33,1034.0,432,5,101.0
2020-04-16,united-arab-emirates,,23.424076,53.847818000000004,5825,35,1095.0,460,2,61.0
2020-04-17,united-arab-emirates,,23.424076,53.847818000000004,6302,37,1188.0,477,2,93.0
2020-04-18,united-arab-emirates,,23.424076,53.847818000000004,6302,37,1188.0,0,0,0.0
2020-04-19,united-arab-emirates,,23.424076,53.847818000000004,6781,41,1286.0,479,4,98.0
2020-04-20,united-arab-emirates,,23.424076,53.847818000000004,7265,43,1360.0,484,2,74.0
2020-04-21,united-arab-emirates,,23.424076,53.847818000000004,7755,46,1443.0,490,3,83.0
2020-04-22,united-arab-emirates,,23.424076,53.847818000000004,8238,52,1546.0,483,6,103.0
2020-04-23,united-arab-emirates,,23.424076,53.847818000000004,8756,56,1637.0,518,4,91.0
2020-04-24,united-arab-emirates,,23.424076,53.847818000000004,9281,64,1760.0,525,8,123.0
2020-04-25,united-arab-emirates,,23.424076,53.847818000000004,9813,71,1887.0,532,7,127.0
2020-04-26,united-arab-emirates,,23.424076,53.847818000000004,10349,76,1978.0,536,5,91.0
2020-04-27,united-arab-emirates,,23.424076,53.847818000000004,10839,82,2090.0,490,6,112.0
2020-04-28,united-arab-emirates,,23.424076,53.847818000000004,11380,89,2181.0,541,7,91.0
2020-04-29,united-arab-emirates,,23.424076,53.847818000000004,11929,98,2329.0,549,9,148.0
2020-04-30,united-arab-emirates,,23.424076,53.847818000000004,12481,105,2429.0,552,7,100.0
2020-05-01,united-arab-emirates,,23.424076,53.847818000000004,13038,111,2543.0,557,6,114.0
2020-05-02,united-arab-emirates,,23.424076,53.847818000000004,13599,119,2664.0,561,8,121.0
2020-05-03,united-arab-emirates,,23.424076,53.847818000000004,14163,126,2763.0,564,7,99.0
2020-05-04,united-arab-emirates,,23.424076,53.847818000000004,14730,137,2966.0,567,11,203.0
2020-05-05,united-arab-emirates,,23.424076,53.847818000000004,15192,146,3153.0,462,9,187.0
2020-05-06,united-arab-emirates,,23.424076,53.847818000000004,15738,157,3359.0,546,11,206.0
2020-05-07,united-arab-emirates,,23.424076,53.847818000000004,16240,165,3572.0,502,8,213.0
2020-05-08,united-arab-emirates,,23.424076,53.847818000000004,16793,174,3837.0,553,9,265.0
2020-05-09,united-arab-emirates,,23.424076,53.847818000000004,17417,185,4295.0,624,11,458.0
2020-05-10,united-arab-emirates,,23.424076,53.847818000000004,18198,198,4804.0,781,13,509.0
2020-05-11,united-arab-emirates,,23.424076,53.847818000000004,18878,201,5381.0,680,3,577.0
2020-05-12,united-arab-emirates,,23.424076,53.847818000000004,19661,203,6012.0,783,2,631.0
2020-05-13,united-arab-emirates,,23.424076,53.847818000000004,20386,206,6523.0,725,3,511.0
2020-05-14,united-arab-emirates,,23.424076,53.847818000000004,21084,208,6930.0,698,2,407.0
2020-05-15,united-arab-emirates,,23.424076,53.847818000000004,21831,210,7328.0,747,2,398.0
2020-05-16,united-arab-emirates,,23.424076,53.847818000000004,22627,214,7931.0,796,4,603.0
2020-05-17,united-arab-emirates,,23.424076,53.847818000000004,23358,220,8512.0,731,6,581.0
2020-05-18,united-arab-emirates,,23.424076,53.847818000000004,24190,224,9577.0,832,4,1065.0
2020-05-19,united-arab-emirates,,23.424076,53.847818000000004,25063,227,10791.0,873,3,1214.0
2020-05-20,united-arab-emirates,,23.424076,53.847818000000004,26004,233,11809.0,941,6,1018.0
2020-05-21,united-arab-emirates,,23.424076,53.847818000000004,26898,237,12755.0,894,4,946.0
2020-05-22,united-arab-emirates,,23.424076,53.847818000000004,27892,241,13798.0,994,4,1043.0
2020-05-23,united-arab-emirates,,23.424076,53.847818000000004,28704,244,14495.0,812,3,697.0
2020-05-24,united-arab-emirates,,23.424076,53.847818000000004,29485,245,15056.0,781,1,561.0
2020-05-25,united-arab-emirates,,23.424076,53.847818000000004,30307,248,15657.0,822,3,601.0
2020-05-26,united-arab-emirates,,23.424076,53.847818000000004,31086,253,15982.0,779,5,325.0
2020-05-27,united-arab-emirates,,23.424076,53.847818000000004,31969,255,16371.0,883,2,389.0
2020-05-28,united-arab-emirates,,23.424076,53.847818000000004,32532,258,16685.0,563,3,314.0
2020-05-29,united-arab-emirates,,23.424076,53.847818000000004,33170,260,17097.0,638,2,412.0
2020-05-30,united-arab-emirates,,23.424076,53.847818000000004,33896,262,17546.0,726,2,449.0
2020-05-31,united-arab-emirates,,23.424076,53.847818000000004,34557,264,17932.0,661,2,386.0
2020-06-01,united-arab-emirates,,23.424076,53.847818000000004,35192,266,18338.0,635,2,406.0
2020-06-02,united-arab-emirates,,23.424076,53.847818000000004,35788,269,18726.0,596,3,388.0
2020-06-03,united-arab-emirates,,23.424076,53.847818000000004,36359,270,19153.0,571,1,427.0
2020-06-04,united-arab-emirates,,23.424076,53.847818000000004,37018,273,19572.0,659,3,419.0
2020-06-05,united-arab-emirates,,23.424076,53.847818000000004,37642,274,20337.0,624,1,765.0
2020-06-06,united-arab-emirates,,23.424076,53.847818000000004,38268,275,21061.0,626,1,724.0
2020-06-07,united-arab-emirates,,23.424076,53.847818000000004,38808,276,21806.0,540,1,745.0
2020-06-08,united-arab-emirates,,23.424076,53.847818000000004,39376,281,22275.0,568,5,469.0
2020-06-09,united-arab-emirates,,23.424076,53.847818000000004,39904,283,22740.0,528,2,465.0
2020-06-10,united-arab-emirates,,23.424076,53.847818000000004,40507,284,24017.0,603,1,1277.0
2020-06-11,united-arab-emirates,,23.424076,53.847818000000004,40986,286,25234.0,479,2,1217.0
2020-06-12,united-arab-emirates,,23.424076,53.847818000000004,41499,287,25946.0,513,1,712.0
2020-06-13,united-arab-emirates,,23.424076,53.847818000000004,41990,288,26761.0,491,1,815.0
2020-06-14,united-arab-emirates,,23.424076,53.847818000000004,42294,289,27462.0,304,1,701.0
2020-06-15,united-arab-emirates,,23.424076,53.847818000000004,42636,291,28129.0,342,2,667.0
2020-06-16,united-arab-emirates,,23.424076,53.847818000000004,42982,293,28861.0,346,2,732.0
2020-06-17,united-arab-emirates,,23.424076,53.847818000000004,43364,295,29537.0,382,2,676.0
2020-06-18,united-arab-emirates,,23.424076,53.847818000000004,43752,298,30241.0,388,3,704.0
2020-06-19,united-arab-emirates,,23.424076,53.847818000000004,44145,300,30996.0,393,2,755.0
2020-06-20,united-arab-emirates,,23.424076,53.847818000000004,44533,301,31754.0,388,1,758.0
2020-06-21,united-arab-emirates,,23.424076,53.847818000000004,44925,302,32415.0,392,1,661.0
2020-06-22,united-arab-emirates,,23.424076,53.847818000000004,45303,303,33046.0,378,1,631.0
2020-06-23,united-arab-emirates,,23.424076,53.847818000000004,45683,305,33703.0,380,2,657.0
2020-06-24,united-arab-emirates,,23.424076,53.847818000000004,46133,307,34405.0,450,2,702.0
2020-06-25,united-arab-emirates,,23.424076,53.847818000000004,46563,308,35165.0,430,1,760.0
2020-06-26,united-arab-emirates,,23.424076,53.847818000000004,46973,310,35469.0,410,2,304.0
2020-06-27,united-arab-emirates,,23.424076,53.847818000000004,47360,311,35834.0,387,1,365.0
2020-06-28,united-arab-emirates,,23.424076,53.847818000000004,47797,313,36411.0,437,2,577.0
2020-06-29,united-arab-emirates,,23.424076,53.847818000000004,48246,314,37076.0,449,1,665.0
2020-06-30,united-arab-emirates,,23.424076,53.847818000000004,48667,315,37566.0,421,1,490.0
2020-07-01,united-arab-emirates,,23.424076,53.847818000000004,49069,316,38160.0,402,1,594.0
2020-07-02,united-arab-emirates,,23.424076,53.847818000000004,49469,317,38664.0,400,1,504.0
2020-07-03,united-arab-emirates,,23.424076,53.847818000000004,50141,318,39153.0,672,1,489.0
2020-07-04,united-arab-emirates,,23.424076,53.847818000000004,50857,321,39857.0,716,3,704.0
2020-07-05,united-arab-emirates,,23.424076,53.847818000000004,51540,323,40297.0,683,2,440.0
2020-07-06,united-arab-emirates,,23.424076,53.847818000000004,52068,324,40721.0,528,1,424.0
2020-07-07,united-arab-emirates,,23.424076,53.847818000000004,52600,326,41714.0,532,2,993.0
2020-07-08,united-arab-emirates,,23.424076,53.847818000000004,53045,327,42282.0,445,1,568.0
2020-07-09,united-arab-emirates,,23.424076,53.847818000000004,53577,328,43570.0,532,1,1288.0
2020-07-10,united-arab-emirates,,23.424076,53.847818000000004,54050,330,43969.0,473,2,399.0
2020-07-11,united-arab-emirates,,23.424076,53.847818000000004,54453,331,44648.0,403,1,679.0
2020-07-12,united-arab-emirates,,23.424076,53.847818000000004,54854,333,45140.0,401,2,492.0
2020-07-13,united-arab-emirates,,23.424076,53.847818000000004,55198,334,45513.0,344,1,373.0
2020-07-14,united-arab-emirates,,23.424076,53.847818000000004,55573,335,46025.0,375,1,512.0
2020-07-15,united-arab-emirates,,23.424076,53.847818000000004,55848,335,46418.0,275,0,393.0
2020-07-16,united-arab-emirates,,23.424076,53.847818000000004,56129,335,47412.0,281,0,994.0
2020-07-17,united-arab-emirates,,23.424076,53.847818000000004,56422,337,48448.0,293,2,1036.0
2020-07-18,united-arab-emirates,,23.424076,53.847818000000004,56711,338,48917.0,289,1,469.0
2020-07-19,united-arab-emirates,,23.424076,53.847818000000004,56922,339,49269.0,211,1,352.0
2020-07-20,united-arab-emirates,,23.424076,53.847818000000004,57193,340,49621.0,271,1,352.0
2020-07-21,united-arab-emirates,,23.424076,53.847818000000004,57498,341,49964.0,305,1,343.0
2020-07-22,united-arab-emirates,,23.424076,53.847818000000004,57734,342,50354.0,236,1,390.0
2020-07-23,united-arab-emirates,,23.424076,53.847818000000004,57988,342,50848.0,254,0,494.0
2020-07-24,united-arab-emirates,,23.424076,53.847818000000004,58249,343,51235.0,261,1,387.0
2020-07-25,united-arab-emirates,,23.424076,53.847818000000004,58562,343,51628.0,313,0,393.0
2020-07-26,united-arab-emirates,,23.424076,53.847818000000004,58913,344,52182.0,351,1,554.0
2020-07-27,united-arab-emirates,,23.424076,53.847818000000004,59177,345,52510.0,264,1,328.0
2020-07-28,united-arab-emirates,,23.424076,53.847818000000004,59546,347,52905.0,369,2,395.0
2020-07-29,united-arab-emirates,,23.424076,53.847818000000004,59921,347,53202.0,375,0,297.0
2020-07-30,united-arab-emirates,,23.424076,53.847818000000004,60223,349,53626.0,302,2,424.0
2020-07-31,united-arab-emirates,,23.424076,53.847818000000004,60506,351,53909.0,283,2,283.0
