date,country,state,lat,long,confirmed,deaths,recovered,confirmed_new,deaths_new,recovered_new
2020-01-22,uzbekistan,,41.377491,64.585262,0,0,0.0,0,0,0.0
2020-01-23,uzbekistan,,41.377491,64.585262,0,0,0.0,0,0,0.0
2020-01-24,uzbekistan,,41.377491,64.585262,0,0,0.0,0,0,0.0
2020-01-25,uzbekistan,,41.377491,64.585262,0,0,0.0,0,0,0.0
2020-01-26,uzbekistan,,41.377491,64.585262,0,0,0.0,0,0,0.0
2020-01-27,uzbekistan,,41.377491,64.585262,0,0,0.0,0,0,0.0
2020-01-28,uzbekistan,,41.377491,64.585262,0,0,0.0,0,0,0.0
2020-01-29,uzbekistan,,41.377491,64.585262,0,0,0.0,0,0,0.0
2020-01-30,uzbekistan,,41.377491,64.585262,0,0,0.0,0,0,0.0
2020-01-31,uzbekistan,,41.377491,64.585262,0,0,0.0,0,0,0.0
2020-02-01,uzbekistan,,41.377491,64.585262,0,0,0.0,0,0,0.0
2020-02-02,uzbekistan,,41.377491,64.585262,0,0,0.0,0,0,0.0
2020-02-03,uzbekistan,,41.377491,64.585262,0,0,0.0,0,0,0.0
2020-02-04,uzbekistan,,41.377491,64.585262,0,0,0.0,0,0,0.0
2020-02-05,uzbekistan,,41.377491,64.585262,0,0,0.0,0,0,0.0
2020-02-06,uzbekistan,,41.377491,64.585262,0,0,0.0,0,0,0.0
2020-02-07,uzbekistan,,41.377491,64.585262,0,0,0.0,0,0,0.0
2020-02-08,uzbekistan,,41.377491,64.585262,0,0,0.0,0,0,0.0
2020-02-09,uzbekistan,,41.377491,64.585262,0,0,0.0,0,0,0.0
2020-02-10,uzbekistan,,41.377491,64.585262,0,0,0.0,0,0,0.0
2020-02-11,uzbekistan,,41.377491,64.585262,0,0,0.0,0,0,0.0
2020-02-12,uzbekistan,,41.377491,64.585262,0,0,0.0,0,0,0.0
2020-02-13,uzbekistan,,41.377491,64.585262,0,0,0.0,0,0,0.0
2020-02-14,uzbekistan,,41.377491,64.585262,0,0,0.0,0,0,0.0
2020-02-15,uzbekistan,,41.377491,64.585262,0,0,0.0,0,0,0.0
2020-02-16,uzbekistan,,41.377491,64.585262,0,0,0.0,0,0,0.0
2020-02-17,uzbekistan,,41.377491,64.585262,0,0,0.0,0,0,0.0
2020-02-18,uzbekistan,,41.377491,64.585262,0,0,0.0,0,0,0.0
2020-02-19,uzbekistan,,41.377491,64.585262,0,0,0.0,0,0,0.0
2020-02-20,uzbekistan,,41.377491,64.585262,0,0,0.0,0,0,0.0
2020-02-21,uzbekistan,,41.377491,64.585262,0,0,0.0,0,0,0.0
2020-02-22,uzbekistan,,41.377491,64.585262,0,0,0.0,0,0,0.0
2020-02-23,uzbekistan,,41.377491,64.585262,0,0,0.0,0,0,0.0
2020-02-24,uzbekistan,,41.377491,64.585262,0,0,0.0,0,0,0.0
2020-02-25,uzbekistan,,41.377491,64.585262,0,0,0.0,0,0,0.0
2020-02-26,uzbekistan,,41.377491,64.585262,0,0,0.0,0,0,0.0
2020-02-27,uzbekistan,,41.377491,64.585262,0,0,0.0,0,0,0.0
2020-02-28,uzbekistan,,41.377491,64.585262,0,0,0.0,0,0,0.0
2020-02-29,uzbekistan,,41.377491,64.585262,0,0,0.0,0,0,0.0
2020-03-01,uzbekistan,,41.377491,64.585262,0,0,0.0,0,0,0.0
2020-03-02,uzbekistan,,41.377491,64.585262,0,0,0.0,0,0,0.0
2020-03-03,uzbekistan,,41.377491,64.585262,0,0,0.0,0,0,0.0
2020-03-04,uzbekistan,,41.377491,64.585262,0,0,0.0,0,0,0.0
2020-03-05,uzbekistan,,41.377491,64.585262,0,0,0.0,0,0,0.0
2020-03-06,uzbekistan,,41.377491,64.585262,0,0,0.0,0,0,0.0
2020-03-07,uzbekistan,,41.377491,64.585262,0,0,0.0,0,0,0.0
2020-03-08,uzbekistan,,41.377491,64.585262,0,0,0.0,0,0,0.0
2020-03-09,uzbekistan,,41.377491,64.585262,0,0,0.0,0,0,0.0
2020-03-10,uzbekistan,,41.377491,64.585262,0,0,0.0,0,0,0.0
2020-03-11,uzbekistan,,41.377491,64.585262,0,0,0.0,0,0,0.0
2020-03-12,uzbekistan,,41.377491,64.585262,0,0,0.0,0,0,0.0
2020-03-13,uzbekistan,,41.377491,64.585262,0,0,0.0,0,0,0.0
2020-03-14,uzbekistan,,41.377491,64.585262,0,0,0.0,0,0,0.0
2020-03-15,uzbekistan,,41.377491,64.585262,1,0,0.0,1,0,0.0
2020-03-16,uzbekistan,,41.377491,64.585262,6,0,0.0,5,0,0.0
2020-03-17,uzbekistan,,41.377491,64.585262,10,0,0.0,4,0,0.0
2020-03-18,uzbekistan,,41.377491,64.585262,15,0,0.0,5,0,0.0
2020-03-19,uzbekistan,,41.377491,64.585262,23,0,0.0,8,0,0.0
2020-03-20,uzbekistan,,41.377491,64.585262,33,0,0.0,10,0,0.0
2020-03-21,uzbekistan,,41.377491,64.585262,43,0,0.0,10,0,0.0
2020-03-22,uzbekistan,,41.377491,64.585262,43,0,0.0,0,0,0.0
2020-03-23,uzbekistan,,41.377491,64.585262,46,0,0.0,3,0,0.0
2020-03-24,uzbekistan,,41.377491,64.585262,50,0,0.0,4,0,0.0
2020-03-25,uzbekistan,,41.377491,64.585262,60,0,0.0,10,0,0.0
2020-03-26,uzbekistan,,41.377491,64.585262,75,0,0.0,15,0,0.0
2020-03-27,uzbekistan,,41.377491,64.585262,88,1,5.0,13,1,5.0
2020-03-28,uzbekistan,,41.377491,64.585262,104,2,5.0,16,1,0.0
2020-03-29,uzbekistan,,41.377491,64.585262,144,2,7.0,40,0,2.0
2020-03-30,uzbekistan,,41.377491,64.585262,149,2,7.0,5,0,0.0
2020-03-31,uzbekistan,,41.377491,64.585262,172,2,7.0,23,0,0.0
2020-04-01,uzbekistan,,41.377491,64.585262,181,2,12.0,9,0,5.0
2020-04-02,uzbekistan,,41.377491,64.585262,205,2,25.0,24,0,13.0
2020-04-03,uzbekistan,,41.377491,64.585262,227,2,25.0,22,0,0.0
2020-04-04,uzbekistan,,41.377491,64.585262,266,2,25.0,39,0,0.0
2020-04-05,uzbekistan,,41.377491,64.585262,342,2,30.0,76,0,5.0
2020-04-06,uzbekistan,,41.377491,64.585262,457,2,30.0,115,0,0.0
2020-04-07,uzbekistan,,41.377491,64.585262,520,2,30.0,63,0,0.0
2020-04-08,uzbekistan,,41.377491,64.585262,545,3,30.0,25,1,0.0
2020-04-09,uzbekistan,,41.377491,64.585262,582,3,38.0,37,0,8.0
2020-04-10,uzbekistan,,41.377491,64.585262,624,3,42.0,42,0,4.0
2020-04-11,uzbekistan,,41.377491,64.585262,767,4,42.0,143,1,0.0
2020-04-12,uzbekistan,,41.377491,64.585262,865,4,66.0,98,0,24.0
2020-04-13,uzbekistan,,41.377491,64.585262,998,4,85.0,133,0,19.0
2020-04-14,uzbekistan,,41.377491,64.585262,1165,4,99.0,167,0,14.0
2020-04-15,uzbekistan,,41.377491,64.585262,1302,4,107.0,137,0,8.0
2020-04-16,uzbekistan,,41.377491,64.585262,1349,4,129.0,47,0,22.0
2020-04-17,uzbekistan,,41.377491,64.585262,1405,4,156.0,56,0,27.0
2020-04-18,uzbekistan,,41.377491,64.585262,1490,5,194.0,85,1,38.0
2020-04-19,uzbekistan,,41.377491,64.585262,1565,5,225.0,75,0,31.0
2020-04-20,uzbekistan,,41.377491,64.585262,1627,5,261.0,62,0,36.0
2020-04-21,uzbekistan,,41.377491,64.585262,1678,6,357.0,51,1,96.0
2020-04-22,uzbekistan,,41.377491,64.585262,1716,7,450.0,38,1,93.0
2020-04-23,uzbekistan,,41.377491,64.585262,1758,7,561.0,42,0,111.0
2020-04-24,uzbekistan,,41.377491,64.585262,1804,8,621.0,46,1,60.0
2020-04-25,uzbekistan,,41.377491,64.585262,1862,8,707.0,58,0,86.0
2020-04-26,uzbekistan,,41.377491,64.585262,1869,8,789.0,7,0,82.0
2020-04-27,uzbekistan,,41.377491,64.585262,1904,8,892.0,35,0,103.0
2020-04-28,uzbekistan,,41.377491,64.585262,1939,8,992.0,35,0,100.0
2020-04-29,uzbekistan,,41.377491,64.585262,2002,9,1096.0,63,1,104.0
2020-04-30,uzbekistan,,41.377491,64.585262,2039,9,1133.0,37,0,37.0
2020-05-01,uzbekistan,,41.377491,64.585262,2086,9,1212.0,47,0,79.0
2020-05-02,uzbekistan,,41.377491,64.585262,2118,9,1271.0,32,0,59.0
2020-05-03,uzbekistan,,41.377491,64.585262,2149,10,1319.0,31,1,48.0
2020-05-04,uzbekistan,,41.377491,64.585262,2189,10,1405.0,40,0,86.0
2020-05-05,uzbekistan,,41.377491,64.585262,2207,10,1501.0,18,0,96.0
2020-05-06,uzbekistan,,41.377491,64.585262,2233,10,1577.0,26,0,76.0
2020-05-07,uzbekistan,,41.377491,64.585262,2298,10,1656.0,65,0,79.0
2020-05-08,uzbekistan,,41.377491,64.585262,2325,10,1775.0,27,0,119.0
2020-05-09,uzbekistan,,41.377491,64.585262,2349,10,1846.0,24,0,71.0
2020-05-10,uzbekistan,,41.377491,64.585262,2418,10,1881.0,69,0,35.0
2020-05-11,uzbekistan,,41.377491,64.585262,2486,10,1988.0,68,0,107.0
2020-05-12,uzbekistan,,41.377491,64.585262,2519,10,2010.0,33,0,22.0
2020-05-13,uzbekistan,,41.377491,64.585262,2612,11,2076.0,93,1,66.0
2020-05-14,uzbekistan,,41.377491,64.585262,2645,11,2136.0,33,0,60.0
2020-05-15,uzbekistan,,41.377491,64.585262,2686,11,2158.0,41,0,22.0
2020-05-16,uzbekistan,,41.377491,64.585262,2738,11,2213.0,52,0,55.0
2020-05-17,uzbekistan,,41.377491,64.585262,2753,12,2247.0,15,1,34.0
2020-05-18,uzbekistan,,41.377491,64.585262,2791,13,2314.0,38,1,67.0
2020-05-19,uzbekistan,,41.377491,64.585262,2855,13,2338.0,64,0,24.0
2020-05-20,uzbekistan,,41.377491,64.585262,2939,13,2372.0,84,0,34.0
2020-05-21,uzbekistan,,41.377491,64.585262,2964,13,2407.0,25,0,35.0
2020-05-22,uzbekistan,,41.377491,64.585262,3028,13,2492.0,64,0,85.0
2020-05-23,uzbekistan,,41.377491,64.585262,3115,13,2532.0,87,0,40.0
2020-05-24,uzbekistan,,41.377491,64.585262,3164,13,2565.0,49,0,33.0
2020-05-25,uzbekistan,,41.377491,64.585262,3189,13,2607.0,25,0,42.0
2020-05-26,uzbekistan,,41.377491,64.585262,3290,14,2636.0,101,1,29.0
2020-05-27,uzbekistan,,41.377491,64.585262,3369,14,2668.0,79,0,32.0
2020-05-28,uzbekistan,,41.377491,64.585262,3444,14,2694.0,75,0,26.0
2020-05-29,uzbekistan,,41.377491,64.585262,3468,14,2728.0,24,0,34.0
2020-05-30,uzbekistan,,41.377491,64.585262,3546,14,2783.0,78,0,55.0
2020-05-31,uzbekistan,,41.377491,64.585262,3623,15,2837.0,77,1,54.0
2020-06-01,uzbekistan,,41.377491,64.585262,3702,15,2859.0,79,0,22.0
2020-06-02,uzbekistan,,41.377491,64.585262,3760,15,2908.0,58,0,49.0
2020-06-03,uzbekistan,,41.377491,64.585262,3843,16,3014.0,83,1,106.0
2020-06-04,uzbekistan,,41.377491,64.585262,3939,16,3087.0,96,0,73.0
2020-06-05,uzbekistan,,41.377491,64.585262,4007,16,3247.0,68,0,160.0
2020-06-06,uzbekistan,,41.377491,64.585262,4094,17,3268.0,87,1,21.0
2020-06-07,uzbekistan,,41.377491,64.585262,4331,17,3354.0,237,0,86.0
2020-06-08,uzbekistan,,41.377491,64.585262,4440,18,3357.0,109,1,3.0
2020-06-09,uzbekistan,,41.377491,64.585262,4520,18,3459.0,80,0,102.0
2020-06-10,uzbekistan,,41.377491,64.585262,4623,19,3532.0,103,1,73.0
2020-06-11,uzbekistan,,41.377491,64.585262,4741,19,3637.0,118,0,105.0
2020-06-12,uzbekistan,,41.377491,64.585262,4869,19,3758.0,128,0,121.0
2020-06-13,uzbekistan,,41.377491,64.585262,4966,19,3874.0,97,0,116.0
2020-06-14,uzbekistan,,41.377491,64.585262,5080,19,3943.0,114,0,69.0
2020-06-15,uzbekistan,,41.377491,64.585262,5263,19,4019.0,183,0,76.0
2020-06-16,uzbekistan,,41.377491,64.585262,5493,19,4096.0,230,0,77.0
2020-06-17,uzbekistan,,41.377491,64.585262,5682,19,4131.0,189,0,35.0
2020-06-18,uzbekistan,,41.377491,64.585262,5767,19,4166.0,85,0,35.0
2020-06-19,uzbekistan,,41.377491,64.585262,5946,19,4273.0,179,0,107.0
2020-06-20,uzbekistan,,41.377491,64.585262,6153,19,4290.0,207,0,17.0
2020-06-21,uzbekistan,,41.377491,64.585262,6315,19,4377.0,162,0,87.0
2020-06-22,uzbekistan,,41.377491,64.585262,6461,19,4450.0,146,0,73.0
2020-06-23,uzbekistan,,41.377491,64.585262,6662,19,4560.0,201,0,110.0
2020-06-24,uzbekistan,,41.377491,64.585262,6990,19,4685.0,328,0,125.0
2020-06-25,uzbekistan,,41.377491,64.585262,7177,20,4877.0,187,1,192.0
2020-06-26,uzbekistan,,41.377491,64.585262,7427,20,5038.0,250,0,161.0
2020-06-27,uzbekistan,,41.377491,64.585262,7682,20,5240.0,255,0,202.0
2020-06-28,uzbekistan,,41.377491,64.585262,7948,22,5329.0,266,2,89.0
2020-06-29,uzbekistan,,41.377491,64.585262,8222,23,5496.0,274,1,167.0
2020-06-30,uzbekistan,,41.377491,64.585262,8503,26,5682.0,281,3,186.0
2020-07-01,uzbekistan,,41.377491,64.585262,8781,26,5847.0,278,0,165.0
2020-07-02,uzbekistan,,41.377491,64.585262,9078,27,6034.0,297,1,187.0
2020-07-03,uzbekistan,,41.377491,64.585262,9396,29,6251.0,318,2,217.0
2020-07-04,uzbekistan,,41.377491,64.585262,9708,31,6425.0,312,2,174.0
2020-07-05,uzbekistan,,41.377491,64.585262,10020,34,6584.0,312,3,159.0
2020-07-06,uzbekistan,,41.377491,64.585262,10362,37,6628.0,342,3,44.0
2020-07-07,uzbekistan,,41.377491,64.585262,10838,41,6811.0,476,4,183.0
2020-07-08,uzbekistan,,41.377491,64.585262,11092,45,7060.0,254,4,249.0
2020-07-09,uzbekistan,,41.377491,64.585262,11564,51,7287.0,472,6,227.0
2020-07-10,uzbekistan,,41.377491,64.585262,12027,54,7530.0,463,3,243.0
2020-07-11,uzbekistan,,41.377491,64.585262,12513,57,7723.0,486,3,193.0
2020-07-12,uzbekistan,,41.377491,64.585262,12997,60,7852.0,484,3,129.0
2020-07-13,uzbekistan,,41.377491,64.585262,13591,64,8030.0,594,4,178.0
2020-07-14,uzbekistan,,41.377491,64.585262,14085,67,8327.0,494,3,297.0
2020-07-15,uzbekistan,,41.377491,64.585262,14581,71,8655.0,496,4,328.0
2020-07-16,uzbekistan,,41.377491,64.585262,15066,75,8783.0,485,4,128.0
2020-07-17,uzbekistan,,41.377491,64.585262,15607,79,9003.0,541,4,220.0
2020-07-18,uzbekistan,,41.377491,64.585262,16186,83,9127.0,579,4,124.0
2020-07-19,uzbekistan,,41.377491,64.585262,16752,87,9279.0,566,4,152.0
2020-07-20,uzbekistan,,41.377491,64.585262,17149,90,9387.0,397,3,108.0
2020-07-21,uzbekistan,,41.377491,64.585262,17881,95,9521.0,732,5,134.0
2020-07-22,uzbekistan,,41.377491,64.585262,18379,98,9872.0,498,3,351.0
2020-07-23,uzbekistan,,41.377491,64.585262,18986,103,10149.0,607,5,277.0
2020-07-24,uzbekistan,,41.377491,64.585262,19360,106,10472.0,374,3,323.0
2020-07-25,uzbekistan,,41.377491,64.585262,19952,111,10831.0,592,5,359.0
2020-07-26,uzbekistan,,41.377491,64.585262,20531,116,11105.0,579,5,274.0
2020-07-27,uzbekistan,,41.377491,64.585262,21209,121,11674.0,678,5,569.0
2020-07-28,uzbekistan,,41.377491,64.585262,21699,124,12026.0,490,3,352.0
2020-07-29,uzbekistan,,41.377491,64.585262,22585,131,12937.0,886,7,911.0
2020-07-30,uzbekistan,,41.377491,64.585262,23271,136,13680.0,686,5,743.0
2020-07-31,uzbekistan,,41.377491,64.585262,24009,141,14464.0,738,5,784.0
