date,country,state,lat,long,confirmed,deaths,recovered,confirmed_new,deaths_new,recovered_new
2020-01-22,venezuela,,6.4238,-66.5897,0,0,0.0,0,0,0.0
2020-01-23,venezuela,,6.4238,-66.5897,0,0,0.0,0,0,0.0
2020-01-24,venezuela,,6.4238,-66.5897,0,0,0.0,0,0,0.0
2020-01-25,venezuela,,6.4238,-66.5897,0,0,0.0,0,0,0.0
2020-01-26,venezuela,,6.4238,-66.5897,0,0,0.0,0,0,0.0
2020-01-27,venezuela,,6.4238,-66.5897,0,0,0.0,0,0,0.0
2020-01-28,venezuela,,6.4238,-66.5897,0,0,0.0,0,0,0.0
2020-01-29,venezuela,,6.4238,-66.5897,0,0,0.0,0,0,0.0
2020-01-30,venezuela,,6.4238,-66.5897,0,0,0.0,0,0,0.0
2020-01-31,venezuela,,6.4238,-66.5897,0,0,0.0,0,0,0.0
2020-02-01,venezuela,,6.4238,-66.5897,0,0,0.0,0,0,0.0
2020-02-02,venezuela,,6.4238,-66.5897,0,0,0.0,0,0,0.0
2020-02-03,venezuela,,6.4238,-66.5897,0,0,0.0,0,0,0.0
2020-02-04,venezuela,,6.4238,-66.5897,0,0,0.0,0,0,0.0
2020-02-05,venezuela,,6.4238,-66.5897,0,0,0.0,0,0,0.0
2020-02-06,venezuela,,6.4238,-66.5897,0,0,0.0,0,0,0.0
2020-02-07,venezuela,,6.4238,-66.5897,0,0,0.0,0,0,0.0
2020-02-08,venezuela,,6.4238,-66.5897,0,0,0.0,0,0,0.0
2020-02-09,venezuela,,6.4238,-66.5897,0,0,0.0,0,0,0.0
2020-02-10,venezuela,,6.4238,-66.5897,0,0,0.0,0,0,0.0
2020-02-11,venezuela,,6.4238,-66.5897,0,0,0.0,0,0,0.0
2020-02-12,venezuela,,6.4238,-66.5897,0,0,0.0,0,0,0.0
2020-02-13,venezuela,,6.4238,-66.5897,0,0,0.0,0,0,0.0
2020-02-14,venezuela,,6.4238,-66.5897,0,0,0.0,0,0,0.0
2020-02-15,venezuela,,6.4238,-66.5897,0,0,0.0,0,0,0.0
2020-02-16,venezuela,,6.4238,-66.5897,0,0,0.0,0,0,0.0
2020-02-17,venezuela,,6.4238,-66.5897,0,0,0.0,0,0,0.0
2020-02-18,venezuela,,6.4238,-66.5897,0,0,0.0,0,0,0.0
2020-02-19,venezuela,,6.4238,-66.5897,0,0,0.0,0,0,0.0
2020-02-20,venezuela,,6.4238,-66.5897,0,0,0.0,0,0,0.0
2020-02-21,venezuela,,6.4238,-66.5897,0,0,0.0,0,0,0.0
2020-02-22,venezuela,,6.4238,-66.5897,0,0,0.0,0,0,0.0
2020-02-23,venezuela,,6.4238,-66.5897,0,0,0.0,0,0,0.0
2020-02-24,venezuela,,6.4238,-66.5897,0,0,0.0,0,0,0.0
2020-02-25,venezuela,,6.4238,-66.5897,0,0,0.0,0,0,0.0
2020-02-26,venezuela,,6.4238,-66.5897,0,0,0.0,0,0,0.0
2020-02-27,venezuela,,6.4238,-66.5897,0,0,0.0,0,0,0.0
2020-02-28,venezuela,,6.4238,-66.5897,0,0,0.0,0,0,0.0
2020-02-29,venezuela,,6.4238,-66.5897,0,0,0.0,0,0,0.0
2020-03-01,venezuela,,6.4238,-66.5897,0,0,0.0,0,0,0.0
2020-03-02,venezuela,,6.4238,-66.5897,0,0,0.0,0,0,0.0
2020-03-03,venezuela,,6.4238,-66.5897,0,0,0.0,0,0,0.0
2020-03-04,venezuela,,6.4238,-66.5897,0,0,0.0,0,0,0.0
2020-03-05,venezuela,,6.4238,-66.5897,0,0,0.0,0,0,0.0
2020-03-06,venezuela,,6.4238,-66.5897,0,0,0.0,0,0,0.0
2020-03-07,venezuela,,6.4238,-66.5897,0,0,0.0,0,0,0.0
2020-03-08,venezuela,,6.4238,-66.5897,0,0,0.0,0,0,0.0
2020-03-09,venezuela,,6.4238,-66.5897,0,0,0.0,0,0,0.0
2020-03-10,venezuela,,6.4238,-66.5897,0,0,0.0,0,0,0.0
2020-03-11,venezuela,,6.4238,-66.5897,0,0,0.0,0,0,0.0
2020-03-12,venezuela,,6.4238,-66.5897,0,0,0.0,0,0,0.0
2020-03-13,venezuela,,6.4238,-66.5897,0,0,0.0,0,0,0.0
2020-03-14,venezuela,,6.4238,-66.5897,2,0,0.0,2,0,0.0
2020-03-15,venezuela,,6.4238,-66.5897,10,0,0.0,8,0,0.0
2020-03-16,venezuela,,6.4238,-66.5897,17,0,0.0,7,0,0.0
2020-03-17,venezuela,,6.4238,-66.5897,33,0,0.0,16,0,0.0
2020-03-18,venezuela,,6.4238,-66.5897,36,0,0.0,3,0,0.0
2020-03-19,venezuela,,6.4238,-66.5897,42,0,0.0,6,0,0.0
2020-03-20,venezuela,,6.4238,-66.5897,42,0,0.0,0,0,0.0
2020-03-21,venezuela,,6.4238,-66.5897,70,0,0.0,28,0,0.0
2020-03-22,venezuela,,6.4238,-66.5897,70,0,15.0,0,0,15.0
2020-03-23,venezuela,,6.4238,-66.5897,77,0,15.0,7,0,0.0
2020-03-24,venezuela,,6.4238,-66.5897,84,0,15.0,7,0,0.0
2020-03-25,venezuela,,6.4238,-66.5897,91,0,15.0,7,0,0.0
2020-03-26,venezuela,,6.4238,-66.5897,107,0,15.0,16,0,0.0
2020-03-27,venezuela,,6.4238,-66.5897,107,1,31.0,0,1,16.0
2020-03-28,venezuela,,6.4238,-66.5897,119,2,39.0,12,1,8.0
2020-03-29,venezuela,,6.4238,-66.5897,119,2,39.0,0,0,0.0
2020-03-30,venezuela,,6.4238,-66.5897,135,3,39.0,16,1,0.0
2020-03-31,venezuela,,6.4238,-66.5897,135,3,39.0,0,0,0.0
2020-04-01,venezuela,,6.4238,-66.5897,143,3,41.0,8,0,2.0
2020-04-02,venezuela,,6.4238,-66.5897,146,5,43.0,3,2,2.0
2020-04-03,venezuela,,6.4238,-66.5897,153,7,52.0,7,2,9.0
2020-04-04,venezuela,,6.4238,-66.5897,155,7,52.0,2,0,0.0
2020-04-05,venezuela,,6.4238,-66.5897,159,7,52.0,4,0,0.0
2020-04-06,venezuela,,6.4238,-66.5897,165,7,65.0,6,0,13.0
2020-04-07,venezuela,,6.4238,-66.5897,165,7,65.0,0,0,0.0
2020-04-08,venezuela,,6.4238,-66.5897,167,9,65.0,2,2,0.0
2020-04-09,venezuela,,6.4238,-66.5897,171,9,84.0,4,0,19.0
2020-04-10,venezuela,,6.4238,-66.5897,171,9,84.0,0,0,0.0
2020-04-11,venezuela,,6.4238,-66.5897,175,9,93.0,4,0,9.0
2020-04-12,venezuela,,6.4238,-66.5897,181,9,93.0,6,0,0.0
2020-04-13,venezuela,,6.4238,-66.5897,189,9,110.0,8,0,17.0
2020-04-14,venezuela,,6.4238,-66.5897,189,9,110.0,0,0,0.0
2020-04-15,venezuela,,6.4238,-66.5897,197,9,111.0,8,0,1.0
2020-04-16,venezuela,,6.4238,-66.5897,204,9,111.0,7,0,0.0
2020-04-17,venezuela,,6.4238,-66.5897,204,9,111.0,0,0,0.0
2020-04-18,venezuela,,6.4238,-66.5897,227,9,113.0,23,0,2.0
2020-04-19,venezuela,,6.4238,-66.5897,256,9,117.0,29,0,4.0
2020-04-20,venezuela,,6.4238,-66.5897,256,9,117.0,0,0,0.0
2020-04-21,venezuela,,6.4238,-66.5897,285,10,117.0,29,1,0.0
2020-04-22,venezuela,,6.4238,-66.5897,288,10,122.0,3,0,5.0
2020-04-23,venezuela,,6.4238,-66.5897,311,10,126.0,23,0,4.0
2020-04-24,venezuela,,6.4238,-66.5897,318,10,132.0,7,0,6.0
2020-04-25,venezuela,,6.4238,-66.5897,323,10,132.0,5,0,0.0
2020-04-26,venezuela,,6.4238,-66.5897,325,10,137.0,2,0,5.0
2020-04-27,venezuela,,6.4238,-66.5897,329,10,142.0,4,0,5.0
2020-04-28,venezuela,,6.4238,-66.5897,329,10,142.0,0,0,0.0
2020-04-29,venezuela,,6.4238,-66.5897,331,10,142.0,2,0,0.0
2020-04-30,venezuela,,6.4238,-66.5897,333,16,142.0,2,6,0.0
2020-05-01,venezuela,,6.4238,-66.5897,335,10,148.0,2,-6,6.0
2020-05-02,venezuela,,6.4238,-66.5897,345,10,148.0,10,0,0.0
2020-05-03,venezuela,,6.4238,-66.5897,357,10,158.0,12,0,10.0
2020-05-04,venezuela,,6.4238,-66.5897,357,10,158.0,0,0,0.0
2020-05-05,venezuela,,6.4238,-66.5897,361,10,158.0,4,0,0.0
2020-05-06,venezuela,,6.4238,-66.5897,379,10,176.0,18,0,18.0
2020-05-07,venezuela,,6.4238,-66.5897,381,10,185.0,2,0,9.0
2020-05-08,venezuela,,6.4238,-66.5897,388,10,190.0,7,0,5.0
2020-05-09,venezuela,,6.4238,-66.5897,402,10,190.0,14,0,0.0
2020-05-10,venezuela,,6.4238,-66.5897,414,10,193.0,12,0,3.0
2020-05-11,venezuela,,6.4238,-66.5897,422,10,205.0,8,0,12.0
2020-05-12,venezuela,,6.4238,-66.5897,423,10,220.0,1,0,15.0
2020-05-13,venezuela,,6.4238,-66.5897,423,10,220.0,0,0,0.0
2020-05-14,venezuela,,6.4238,-66.5897,455,10,220.0,32,0,0.0
2020-05-15,venezuela,,6.4238,-66.5897,459,10,229.0,4,0,9.0
2020-05-16,venezuela,,6.4238,-66.5897,504,10,241.0,45,0,12.0
2020-05-17,venezuela,,6.4238,-66.5897,541,10,241.0,37,0,0.0
2020-05-18,venezuela,,6.4238,-66.5897,618,10,253.0,77,0,12.0
2020-05-19,venezuela,,6.4238,-66.5897,749,10,253.0,131,0,0.0
2020-05-20,venezuela,,6.4238,-66.5897,824,10,262.0,75,0,9.0
2020-05-21,venezuela,,6.4238,-66.5897,882,10,262.0,58,0,0.0
2020-05-22,venezuela,,6.4238,-66.5897,944,10,262.0,62,0,0.0
2020-05-23,venezuela,,6.4238,-66.5897,1010,10,262.0,66,0,0.0
2020-05-24,venezuela,,6.4238,-66.5897,1121,10,262.0,111,0,0.0
2020-05-25,venezuela,,6.4238,-66.5897,1177,10,302.0,56,0,40.0
2020-05-26,venezuela,,6.4238,-66.5897,1211,11,302.0,34,1,0.0
2020-05-27,venezuela,,6.4238,-66.5897,1245,11,302.0,34,0,0.0
2020-05-28,venezuela,,6.4238,-66.5897,1325,11,302.0,80,0,0.0
2020-05-29,venezuela,,6.4238,-66.5897,1370,14,302.0,45,3,0.0
2020-05-30,venezuela,,6.4238,-66.5897,1459,14,302.0,89,0,0.0
2020-05-31,venezuela,,6.4238,-66.5897,1510,14,302.0,51,0,0.0
2020-06-01,venezuela,,6.4238,-66.5897,1662,17,302.0,152,3,0.0
2020-06-02,venezuela,,6.4238,-66.5897,1819,18,334.0,157,1,32.0
2020-06-03,venezuela,,6.4238,-66.5897,1952,20,334.0,133,2,0.0
2020-06-04,venezuela,,6.4238,-66.5897,2087,20,334.0,135,0,0.0
2020-06-05,venezuela,,6.4238,-66.5897,2145,20,334.0,58,0,0.0
2020-06-06,venezuela,,6.4238,-66.5897,2316,22,385.0,171,2,51.0
2020-06-07,venezuela,,6.4238,-66.5897,2377,22,487.0,61,0,102.0
2020-06-08,venezuela,,6.4238,-66.5897,2473,22,487.0,96,0,0.0
2020-06-09,venezuela,,6.4238,-66.5897,2632,23,487.0,159,1,0.0
2020-06-10,venezuela,,6.4238,-66.5897,2738,23,487.0,106,0,0.0
2020-06-11,venezuela,,6.4238,-66.5897,2814,23,487.0,76,0,0.0
2020-06-12,venezuela,,6.4238,-66.5897,2879,23,487.0,65,0,0.0
2020-06-13,venezuela,,6.4238,-66.5897,2904,24,487.0,25,1,0.0
2020-06-14,venezuela,,6.4238,-66.5897,2978,25,835.0,74,1,348.0
2020-06-15,venezuela,,6.4238,-66.5897,3062,26,835.0,84,1,0.0
2020-06-16,venezuela,,6.4238,-66.5897,3150,27,835.0,88,1,0.0
2020-06-17,venezuela,,6.4238,-66.5897,3386,28,835.0,236,1,0.0
2020-06-18,venezuela,,6.4238,-66.5897,3483,28,835.0,97,0,0.0
2020-06-19,venezuela,,6.4238,-66.5897,3591,30,835.0,108,2,0.0
2020-06-20,venezuela,,6.4238,-66.5897,3789,33,835.0,198,3,0.0
2020-06-21,venezuela,,6.4238,-66.5897,3917,33,835.0,128,0,0.0
2020-06-22,venezuela,,6.4238,-66.5897,4048,35,1327.0,131,2,492.0
2020-06-23,venezuela,,6.4238,-66.5897,4187,35,1327.0,139,0,0.0
2020-06-24,venezuela,,6.4238,-66.5897,4366,38,1327.0,179,3,0.0
2020-06-25,venezuela,,6.4238,-66.5897,4563,39,1327.0,197,1,0.0
2020-06-26,venezuela,,6.4238,-66.5897,4779,41,1327.0,216,2,0.0
2020-06-27,venezuela,,6.4238,-66.5897,5130,42,1327.0,351,1,0.0
2020-06-28,venezuela,,6.4238,-66.5897,5297,44,1649.0,167,2,322.0
2020-06-29,venezuela,,6.4238,-66.5897,5530,48,1649.0,233,4,0.0
2020-06-30,venezuela,,6.4238,-66.5897,5832,51,1649.0,302,3,0.0
2020-07-01,venezuela,,6.4238,-66.5897,6062,54,1649.0,230,3,0.0
2020-07-02,venezuela,,6.4238,-66.5897,6273,57,2100.0,211,3,451.0
2020-07-03,venezuela,,6.4238,-66.5897,6537,59,2100.0,264,2,0.0
2020-07-04,venezuela,,6.4238,-66.5897,6750,62,2100.0,213,3,0.0
2020-07-05,venezuela,,6.4238,-66.5897,7169,65,2100.0,419,3,0.0
2020-07-06,venezuela,,6.4238,-66.5897,7411,68,2100.0,242,3,0.0
2020-07-07,venezuela,,6.4238,-66.5897,7693,71,2100.0,282,3,0.0
2020-07-08,venezuela,,6.4238,-66.5897,8008,75,2100.0,315,4,0.0
2020-07-09,venezuela,,6.4238,-66.5897,8372,80,2544.0,364,5,444.0
2020-07-10,venezuela,,6.4238,-66.5897,8803,83,2671.0,431,3,127.0
2020-07-11,venezuela,,6.4238,-66.5897,9178,85,2671.0,375,2,0.0
2020-07-12,venezuela,,6.4238,-66.5897,9465,89,2671.0,287,4,0.0
2020-07-13,venezuela,,6.4238,-66.5897,9707,93,2671.0,242,4,0.0
2020-07-14,venezuela,,6.4238,-66.5897,10010,96,2671.0,303,3,0.0
2020-07-15,venezuela,,6.4238,-66.5897,10428,100,3050.0,418,4,379.0
2020-07-16,venezuela,,6.4238,-66.5897,10854,104,3255.0,426,4,205.0
2020-07-17,venezuela,,6.4238,-66.5897,11191,107,3852.0,337,3,597.0
2020-07-18,venezuela,,6.4238,-66.5897,11483,110,3972.0,292,3,120.0
2020-07-19,venezuela,,6.4238,-66.5897,11891,112,3972.0,408,2,0.0
2020-07-20,venezuela,,6.4238,-66.5897,12334,116,6844.0,443,4,2872.0
2020-07-21,venezuela,,6.4238,-66.5897,12774,120,6983.0,440,4,139.0
2020-07-22,venezuela,,6.4238,-66.5897,13164,124,7471.0,390,4,488.0
2020-07-23,venezuela,,6.4238,-66.5897,13613,129,7752.0,449,5,281.0
2020-07-24,venezuela,,6.4238,-66.5897,14263,134,8127.0,650,5,375.0
2020-07-25,venezuela,,6.4238,-66.5897,14929,138,8795.0,666,4,668.0
2020-07-26,venezuela,,6.4238,-66.5897,15463,142,9746.0,534,4,951.0
2020-07-27,venezuela,,6.4238,-66.5897,15988,146,9959.0,525,4,213.0
2020-07-28,venezuela,,6.4238,-66.5897,16571,151,10195.0,583,5,236.0
2020-07-29,venezuela,,6.4238,-66.5897,17158,156,10421.0,587,5,226.0
2020-07-30,venezuela,,6.4238,-66.5897,17859,158,10421.0,701,2,0.0
2020-07-31,venezuela,,6.4238,-66.5897,18574,164,10421.0,715,6,0.0
