date,country,state,lat,long,confirmed,deaths,recovered,confirmed_new,deaths_new,recovered_new
2020-01-22,vietnam,,14.058323999999999,108.277199,0,0,0.0,0,0,0.0
2020-01-23,vietnam,,14.058323999999999,108.277199,2,0,0.0,2,0,0.0
2020-01-24,vietnam,,14.058323999999999,108.277199,2,0,0.0,0,0,0.0
2020-01-25,vietnam,,14.058323999999999,108.277199,2,0,0.0,0,0,0.0
2020-01-26,vietnam,,14.058323999999999,108.277199,2,0,0.0,0,0,0.0
2020-01-27,vietnam,,14.058323999999999,108.277199,2,0,0.0,0,0,0.0
2020-01-28,vietnam,,14.058323999999999,108.277199,2,0,0.0,0,0,0.0
2020-01-29,vietnam,,14.058323999999999,108.277199,2,0,0.0,0,0,0.0
2020-01-30,vietnam,,14.058323999999999,108.277199,2,0,0.0,0,0,0.0
2020-01-31,vietnam,,14.058323999999999,108.277199,2,0,0.0,0,0,0.0
2020-02-01,vietnam,,14.058323999999999,108.277199,6,0,1.0,4,0,1.0
2020-02-02,vietnam,,14.058323999999999,108.277199,6,0,1.0,0,0,0.0
2020-02-03,vietnam,,14.058323999999999,108.277199,8,0,1.0,2,0,0.0
2020-02-04,vietnam,,14.058323999999999,108.277199,8,0,1.0,0,0,0.0
2020-02-05,vietnam,,14.058323999999999,108.277199,8,0,1.0,0,0,0.0
2020-02-06,vietnam,,14.058323999999999,108.277199,10,0,1.0,2,0,0.0
2020-02-07,vietnam,,14.058323999999999,108.277199,10,0,1.0,0,0,0.0
2020-02-08,vietnam,,14.058323999999999,108.277199,13,0,1.0,3,0,0.0
2020-02-09,vietnam,,14.058323999999999,108.277199,13,0,1.0,0,0,0.0
2020-02-10,vietnam,,14.058323999999999,108.277199,14,0,1.0,1,0,0.0
2020-02-11,vietnam,,14.058323999999999,108.277199,15,0,6.0,1,0,5.0
2020-02-12,vietnam,,14.058323999999999,108.277199,15,0,6.0,0,0,0.0
2020-02-13,vietnam,,14.058323999999999,108.277199,16,0,7.0,1,0,1.0
2020-02-14,vietnam,,14.058323999999999,108.277199,16,0,7.0,0,0,0.0
2020-02-15,vietnam,,14.058323999999999,108.277199,16,0,7.0,0,0,0.0
2020-02-16,vietnam,,14.058323999999999,108.277199,16,0,7.0,0,0,0.0
2020-02-17,vietnam,,14.058323999999999,108.277199,16,0,7.0,0,0,0.0
2020-02-18,vietnam,,14.058323999999999,108.277199,16,0,7.0,0,0,0.0
2020-02-19,vietnam,,14.058323999999999,108.277199,16,0,7.0,0,0,0.0
2020-02-20,vietnam,,14.058323999999999,108.277199,16,0,7.0,0,0,0.0
2020-02-21,vietnam,,14.058323999999999,108.277199,16,0,14.0,0,0,7.0
2020-02-22,vietnam,,14.058323999999999,108.277199,16,0,14.0,0,0,0.0
2020-02-23,vietnam,,14.058323999999999,108.277199,16,0,14.0,0,0,0.0
2020-02-24,vietnam,,14.058323999999999,108.277199,16,0,14.0,0,0,0.0
2020-02-25,vietnam,,14.058323999999999,108.277199,16,0,16.0,0,0,2.0
2020-02-26,vietnam,,14.058323999999999,108.277199,16,0,16.0,0,0,0.0
2020-02-27,vietnam,,14.058323999999999,108.277199,16,0,16.0,0,0,0.0
2020-02-28,vietnam,,14.058323999999999,108.277199,16,0,16.0,0,0,0.0
2020-02-29,vietnam,,14.058323999999999,108.277199,16,0,16.0,0,0,0.0
2020-03-01,vietnam,,14.058323999999999,108.277199,16,0,16.0,0,0,0.0
2020-03-02,vietnam,,14.058323999999999,108.277199,16,0,16.0,0,0,0.0
2020-03-03,vietnam,,14.058323999999999,108.277199,16,0,16.0,0,0,0.0
2020-03-04,vietnam,,14.058323999999999,108.277199,16,0,16.0,0,0,0.0
2020-03-05,vietnam,,14.058323999999999,108.277199,16,0,16.0,0,0,0.0
2020-03-06,vietnam,,14.058323999999999,108.277199,16,0,16.0,0,0,0.0
2020-03-07,vietnam,,14.058323999999999,108.277199,18,0,16.0,2,0,0.0
2020-03-08,vietnam,,14.058323999999999,108.277199,30,0,16.0,12,0,0.0
2020-03-09,vietnam,,14.058323999999999,108.277199,30,0,16.0,0,0,0.0
2020-03-10,vietnam,,14.058323999999999,108.277199,31,0,16.0,1,0,0.0
2020-03-11,vietnam,,14.058323999999999,108.277199,38,0,16.0,7,0,0.0
2020-03-12,vietnam,,14.058323999999999,108.277199,39,0,16.0,1,0,0.0
2020-03-13,vietnam,,14.058323999999999,108.277199,47,0,16.0,8,0,0.0
2020-03-14,vietnam,,14.058323999999999,108.277199,53,0,16.0,6,0,0.0
2020-03-15,vietnam,,14.058323999999999,108.277199,56,0,16.0,3,0,0.0
2020-03-16,vietnam,,14.058323999999999,108.277199,61,0,16.0,5,0,0.0
2020-03-17,vietnam,,14.058323999999999,108.277199,66,0,16.0,5,0,0.0
2020-03-18,vietnam,,14.058323999999999,108.277199,75,0,16.0,9,0,0.0
2020-03-19,vietnam,,14.058323999999999,108.277199,85,0,16.0,10,0,0.0
2020-03-20,vietnam,,14.058323999999999,108.277199,91,0,16.0,6,0,0.0
2020-03-21,vietnam,,14.058323999999999,108.277199,94,0,17.0,3,0,1.0
2020-03-22,vietnam,,14.058323999999999,108.277199,113,0,17.0,19,0,0.0
2020-03-23,vietnam,,14.058323999999999,108.277199,123,0,17.0,10,0,0.0
2020-03-24,vietnam,,14.058323999999999,108.277199,134,0,17.0,11,0,0.0
2020-03-25,vietnam,,14.058323999999999,108.277199,141,0,17.0,7,0,0.0
2020-03-26,vietnam,,14.058323999999999,108.277199,153,0,20.0,12,0,3.0
2020-03-27,vietnam,,14.058323999999999,108.277199,163,0,20.0,10,0,0.0
2020-03-28,vietnam,,14.058323999999999,108.277199,174,0,21.0,11,0,1.0
2020-03-29,vietnam,,14.058323999999999,108.277199,188,0,25.0,14,0,4.0
2020-03-30,vietnam,,14.058323999999999,108.277199,203,0,55.0,15,0,30.0
2020-03-31,vietnam,,14.058323999999999,108.277199,212,0,58.0,9,0,3.0
2020-04-01,vietnam,,14.058323999999999,108.277199,218,0,63.0,6,0,5.0
2020-04-02,vietnam,,14.058323999999999,108.277199,233,0,75.0,15,0,12.0
2020-04-03,vietnam,,14.058323999999999,108.277199,237,0,85.0,4,0,10.0
2020-04-04,vietnam,,14.058323999999999,108.277199,240,0,90.0,3,0,5.0
2020-04-05,vietnam,,14.058323999999999,108.277199,241,0,90.0,1,0,0.0
2020-04-06,vietnam,,14.058323999999999,108.277199,245,0,95.0,4,0,5.0
2020-04-07,vietnam,,14.058323999999999,108.277199,249,0,123.0,4,0,28.0
2020-04-08,vietnam,,14.058323999999999,108.277199,251,0,126.0,2,0,3.0
2020-04-09,vietnam,,14.058323999999999,108.277199,255,0,128.0,4,0,2.0
2020-04-10,vietnam,,14.058323999999999,108.277199,257,0,144.0,2,0,16.0
2020-04-11,vietnam,,14.058323999999999,108.277199,258,0,144.0,1,0,0.0
2020-04-12,vietnam,,14.058323999999999,108.277199,262,0,144.0,4,0,0.0
2020-04-13,vietnam,,14.058323999999999,108.277199,265,0,146.0,3,0,2.0
2020-04-14,vietnam,,14.058323999999999,108.277199,266,0,169.0,1,0,23.0
2020-04-15,vietnam,,14.058323999999999,108.277199,267,0,171.0,1,0,2.0
2020-04-16,vietnam,,14.058323999999999,108.277199,268,0,177.0,1,0,6.0
2020-04-17,vietnam,,14.058323999999999,108.277199,268,0,198.0,0,0,21.0
2020-04-18,vietnam,,14.058323999999999,108.277199,268,0,201.0,0,0,3.0
2020-04-19,vietnam,,14.058323999999999,108.277199,268,0,202.0,0,0,1.0
2020-04-20,vietnam,,14.058323999999999,108.277199,268,0,214.0,0,0,12.0
2020-04-21,vietnam,,14.058323999999999,108.277199,268,0,216.0,0,0,2.0
2020-04-22,vietnam,,14.058323999999999,108.277199,268,0,223.0,0,0,7.0
2020-04-23,vietnam,,14.058323999999999,108.277199,268,0,224.0,0,0,1.0
2020-04-24,vietnam,,14.058323999999999,108.277199,270,0,220.0,2,0,-4.0
2020-04-25,vietnam,,14.058323999999999,108.277199,270,0,225.0,0,0,5.0
2020-04-26,vietnam,,14.058323999999999,108.277199,270,0,225.0,0,0,0.0
2020-04-27,vietnam,,14.058323999999999,108.277199,270,0,225.0,0,0,0.0
2020-04-28,vietnam,,14.058323999999999,108.277199,270,0,222.0,0,0,-3.0
2020-04-29,vietnam,,14.058323999999999,108.277199,270,0,222.0,0,0,0.0
2020-04-30,vietnam,,14.058323999999999,108.277199,270,0,219.0,0,0,-3.0
2020-05-01,vietnam,,14.058323999999999,108.277199,270,0,219.0,0,0,0.0
2020-05-02,vietnam,,14.058323999999999,108.277199,270,0,219.0,0,0,0.0
2020-05-03,vietnam,,14.058323999999999,108.277199,271,0,219.0,1,0,0.0
2020-05-04,vietnam,,14.058323999999999,108.277199,271,0,219.0,0,0,0.0
2020-05-05,vietnam,,14.058323999999999,108.277199,271,0,232.0,0,0,13.0
2020-05-06,vietnam,,14.058323999999999,108.277199,271,0,232.0,0,0,0.0
2020-05-07,vietnam,,14.058323999999999,108.277199,288,0,233.0,17,0,1.0
2020-05-08,vietnam,,14.058323999999999,108.277199,288,0,241.0,0,0,8.0
2020-05-09,vietnam,,14.058323999999999,108.277199,288,0,241.0,0,0,0.0
2020-05-10,vietnam,,14.058323999999999,108.277199,288,0,241.0,0,0,0.0
2020-05-11,vietnam,,14.058323999999999,108.277199,288,0,249.0,0,0,8.0
2020-05-12,vietnam,,14.058323999999999,108.277199,288,0,252.0,0,0,3.0
2020-05-13,vietnam,,14.058323999999999,108.277199,288,0,252.0,0,0,0.0
2020-05-14,vietnam,,14.058323999999999,108.277199,312,0,260.0,24,0,8.0
2020-05-15,vietnam,,14.058323999999999,108.277199,314,0,260.0,2,0,0.0
2020-05-16,vietnam,,14.058323999999999,108.277199,318,0,260.0,4,0,0.0
2020-05-17,vietnam,,14.058323999999999,108.277199,320,0,260.0,2,0,0.0
2020-05-18,vietnam,,14.058323999999999,108.277199,324,0,263.0,4,0,3.0
2020-05-19,vietnam,,14.058323999999999,108.277199,324,0,263.0,0,0,0.0
2020-05-20,vietnam,,14.058323999999999,108.277199,324,0,263.0,0,0,0.0
2020-05-21,vietnam,,14.058323999999999,108.277199,324,0,266.0,0,0,3.0
2020-05-22,vietnam,,14.058323999999999,108.277199,324,0,267.0,0,0,1.0
2020-05-23,vietnam,,14.058323999999999,108.277199,325,0,267.0,1,0,0.0
2020-05-24,vietnam,,14.058323999999999,108.277199,325,0,267.0,0,0,0.0
2020-05-25,vietnam,,14.058323999999999,108.277199,326,0,272.0,1,0,5.0
2020-05-26,vietnam,,14.058323999999999,108.277199,327,0,272.0,1,0,0.0
2020-05-27,vietnam,,14.058323999999999,108.277199,327,0,278.0,0,0,6.0
2020-05-28,vietnam,,14.058323999999999,108.277199,327,0,278.0,0,0,0.0
2020-05-29,vietnam,,14.058323999999999,108.277199,328,0,279.0,1,0,1.0
2020-05-30,vietnam,,14.058323999999999,108.277199,328,0,279.0,0,0,0.0
2020-05-31,vietnam,,14.058323999999999,108.277199,328,0,279.0,0,0,0.0
2020-06-01,vietnam,,14.058323999999999,108.277199,328,0,293.0,0,0,14.0
2020-06-02,vietnam,,14.058323999999999,108.277199,328,0,298.0,0,0,5.0
2020-06-03,vietnam,,14.058323999999999,108.277199,328,0,302.0,0,0,4.0
2020-06-04,vietnam,,14.058323999999999,108.277199,328,0,302.0,0,0,0.0
2020-06-05,vietnam,,14.058323999999999,108.277199,328,0,307.0,0,0,5.0
2020-06-06,vietnam,,14.058323999999999,108.277199,329,0,307.0,1,0,0.0
2020-06-07,vietnam,,14.058323999999999,108.277199,331,0,307.0,2,0,0.0
2020-06-08,vietnam,,14.058323999999999,108.277199,332,0,316.0,1,0,9.0
2020-06-09,vietnam,,14.058323999999999,108.277199,332,0,316.0,0,0,0.0
2020-06-10,vietnam,,14.058323999999999,108.277199,332,0,320.0,0,0,4.0
2020-06-11,vietnam,,14.058323999999999,108.277199,332,0,321.0,0,0,1.0
2020-06-12,vietnam,,14.058323999999999,108.277199,333,0,323.0,1,0,2.0
2020-06-13,vietnam,,14.058323999999999,108.277199,334,0,323.0,1,0,0.0
2020-06-14,vietnam,,14.058323999999999,108.277199,334,0,323.0,0,0,0.0
2020-06-15,vietnam,,14.058323999999999,108.277199,334,0,323.0,0,0,0.0
2020-06-16,vietnam,,14.058323999999999,108.277199,334,0,325.0,0,0,2.0
2020-06-17,vietnam,,14.058323999999999,108.277199,335,0,325.0,1,0,0.0
2020-06-18,vietnam,,14.058323999999999,108.277199,342,0,325.0,7,0,0.0
2020-06-19,vietnam,,14.058323999999999,108.277199,349,0,326.0,7,0,1.0
2020-06-20,vietnam,,14.058323999999999,108.277199,349,0,327.0,0,0,1.0
2020-06-21,vietnam,,14.058323999999999,108.277199,349,0,327.0,0,0,0.0
2020-06-22,vietnam,,14.058323999999999,108.277199,349,0,328.0,0,0,1.0
2020-06-23,vietnam,,14.058323999999999,108.277199,349,0,329.0,0,0,1.0
2020-06-24,vietnam,,14.058323999999999,108.277199,352,0,329.0,3,0,0.0
2020-06-25,vietnam,,14.058323999999999,108.277199,352,0,329.0,0,0,0.0
2020-06-26,vietnam,,14.058323999999999,108.277199,353,0,330.0,1,0,1.0
2020-06-27,vietnam,,14.058323999999999,108.277199,355,0,330.0,2,0,0.0
2020-06-28,vietnam,,14.058323999999999,108.277199,355,0,330.0,0,0,0.0
2020-06-29,vietnam,,14.058323999999999,108.277199,355,0,335.0,0,0,5.0
2020-06-30,vietnam,,14.058323999999999,108.277199,355,0,335.0,0,0,0.0
2020-07-01,vietnam,,14.058323999999999,108.277199,355,0,336.0,0,0,1.0
2020-07-02,vietnam,,14.058323999999999,108.277199,355,0,340.0,0,0,4.0
2020-07-03,vietnam,,14.058323999999999,108.277199,355,0,340.0,0,0,0.0
2020-07-04,vietnam,,14.058323999999999,108.277199,355,0,340.0,0,0,0.0
2020-07-05,vietnam,,14.058323999999999,108.277199,355,0,340.0,0,0,0.0
2020-07-06,vietnam,,14.058323999999999,108.277199,369,0,341.0,14,0,1.0
2020-07-07,vietnam,,14.058323999999999,108.277199,369,0,342.0,0,0,1.0
2020-07-08,vietnam,,14.058323999999999,108.277199,369,0,347.0,0,0,5.0
2020-07-09,vietnam,,14.058323999999999,108.277199,369,0,347.0,0,0,0.0
2020-07-10,vietnam,,14.058323999999999,108.277199,370,0,350.0,1,0,3.0
2020-07-11,vietnam,,14.058323999999999,108.277199,370,0,350.0,0,0,0.0
2020-07-12,vietnam,,14.058323999999999,108.277199,372,0,350.0,2,0,0.0
2020-07-13,vietnam,,14.058323999999999,108.277199,373,0,352.0,1,0,2.0
2020-07-14,vietnam,,14.058323999999999,108.277199,373,0,352.0,0,0,0.0
2020-07-15,vietnam,,14.058323999999999,108.277199,381,0,353.0,8,0,1.0
2020-07-16,vietnam,,14.058323999999999,108.277199,381,0,356.0,0,0,3.0
2020-07-17,vietnam,,14.058323999999999,108.277199,382,0,356.0,1,0,0.0
2020-07-18,vietnam,,14.058323999999999,108.277199,382,0,357.0,0,0,1.0
2020-07-19,vietnam,,14.058323999999999,108.277199,383,0,357.0,1,0,0.0
2020-07-20,vietnam,,14.058323999999999,108.277199,384,0,360.0,1,0,3.0
2020-07-21,vietnam,,14.058323999999999,108.277199,401,0,365.0,17,0,5.0
2020-07-22,vietnam,,14.058323999999999,108.277199,408,0,365.0,7,0,0.0
2020-07-23,vietnam,,14.058323999999999,108.277199,412,0,365.0,4,0,0.0
2020-07-24,vietnam,,14.058323999999999,108.277199,415,0,365.0,3,0,0.0
2020-07-25,vietnam,,14.058323999999999,108.277199,417,0,365.0,2,0,0.0
2020-07-26,vietnam,,14.058323999999999,108.277199,420,0,365.0,3,0,0.0
2020-07-27,vietnam,,14.058323999999999,108.277199,431,0,365.0,11,0,0.0
2020-07-28,vietnam,,14.058323999999999,108.277199,446,0,369.0,15,0,4.0
2020-07-29,vietnam,,14.058323999999999,108.277199,459,0,369.0,13,0,0.0
2020-07-30,vietnam,,14.058323999999999,108.277199,509,0,373.0,50,0,4.0
2020-07-31,vietnam,,14.058323999999999,108.277199,558,3,373.0,49,3,0.0
