date,country,state,lat,long,confirmed,deaths,recovered,confirmed_new,deaths_new,recovered_new
2020-01-22,west-bank-and-gaza,,31.9522,35.2332,0,0,0.0,0,0,0.0
2020-01-23,west-bank-and-gaza,,31.9522,35.2332,0,0,0.0,0,0,0.0
2020-01-24,west-bank-and-gaza,,31.9522,35.2332,0,0,0.0,0,0,0.0
2020-01-25,west-bank-and-gaza,,31.9522,35.2332,0,0,0.0,0,0,0.0
2020-01-26,west-bank-and-gaza,,31.9522,35.2332,0,0,0.0,0,0,0.0
2020-01-27,west-bank-and-gaza,,31.9522,35.2332,0,0,0.0,0,0,0.0
2020-01-28,west-bank-and-gaza,,31.9522,35.2332,0,0,0.0,0,0,0.0
2020-01-29,west-bank-and-gaza,,31.9522,35.2332,0,0,0.0,0,0,0.0
2020-01-30,west-bank-and-gaza,,31.9522,35.2332,0,0,0.0,0,0,0.0
2020-01-31,west-bank-and-gaza,,31.9522,35.2332,0,0,0.0,0,0,0.0
2020-02-01,west-bank-and-gaza,,31.9522,35.2332,0,0,0.0,0,0,0.0
2020-02-02,west-bank-and-gaza,,31.9522,35.2332,0,0,0.0,0,0,0.0
2020-02-03,west-bank-and-gaza,,31.9522,35.2332,0,0,0.0,0,0,0.0
2020-02-04,west-bank-and-gaza,,31.9522,35.2332,0,0,0.0,0,0,0.0
2020-02-05,west-bank-and-gaza,,31.9522,35.2332,0,0,0.0,0,0,0.0
2020-02-06,west-bank-and-gaza,,31.9522,35.2332,0,0,0.0,0,0,0.0
2020-02-07,west-bank-and-gaza,,31.9522,35.2332,0,0,0.0,0,0,0.0
2020-02-08,west-bank-and-gaza,,31.9522,35.2332,0,0,0.0,0,0,0.0
2020-02-09,west-bank-and-gaza,,31.9522,35.2332,0,0,0.0,0,0,0.0
2020-02-10,west-bank-and-gaza,,31.9522,35.2332,0,0,0.0,0,0,0.0
2020-02-11,west-bank-and-gaza,,31.9522,35.2332,0,0,0.0,0,0,0.0
2020-02-12,west-bank-and-gaza,,31.9522,35.2332,0,0,0.0,0,0,0.0
2020-02-13,west-bank-and-gaza,,31.9522,35.2332,0,0,0.0,0,0,0.0
2020-02-14,west-bank-and-gaza,,31.9522,35.2332,0,0,0.0,0,0,0.0
2020-02-15,west-bank-and-gaza,,31.9522,35.2332,0,0,0.0,0,0,0.0
2020-02-16,west-bank-and-gaza,,31.9522,35.2332,0,0,0.0,0,0,0.0
2020-02-17,west-bank-and-gaza,,31.9522,35.2332,0,0,0.0,0,0,0.0
2020-02-18,west-bank-and-gaza,,31.9522,35.2332,0,0,0.0,0,0,0.0
2020-02-19,west-bank-and-gaza,,31.9522,35.2332,0,0,0.0,0,0,0.0
2020-02-20,west-bank-and-gaza,,31.9522,35.2332,0,0,0.0,0,0,0.0
2020-02-21,west-bank-and-gaza,,31.9522,35.2332,0,0,0.0,0,0,0.0
2020-02-22,west-bank-and-gaza,,31.9522,35.2332,0,0,0.0,0,0,0.0
2020-02-23,west-bank-and-gaza,,31.9522,35.2332,0,0,0.0,0,0,0.0
2020-02-24,west-bank-and-gaza,,31.9522,35.2332,0,0,0.0,0,0,0.0
2020-02-25,west-bank-and-gaza,,31.9522,35.2332,0,0,0.0,0,0,0.0
2020-02-26,west-bank-and-gaza,,31.9522,35.2332,0,0,0.0,0,0,0.0
2020-02-27,west-bank-and-gaza,,31.9522,35.2332,0,0,0.0,0,0,0.0
2020-02-28,west-bank-and-gaza,,31.9522,35.2332,0,0,0.0,0,0,0.0
2020-02-29,west-bank-and-gaza,,31.9522,35.2332,0,0,0.0,0,0,0.0
2020-03-01,west-bank-and-gaza,,31.9522,35.2332,0,0,0.0,0,0,0.0
2020-03-02,west-bank-and-gaza,,31.9522,35.2332,0,0,0.0,0,0,0.0
2020-03-03,west-bank-and-gaza,,31.9522,35.2332,0,0,0.0,0,0,0.0
2020-03-04,west-bank-and-gaza,,31.9522,35.2332,0,0,0.0,0,0,0.0
2020-03-05,west-bank-and-gaza,,31.9522,35.2332,4,0,0.0,4,0,0.0
2020-03-06,west-bank-and-gaza,,31.9522,35.2332,7,0,0.0,3,0,0.0
2020-03-07,west-bank-and-gaza,,31.9522,35.2332,16,0,0.0,9,0,0.0
2020-03-08,west-bank-and-gaza,,31.9522,35.2332,16,0,0.0,0,0,0.0
2020-03-09,west-bank-and-gaza,,31.9522,35.2332,19,0,0.0,3,0,0.0
2020-03-10,west-bank-and-gaza,,31.9522,35.2332,26,0,0.0,7,0,0.0
2020-03-11,west-bank-and-gaza,,31.9522,35.2332,30,0,0.0,4,0,0.0
2020-03-12,west-bank-and-gaza,,31.9522,35.2332,30,0,0.0,0,0,0.0
2020-03-13,west-bank-and-gaza,,31.9522,35.2332,31,0,0.0,1,0,0.0
2020-03-14,west-bank-and-gaza,,31.9522,35.2332,35,0,0.0,4,0,0.0
2020-03-15,west-bank-and-gaza,,31.9522,35.2332,38,0,0.0,3,0,0.0
2020-03-16,west-bank-and-gaza,,31.9522,35.2332,38,0,0.0,0,0,0.0
2020-03-17,west-bank-and-gaza,,31.9522,35.2332,39,0,0.0,1,0,0.0
2020-03-18,west-bank-and-gaza,,31.9522,35.2332,41,0,0.0,2,0,0.0
2020-03-19,west-bank-and-gaza,,31.9522,35.2332,44,0,0.0,3,0,0.0
2020-03-20,west-bank-and-gaza,,31.9522,35.2332,47,0,17.0,3,0,17.0
2020-03-21,west-bank-and-gaza,,31.9522,35.2332,48,0,17.0,1,0,0.0
2020-03-22,west-bank-and-gaza,,31.9522,35.2332,52,0,17.0,4,0,0.0
2020-03-23,west-bank-and-gaza,,31.9522,35.2332,59,0,17.0,7,0,0.0
2020-03-24,west-bank-and-gaza,,31.9522,35.2332,59,0,17.0,0,0,0.0
2020-03-25,west-bank-and-gaza,,31.9522,35.2332,59,0,17.0,0,0,0.0
2020-03-26,west-bank-and-gaza,,31.9522,35.2332,84,1,17.0,25,1,0.0
2020-03-27,west-bank-and-gaza,,31.9522,35.2332,91,1,17.0,7,0,0.0
2020-03-28,west-bank-and-gaza,,31.9522,35.2332,98,1,18.0,7,0,1.0
2020-03-29,west-bank-and-gaza,,31.9522,35.2332,109,1,18.0,11,0,0.0
2020-03-30,west-bank-and-gaza,,31.9522,35.2332,116,1,18.0,7,0,0.0
2020-03-31,west-bank-and-gaza,,31.9522,35.2332,119,1,18.0,3,0,0.0
2020-04-01,west-bank-and-gaza,,31.9522,35.2332,134,1,18.0,15,0,0.0
2020-04-02,west-bank-and-gaza,,31.9522,35.2332,161,1,18.0,27,0,0.0
2020-04-03,west-bank-and-gaza,,31.9522,35.2332,194,1,21.0,33,0,3.0
2020-04-04,west-bank-and-gaza,,31.9522,35.2332,217,1,21.0,23,0,0.0
2020-04-05,west-bank-and-gaza,,31.9522,35.2332,237,1,25.0,20,0,4.0
2020-04-06,west-bank-and-gaza,,31.9522,35.2332,254,1,24.0,17,0,-1.0
2020-04-07,west-bank-and-gaza,,31.9522,35.2332,261,1,42.0,7,0,18.0
2020-04-08,west-bank-and-gaza,,31.9522,35.2332,263,1,44.0,2,0,2.0
2020-04-09,west-bank-and-gaza,,31.9522,35.2332,263,1,44.0,0,0,0.0
2020-04-10,west-bank-and-gaza,,31.9522,35.2332,267,2,45.0,4,1,1.0
2020-04-11,west-bank-and-gaza,,31.9522,35.2332,268,2,57.0,1,0,12.0
2020-04-12,west-bank-and-gaza,,31.9522,35.2332,271,2,58.0,3,0,1.0
2020-04-13,west-bank-and-gaza,,31.9522,35.2332,273,2,58.0,2,0,0.0
2020-04-14,west-bank-and-gaza,,31.9522,35.2332,284,2,62.0,11,0,4.0
2020-04-15,west-bank-and-gaza,,31.9522,35.2332,291,2,63.0,7,0,1.0
2020-04-16,west-bank-and-gaza,,31.9522,35.2332,294,2,63.0,3,0,0.0
2020-04-17,west-bank-and-gaza,,31.9522,35.2332,307,2,69.0,13,0,6.0
2020-04-18,west-bank-and-gaza,,31.9522,35.2332,313,2,69.0,6,0,0.0
2020-04-19,west-bank-and-gaza,,31.9522,35.2332,319,2,71.0,6,0,2.0
2020-04-20,west-bank-and-gaza,,31.9522,35.2332,329,2,71.0,10,0,0.0
2020-04-21,west-bank-and-gaza,,31.9522,35.2332,329,2,71.0,0,0,0.0
2020-04-22,west-bank-and-gaza,,31.9522,35.2332,335,2,71.0,6,0,0.0
2020-04-23,west-bank-and-gaza,,31.9522,35.2332,336,2,74.0,1,0,3.0
2020-04-24,west-bank-and-gaza,,31.9522,35.2332,340,2,81.0,4,0,7.0
2020-04-25,west-bank-and-gaza,,31.9522,35.2332,342,2,83.0,2,0,2.0
2020-04-26,west-bank-and-gaza,,31.9522,35.2332,342,2,83.0,0,0,0.0
2020-04-27,west-bank-and-gaza,,31.9522,35.2332,342,2,83.0,0,0,0.0
2020-04-28,west-bank-and-gaza,,31.9522,35.2332,343,2,71.0,1,0,-12.0
2020-04-29,west-bank-and-gaza,,31.9522,35.2332,344,2,71.0,1,0,0.0
2020-04-30,west-bank-and-gaza,,31.9522,35.2332,344,2,76.0,0,0,5.0
2020-05-01,west-bank-and-gaza,,31.9522,35.2332,353,2,76.0,9,0,0.0
2020-05-02,west-bank-and-gaza,,31.9522,35.2332,353,2,76.0,0,0,0.0
2020-05-03,west-bank-and-gaza,,31.9522,35.2332,353,2,77.0,0,0,1.0
2020-05-04,west-bank-and-gaza,,31.9522,35.2332,362,2,102.0,9,0,25.0
2020-05-05,west-bank-and-gaza,,31.9522,35.2332,371,2,127.0,9,0,25.0
2020-05-06,west-bank-and-gaza,,31.9522,35.2332,374,2,174.0,3,0,47.0
2020-05-07,west-bank-and-gaza,,31.9522,35.2332,375,2,176.0,1,0,2.0
2020-05-08,west-bank-and-gaza,,31.9522,35.2332,375,2,228.0,0,0,52.0
2020-05-09,west-bank-and-gaza,,31.9522,35.2332,375,2,228.0,0,0,0.0
2020-05-10,west-bank-and-gaza,,31.9522,35.2332,375,2,263.0,0,0,35.0
2020-05-11,west-bank-and-gaza,,31.9522,35.2332,375,2,301.0,0,0,38.0
2020-05-12,west-bank-and-gaza,,31.9522,35.2332,375,2,308.0,0,0,7.0
2020-05-13,west-bank-and-gaza,,31.9522,35.2332,375,2,310.0,0,0,2.0
2020-05-14,west-bank-and-gaza,,31.9522,35.2332,375,2,310.0,0,0,0.0
2020-05-15,west-bank-and-gaza,,31.9522,35.2332,375,2,315.0,0,0,5.0
2020-05-16,west-bank-and-gaza,,31.9522,35.2332,376,2,329.0,1,0,14.0
2020-05-17,west-bank-and-gaza,,31.9522,35.2332,381,2,335.0,5,0,6.0
2020-05-18,west-bank-and-gaza,,31.9522,35.2332,388,2,337.0,7,0,2.0
2020-05-19,west-bank-and-gaza,,31.9522,35.2332,391,2,346.0,3,0,9.0
2020-05-20,west-bank-and-gaza,,31.9522,35.2332,398,2,346.0,7,0,0.0
2020-05-21,west-bank-and-gaza,,31.9522,35.2332,423,2,346.0,25,0,0.0
2020-05-22,west-bank-and-gaza,,31.9522,35.2332,423,2,346.0,0,0,0.0
2020-05-23,west-bank-and-gaza,,31.9522,35.2332,423,3,348.0,0,1,2.0
2020-05-24,west-bank-and-gaza,,31.9522,35.2332,423,3,357.0,0,0,9.0
2020-05-25,west-bank-and-gaza,,31.9522,35.2332,423,3,357.0,0,0,0.0
2020-05-26,west-bank-and-gaza,,31.9522,35.2332,429,3,365.0,6,0,8.0
2020-05-27,west-bank-and-gaza,,31.9522,35.2332,434,3,365.0,5,0,0.0
2020-05-28,west-bank-and-gaza,,31.9522,35.2332,446,3,368.0,12,0,3.0
2020-05-29,west-bank-and-gaza,,31.9522,35.2332,446,3,368.0,0,0,0.0
2020-05-30,west-bank-and-gaza,,31.9522,35.2332,447,3,368.0,1,0,0.0
2020-05-31,west-bank-and-gaza,,31.9522,35.2332,448,3,372.0,1,0,4.0
2020-06-01,west-bank-and-gaza,,31.9522,35.2332,449,3,372.0,1,0,0.0
2020-06-02,west-bank-and-gaza,,31.9522,35.2332,451,3,372.0,2,0,0.0
2020-06-03,west-bank-and-gaza,,31.9522,35.2332,457,3,372.0,6,0,0.0
2020-06-04,west-bank-and-gaza,,31.9522,35.2332,464,3,377.0,7,0,5.0
2020-06-05,west-bank-and-gaza,,31.9522,35.2332,464,3,377.0,0,0,0.0
2020-06-06,west-bank-and-gaza,,31.9522,35.2332,464,3,400.0,0,0,23.0
2020-06-07,west-bank-and-gaza,,31.9522,35.2332,472,3,403.0,8,0,3.0
2020-06-08,west-bank-and-gaza,,31.9522,35.2332,473,3,404.0,1,0,1.0
2020-06-09,west-bank-and-gaza,,31.9522,35.2332,481,3,404.0,8,0,0.0
2020-06-10,west-bank-and-gaza,,31.9522,35.2332,485,3,410.0,4,0,6.0
2020-06-11,west-bank-and-gaza,,31.9522,35.2332,487,3,410.0,2,0,0.0
2020-06-12,west-bank-and-gaza,,31.9522,35.2332,489,3,414.0,2,0,4.0
2020-06-13,west-bank-and-gaza,,31.9522,35.2332,489,3,415.0,0,0,1.0
2020-06-14,west-bank-and-gaza,,31.9522,35.2332,492,3,415.0,3,0,0.0
2020-06-15,west-bank-and-gaza,,31.9522,35.2332,505,3,415.0,13,0,0.0
2020-06-16,west-bank-and-gaza,,31.9522,35.2332,514,3,415.0,9,0,0.0
2020-06-17,west-bank-and-gaza,,31.9522,35.2332,555,3,415.0,41,0,0.0
2020-06-18,west-bank-and-gaza,,31.9522,35.2332,600,3,415.0,45,0,0.0
2020-06-19,west-bank-and-gaza,,31.9522,35.2332,675,3,437.0,75,0,22.0
2020-06-20,west-bank-and-gaza,,31.9522,35.2332,784,3,437.0,109,0,0.0
2020-06-21,west-bank-and-gaza,,31.9522,35.2332,833,3,439.0,49,0,2.0
2020-06-22,west-bank-and-gaza,,31.9522,35.2332,1001,3,442.0,168,0,3.0
2020-06-23,west-bank-and-gaza,,31.9522,35.2332,1169,3,442.0,168,0,0.0
2020-06-24,west-bank-and-gaza,,31.9522,35.2332,1328,3,442.0,159,0,0.0
2020-06-25,west-bank-and-gaza,,31.9522,35.2332,1382,3,446.0,54,0,4.0
2020-06-26,west-bank-and-gaza,,31.9522,35.2332,1557,3,446.0,175,0,0.0
2020-06-27,west-bank-and-gaza,,31.9522,35.2332,1815,4,446.0,258,1,0.0
2020-06-28,west-bank-and-gaza,,31.9522,35.2332,1990,4,447.0,175,0,1.0
2020-06-29,west-bank-and-gaza,,31.9522,35.2332,2185,5,447.0,195,1,0.0
2020-06-30,west-bank-and-gaza,,31.9522,35.2332,2428,8,451.0,243,3,4.0
2020-07-01,west-bank-and-gaza,,31.9522,35.2332,2758,8,460.0,330,0,9.0
2020-07-02,west-bank-and-gaza,,31.9522,35.2332,3080,9,460.0,322,1,0.0
2020-07-03,west-bank-and-gaza,,31.9522,35.2332,3334,11,463.0,254,2,3.0
2020-07-04,west-bank-and-gaza,,31.9522,35.2332,3835,13,463.0,501,2,0.0
2020-07-05,west-bank-and-gaza,,31.9522,35.2332,4277,16,491.0,442,3,28.0
2020-07-06,west-bank-and-gaza,,31.9522,35.2332,4341,17,491.0,64,1,0.0
2020-07-07,west-bank-and-gaza,,31.9522,35.2332,4647,18,494.0,306,1,3.0
2020-07-08,west-bank-and-gaza,,31.9522,35.2332,5029,20,494.0,382,2,0.0
2020-07-09,west-bank-and-gaza,,31.9522,35.2332,5220,24,525.0,191,4,31.0
2020-07-10,west-bank-and-gaza,,31.9522,35.2332,5551,27,536.0,331,3,11.0
2020-07-11,west-bank-and-gaza,,31.9522,35.2332,5931,33,536.0,380,6,0.0
2020-07-12,west-bank-and-gaza,,31.9522,35.2332,6230,36,942.0,299,3,406.0
2020-07-13,west-bank-and-gaza,,31.9522,35.2332,6566,39,1084.0,336,3,142.0
2020-07-14,west-bank-and-gaza,,31.9522,35.2332,6764,44,1084.0,198,5,0.0
2020-07-15,west-bank-and-gaza,,31.9522,35.2332,7064,44,1084.0,300,0,0.0
2020-07-16,west-bank-and-gaza,,31.9522,35.2332,7412,51,1313.0,348,7,229.0
2020-07-17,west-bank-and-gaza,,31.9522,35.2332,7764,53,1492.0,352,2,179.0
2020-07-18,west-bank-and-gaza,,31.9522,35.2332,8204,59,1596.0,440,6,104.0
2020-07-19,west-bank-and-gaza,,31.9522,35.2332,8549,62,1921.0,345,3,325.0
2020-07-20,west-bank-and-gaza,,31.9522,35.2332,8916,63,1921.0,367,1,0.0
2020-07-21,west-bank-and-gaza,,31.9522,35.2332,9228,64,1932.0,312,1,11.0
2020-07-22,west-bank-and-gaza,,31.9522,35.2332,9398,66,1950.0,170,2,18.0
2020-07-23,west-bank-and-gaza,,31.9522,35.2332,9744,67,2720.0,346,1,770.0
2020-07-24,west-bank-and-gaza,,31.9522,35.2332,10093,70,2720.0,349,3,0.0
2020-07-25,west-bank-and-gaza,,31.9522,35.2332,10306,75,3282.0,213,5,562.0
2020-07-26,west-bank-and-gaza,,31.9522,35.2332,10469,76,3752.0,163,1,470.0
2020-07-27,west-bank-and-gaza,,31.9522,35.2332,10621,78,3752.0,152,2,0.0
2020-07-28,west-bank-and-gaza,,31.9522,35.2332,10938,79,3752.0,317,1,0.0
2020-07-29,west-bank-and-gaza,,31.9522,35.2332,11284,80,4833.0,346,1,1081.0
2020-07-30,west-bank-and-gaza,,31.9522,35.2332,11548,81,5016.0,264,1,183.0
2020-07-31,west-bank-and-gaza,,31.9522,35.2332,11837,82,5077.0,289,1,61.0
