date,country,state,lat,long,confirmed,deaths,recovered,confirmed_new,deaths_new,recovered_new
2020-01-22,zimbabwe,,-19.015438,29.154857,0,0,0.0,0,0,0.0
2020-01-23,zimbabwe,,-19.015438,29.154857,0,0,0.0,0,0,0.0
2020-01-24,zimbabwe,,-19.015438,29.154857,0,0,0.0,0,0,0.0
2020-01-25,zimbabwe,,-19.015438,29.154857,0,0,0.0,0,0,0.0
2020-01-26,zimbabwe,,-19.015438,29.154857,0,0,0.0,0,0,0.0
2020-01-27,zimbabwe,,-19.015438,29.154857,0,0,0.0,0,0,0.0
2020-01-28,zimbabwe,,-19.015438,29.154857,0,0,0.0,0,0,0.0
2020-01-29,zimbabwe,,-19.015438,29.154857,0,0,0.0,0,0,0.0
2020-01-30,zimbabwe,,-19.015438,29.154857,0,0,0.0,0,0,0.0
2020-01-31,zimbabwe,,-19.015438,29.154857,0,0,0.0,0,0,0.0
2020-02-01,zimbabwe,,-19.015438,29.154857,0,0,0.0,0,0,0.0
2020-02-02,zimbabwe,,-19.015438,29.154857,0,0,0.0,0,0,0.0
2020-02-03,zimbabwe,,-19.015438,29.154857,0,0,0.0,0,0,0.0
2020-02-04,zimbabwe,,-19.015438,29.154857,0,0,0.0,0,0,0.0
2020-02-05,zimbabwe,,-19.015438,29.154857,0,0,0.0,0,0,0.0
2020-02-06,zimbabwe,,-19.015438,29.154857,0,0,0.0,0,0,0.0
2020-02-07,zimbabwe,,-19.015438,29.154857,0,0,0.0,0,0,0.0
2020-02-08,zimbabwe,,-19.015438,29.154857,0,0,0.0,0,0,0.0
2020-02-09,zimbabwe,,-19.015438,29.154857,0,0,0.0,0,0,0.0
2020-02-10,zimbabwe,,-19.015438,29.154857,0,0,0.0,0,0,0.0
2020-02-11,zimbabwe,,-19.015438,29.154857,0,0,0.0,0,0,0.0
2020-02-12,zimbabwe,,-19.015438,29.154857,0,0,0.0,0,0,0.0
2020-02-13,zimbabwe,,-19.015438,29.154857,0,0,0.0,0,0,0.0
2020-02-14,zimbabwe,,-19.015438,29.154857,0,0,0.0,0,0,0.0
2020-02-15,zimbabwe,,-19.015438,29.154857,0,0,0.0,0,0,0.0
2020-02-16,zimbabwe,,-19.015438,29.154857,0,0,0.0,0,0,0.0
2020-02-17,zimbabwe,,-19.015438,29.154857,0,0,0.0,0,0,0.0
2020-02-18,zimbabwe,,-19.015438,29.154857,0,0,0.0,0,0,0.0
2020-02-19,zimbabwe,,-19.015438,29.154857,0,0,0.0,0,0,0.0
2020-02-20,zimbabwe,,-19.015438,29.154857,0,0,0.0,0,0,0.0
2020-02-21,zimbabwe,,-19.015438,29.154857,0,0,0.0,0,0,0.0
2020-02-22,zimbabwe,,-19.015438,29.154857,0,0,0.0,0,0,0.0
2020-02-23,zimbabwe,,-19.015438,29.154857,0,0,0.0,0,0,0.0
2020-02-24,zimbabwe,,-19.015438,29.154857,0,0,0.0,0,0,0.0
2020-02-25,zimbabwe,,-19.015438,29.154857,0,0,0.0,0,0,0.0
2020-02-26,zimbabwe,,-19.015438,29.154857,0,0,0.0,0,0,0.0
2020-02-27,zimbabwe,,-19.015438,29.154857,0,0,0.0,0,0,0.0
2020-02-28,zimbabwe,,-19.015438,29.154857,0,0,0.0,0,0,0.0
2020-02-29,zimbabwe,,-19.015438,29.154857,0,0,0.0,0,0,0.0
2020-03-01,zimbabwe,,-19.015438,29.154857,0,0,0.0,0,0,0.0
2020-03-02,zimbabwe,,-19.015438,29.154857,0,0,0.0,0,0,0.0
2020-03-03,zimbabwe,,-19.015438,29.154857,0,0,0.0,0,0,0.0
2020-03-04,zimbabwe,,-19.015438,29.154857,0,0,0.0,0,0,0.0
2020-03-05,zimbabwe,,-19.015438,29.154857,0,0,0.0,0,0,0.0
2020-03-06,zimbabwe,,-19.015438,29.154857,0,0,0.0,0,0,0.0
2020-03-07,zimbabwe,,-19.015438,29.154857,0,0,0.0,0,0,0.0
2020-03-08,zimbabwe,,-19.015438,29.154857,0,0,0.0,0,0,0.0
2020-03-09,zimbabwe,,-19.015438,29.154857,0,0,0.0,0,0,0.0
2020-03-10,zimbabwe,,-19.015438,29.154857,0,0,0.0,0,0,0.0
2020-03-11,zimbabwe,,-19.015438,29.154857,0,0,0.0,0,0,0.0
2020-03-12,zimbabwe,,-19.015438,29.154857,0,0,0.0,0,0,0.0
2020-03-13,zimbabwe,,-19.015438,29.154857,0,0,0.0,0,0,0.0
2020-03-14,zimbabwe,,-19.015438,29.154857,0,0,0.0,0,0,0.0
2020-03-15,zimbabwe,,-19.015438,29.154857,0,0,0.0,0,0,0.0
2020-03-16,zimbabwe,,-19.015438,29.154857,0,0,0.0,0,0,0.0
2020-03-17,zimbabwe,,-19.015438,29.154857,0,0,0.0,0,0,0.0
2020-03-18,zimbabwe,,-19.015438,29.154857,0,0,0.0,0,0,0.0
2020-03-19,zimbabwe,,-19.015438,29.154857,0,0,0.0,0,0,0.0
2020-03-20,zimbabwe,,-19.015438,29.154857,1,0,0.0,1,0,0.0
2020-03-21,zimbabwe,,-19.015438,29.154857,3,0,0.0,2,0,0.0
2020-03-22,zimbabwe,,-19.015438,29.154857,3,0,0.0,0,0,0.0
2020-03-23,zimbabwe,,-19.015438,29.154857,3,1,0.0,0,1,0.0
2020-03-24,zimbabwe,,-19.015438,29.154857,3,1,0.0,0,0,0.0
2020-03-25,zimbabwe,,-19.015438,29.154857,3,1,0.0,0,0,0.0
2020-03-26,zimbabwe,,-19.015438,29.154857,3,1,0.0,0,0,0.0
2020-03-27,zimbabwe,,-19.015438,29.154857,5,1,0.0,2,0,0.0
2020-03-28,zimbabwe,,-19.015438,29.154857,7,1,0.0,2,0,0.0
2020-03-29,zimbabwe,,-19.015438,29.154857,7,1,0.0,0,0,0.0
2020-03-30,zimbabwe,,-19.015438,29.154857,7,1,0.0,0,0,0.0
2020-03-31,zimbabwe,,-19.015438,29.154857,8,1,0.0,1,0,0.0
2020-04-01,zimbabwe,,-19.015438,29.154857,8,1,0.0,0,0,0.0
2020-04-02,zimbabwe,,-19.015438,29.154857,9,1,0.0,1,0,0.0
2020-04-03,zimbabwe,,-19.015438,29.154857,9,1,0.0,0,0,0.0
2020-04-04,zimbabwe,,-19.015438,29.154857,9,1,0.0,0,0,0.0
2020-04-05,zimbabwe,,-19.015438,29.154857,9,1,0.0,0,0,0.0
2020-04-06,zimbabwe,,-19.015438,29.154857,10,1,0.0,1,0,0.0
2020-04-07,zimbabwe,,-19.015438,29.154857,11,2,0.0,1,1,0.0
2020-04-08,zimbabwe,,-19.015438,29.154857,11,3,0.0,0,1,0.0
2020-04-09,zimbabwe,,-19.015438,29.154857,11,3,0.0,0,0,0.0
2020-04-10,zimbabwe,,-19.015438,29.154857,13,3,0.0,2,0,0.0
2020-04-11,zimbabwe,,-19.015438,29.154857,14,3,0.0,1,0,0.0
2020-04-12,zimbabwe,,-19.015438,29.154857,14,3,0.0,0,0,0.0
2020-04-13,zimbabwe,,-19.015438,29.154857,17,3,0.0,3,0,0.0
2020-04-14,zimbabwe,,-19.015438,29.154857,17,3,0.0,0,0,0.0
2020-04-15,zimbabwe,,-19.015438,29.154857,23,3,1.0,6,0,1.0
2020-04-16,zimbabwe,,-19.015438,29.154857,23,3,1.0,0,0,0.0
2020-04-17,zimbabwe,,-19.015438,29.154857,24,3,2.0,1,0,1.0
2020-04-18,zimbabwe,,-19.015438,29.154857,25,3,2.0,1,0,0.0
2020-04-19,zimbabwe,,-19.015438,29.154857,25,3,2.0,0,0,0.0
2020-04-20,zimbabwe,,-19.015438,29.154857,25,3,2.0,0,0,0.0
2020-04-21,zimbabwe,,-19.015438,29.154857,28,3,2.0,3,0,0.0
2020-04-22,zimbabwe,,-19.015438,29.154857,28,4,2.0,0,1,0.0
2020-04-23,zimbabwe,,-19.015438,29.154857,28,4,2.0,0,0,0.0
2020-04-24,zimbabwe,,-19.015438,29.154857,29,4,2.0,1,0,0.0
2020-04-25,zimbabwe,,-19.015438,29.154857,31,4,2.0,2,0,0.0
2020-04-26,zimbabwe,,-19.015438,29.154857,31,4,2.0,0,0,0.0
2020-04-27,zimbabwe,,-19.015438,29.154857,32,4,5.0,1,0,3.0
2020-04-28,zimbabwe,,-19.015438,29.154857,32,4,5.0,0,0,0.0
2020-04-29,zimbabwe,,-19.015438,29.154857,32,4,5.0,0,0,0.0
2020-04-30,zimbabwe,,-19.015438,29.154857,40,4,5.0,8,0,0.0
2020-05-01,zimbabwe,,-19.015438,29.154857,40,4,5.0,0,0,0.0
2020-05-02,zimbabwe,,-19.015438,29.154857,34,4,5.0,-6,0,0.0
2020-05-03,zimbabwe,,-19.015438,29.154857,34,4,5.0,0,0,0.0
2020-05-04,zimbabwe,,-19.015438,29.154857,34,4,5.0,0,0,0.0
2020-05-05,zimbabwe,,-19.015438,29.154857,34,4,5.0,0,0,0.0
2020-05-06,zimbabwe,,-19.015438,29.154857,34,4,5.0,0,0,0.0
2020-05-07,zimbabwe,,-19.015438,29.154857,34,4,5.0,0,0,0.0
2020-05-08,zimbabwe,,-19.015438,29.154857,34,4,9.0,0,0,4.0
2020-05-09,zimbabwe,,-19.015438,29.154857,35,4,9.0,1,0,0.0
2020-05-10,zimbabwe,,-19.015438,29.154857,36,4,9.0,1,0,0.0
2020-05-11,zimbabwe,,-19.015438,29.154857,36,4,9.0,0,0,0.0
2020-05-12,zimbabwe,,-19.015438,29.154857,36,4,9.0,0,0,0.0
2020-05-13,zimbabwe,,-19.015438,29.154857,37,4,12.0,1,0,3.0
2020-05-14,zimbabwe,,-19.015438,29.154857,37,4,13.0,0,0,1.0
2020-05-15,zimbabwe,,-19.015438,29.154857,42,4,13.0,5,0,0.0
2020-05-16,zimbabwe,,-19.015438,29.154857,42,4,13.0,0,0,0.0
2020-05-17,zimbabwe,,-19.015438,29.154857,44,4,17.0,2,0,4.0
2020-05-18,zimbabwe,,-19.015438,29.154857,46,4,18.0,2,0,1.0
2020-05-19,zimbabwe,,-19.015438,29.154857,46,4,18.0,0,0,0.0
2020-05-20,zimbabwe,,-19.015438,29.154857,48,4,18.0,2,0,0.0
2020-05-21,zimbabwe,,-19.015438,29.154857,51,4,18.0,3,0,0.0
2020-05-22,zimbabwe,,-19.015438,29.154857,51,4,18.0,0,0,0.0
2020-05-23,zimbabwe,,-19.015438,29.154857,56,4,18.0,5,0,0.0
2020-05-24,zimbabwe,,-19.015438,29.154857,56,4,25.0,0,0,7.0
2020-05-25,zimbabwe,,-19.015438,29.154857,56,4,25.0,0,0,0.0
2020-05-26,zimbabwe,,-19.015438,29.154857,56,4,25.0,0,0,0.0
2020-05-27,zimbabwe,,-19.015438,29.154857,132,4,25.0,76,0,0.0
2020-05-28,zimbabwe,,-19.015438,29.154857,149,4,28.0,17,0,3.0
2020-05-29,zimbabwe,,-19.015438,29.154857,149,4,28.0,0,0,0.0
2020-05-30,zimbabwe,,-19.015438,29.154857,174,4,29.0,25,0,1.0
2020-05-31,zimbabwe,,-19.015438,29.154857,178,4,29.0,4,0,0.0
2020-06-01,zimbabwe,,-19.015438,29.154857,203,4,29.0,25,0,0.0
2020-06-02,zimbabwe,,-19.015438,29.154857,206,4,29.0,3,0,0.0
2020-06-03,zimbabwe,,-19.015438,29.154857,222,4,29.0,16,0,0.0
2020-06-04,zimbabwe,,-19.015438,29.154857,237,4,31.0,15,0,2.0
2020-06-05,zimbabwe,,-19.015438,29.154857,265,4,33.0,28,0,2.0
2020-06-06,zimbabwe,,-19.015438,29.154857,279,4,33.0,14,0,0.0
2020-06-07,zimbabwe,,-19.015438,29.154857,282,4,34.0,3,0,1.0
2020-06-08,zimbabwe,,-19.015438,29.154857,287,4,46.0,5,0,12.0
2020-06-09,zimbabwe,,-19.015438,29.154857,314,4,46.0,27,0,0.0
2020-06-10,zimbabwe,,-19.015438,29.154857,320,4,49.0,6,0,3.0
2020-06-11,zimbabwe,,-19.015438,29.154857,332,4,51.0,12,0,2.0
2020-06-12,zimbabwe,,-19.015438,29.154857,343,4,51.0,11,0,0.0
2020-06-13,zimbabwe,,-19.015438,29.154857,356,4,54.0,13,0,3.0
2020-06-14,zimbabwe,,-19.015438,29.154857,383,4,54.0,27,0,0.0
2020-06-15,zimbabwe,,-19.015438,29.154857,387,4,54.0,4,0,0.0
2020-06-16,zimbabwe,,-19.015438,29.154857,391,4,62.0,4,0,8.0
2020-06-17,zimbabwe,,-19.015438,29.154857,401,4,63.0,10,0,1.0
2020-06-18,zimbabwe,,-19.015438,29.154857,463,4,63.0,62,0,0.0
2020-06-19,zimbabwe,,-19.015438,29.154857,479,4,63.0,16,0,0.0
2020-06-20,zimbabwe,,-19.015438,29.154857,479,4,63.0,0,0,0.0
2020-06-21,zimbabwe,,-19.015438,29.154857,489,6,64.0,10,2,1.0
2020-06-22,zimbabwe,,-19.015438,29.154857,512,6,64.0,23,0,0.0
2020-06-23,zimbabwe,,-19.015438,29.154857,525,6,64.0,13,0,0.0
2020-06-24,zimbabwe,,-19.015438,29.154857,530,6,123.0,5,0,59.0
2020-06-25,zimbabwe,,-19.015438,29.154857,551,6,128.0,21,0,5.0
2020-06-26,zimbabwe,,-19.015438,29.154857,561,6,135.0,10,0,7.0
2020-06-27,zimbabwe,,-19.015438,29.154857,567,6,142.0,6,0,7.0
2020-06-28,zimbabwe,,-19.015438,29.154857,567,6,142.0,0,0,0.0
2020-06-29,zimbabwe,,-19.015438,29.154857,574,7,152.0,7,1,10.0
2020-06-30,zimbabwe,,-19.015438,29.154857,591,7,162.0,17,0,10.0
2020-07-01,zimbabwe,,-19.015438,29.154857,605,7,166.0,14,0,4.0
2020-07-02,zimbabwe,,-19.015438,29.154857,617,7,173.0,12,0,7.0
2020-07-03,zimbabwe,,-19.015438,29.154857,625,7,176.0,8,0,3.0
2020-07-04,zimbabwe,,-19.015438,29.154857,698,8,181.0,73,1,5.0
2020-07-05,zimbabwe,,-19.015438,29.154857,716,8,181.0,18,0,0.0
2020-07-06,zimbabwe,,-19.015438,29.154857,734,9,197.0,18,1,16.0
2020-07-07,zimbabwe,,-19.015438,29.154857,787,9,201.0,53,0,4.0
2020-07-08,zimbabwe,,-19.015438,29.154857,885,9,206.0,98,0,5.0
2020-07-09,zimbabwe,,-19.015438,29.154857,885,9,206.0,0,0,0.0
2020-07-10,zimbabwe,,-19.015438,29.154857,942,13,320.0,57,4,114.0
2020-07-11,zimbabwe,,-19.015438,29.154857,982,18,320.0,40,5,0.0
2020-07-12,zimbabwe,,-19.015438,29.154857,985,18,328.0,3,0,8.0
2020-07-13,zimbabwe,,-19.015438,29.154857,1034,19,343.0,49,1,15.0
2020-07-14,zimbabwe,,-19.015438,29.154857,1064,20,343.0,30,1,0.0
2020-07-15,zimbabwe,,-19.015438,29.154857,1089,20,395.0,25,0,52.0
2020-07-16,zimbabwe,,-19.015438,29.154857,1362,23,425.0,273,3,30.0
2020-07-17,zimbabwe,,-19.015438,29.154857,1420,24,438.0,58,1,13.0
2020-07-18,zimbabwe,,-19.015438,29.154857,1478,25,439.0,58,1,1.0
2020-07-19,zimbabwe,,-19.015438,29.154857,1611,25,472.0,133,0,33.0
2020-07-20,zimbabwe,,-19.015438,29.154857,1713,26,472.0,102,1,0.0
2020-07-21,zimbabwe,,-19.015438,29.154857,1820,26,488.0,107,0,16.0
2020-07-22,zimbabwe,,-19.015438,29.154857,2034,26,510.0,214,0,22.0
2020-07-23,zimbabwe,,-19.015438,29.154857,2124,28,510.0,90,2,0.0
2020-07-24,zimbabwe,,-19.015438,29.154857,2296,32,514.0,172,4,4.0
2020-07-25,zimbabwe,,-19.015438,29.154857,2434,34,518.0,138,2,4.0
2020-07-26,zimbabwe,,-19.015438,29.154857,2512,34,518.0,78,0,0.0
2020-07-27,zimbabwe,,-19.015438,29.154857,2704,36,542.0,192,2,24.0
2020-07-28,zimbabwe,,-19.015438,29.154857,2817,40,604.0,113,4,62.0
2020-07-29,zimbabwe,,-19.015438,29.154857,2879,41,887.0,62,1,283.0
2020-07-30,zimbabwe,,-19.015438,29.154857,3092,53,924.0,213,12,37.0
2020-07-31,zimbabwe,,-19.015438,29.154857,3169,67,1004.0,77,14,80.0
