date,country,state,lat,long,UID,iso2,iso3,code3,FIPS,region,Combined_Key,confirmed,confirmed_new,deaths,deaths_new
2020-01-22,US,Kansas,38.88548175,-94.82250877,84020091.0,US,USA,840,20091.0,Johnson,"Johnson, Kansas, US",0,0,0,0
2020-01-23,US,Kansas,38.88548175,-94.82250877,84020091.0,US,USA,840,20091.0,Johnson,"Johnson, Kansas, US",0,0,0,0
2020-01-24,US,Kansas,38.88548175,-94.82250877,84020091.0,US,USA,840,20091.0,Johnson,"Johnson, Kansas, US",0,0,0,0
2020-01-25,US,Kansas,38.88548175,-94.82250877,84020091.0,US,USA,840,20091.0,Johnson,"Johnson, Kansas, US",0,0,0,0
2020-01-26,US,Kansas,38.88548175,-94.82250877,84020091.0,US,USA,840,20091.0,Johnson,"Johnson, Kansas, US",0,0,0,0
2020-01-27,US,Kansas,38.88548175,-94.82250877,84020091.0,US,USA,840,20091.0,Johnson,"Johnson, Kansas, US",0,0,0,0
2020-01-28,US,Kansas,38.88548175,-94.82250877,84020091.0,US,USA,840,20091.0,Johnson,"Johnson, Kansas, US",0,0,0,0
2020-01-29,US,Kansas,38.88548175,-94.82250877,84020091.0,US,USA,840,20091.0,Johnson,"Johnson, Kansas, US",0,0,0,0
2020-01-30,US,Kansas,38.88548175,-94.82250877,84020091.0,US,USA,840,20091.0,Johnson,"Johnson, Kansas, US",0,0,0,0
2020-01-31,US,Kansas,38.88548175,-94.82250877,84020091.0,US,USA,840,20091.0,Johnson,"Johnson, Kansas, US",0,0,0,0
2020-02-01,US,Kansas,38.88548175,-94.82250877,84020091.0,US,USA,840,20091.0,Johnson,"Johnson, Kansas, US",0,0,0,0
2020-02-02,US,Kansas,38.88548175,-94.82250877,84020091.0,US,USA,840,20091.0,Johnson,"Johnson, Kansas, US",0,0,0,0
2020-02-03,US,Kansas,38.88548175,-94.82250877,84020091.0,US,USA,840,20091.0,Johnson,"Johnson, Kansas, US",0,0,0,0
2020-02-04,US,Kansas,38.88548175,-94.82250877,84020091.0,US,USA,840,20091.0,Johnson,"Johnson, Kansas, US",0,0,0,0
2020-02-05,US,Kansas,38.88548175,-94.82250877,84020091.0,US,USA,840,20091.0,Johnson,"Johnson, Kansas, US",0,0,0,0
2020-02-06,US,Kansas,38.88548175,-94.82250877,84020091.0,US,USA,840,20091.0,Johnson,"Johnson, Kansas, US",0,0,0,0
2020-02-07,US,Kansas,38.88548175,-94.82250877,84020091.0,US,USA,840,20091.0,Johnson,"Johnson, Kansas, US",0,0,0,0
2020-02-08,US,Kansas,38.88548175,-94.82250877,84020091.0,US,USA,840,20091.0,Johnson,"Johnson, Kansas, US",0,0,0,0
2020-02-09,US,Kansas,38.88548175,-94.82250877,84020091.0,US,USA,840,20091.0,Johnson,"Johnson, Kansas, US",0,0,0,0
2020-02-10,US,Kansas,38.88548175,-94.82250877,84020091.0,US,USA,840,20091.0,Johnson,"Johnson, Kansas, US",0,0,0,0
2020-02-11,US,Kansas,38.88548175,-94.82250877,84020091.0,US,USA,840,20091.0,Johnson,"Johnson, Kansas, US",0,0,0,0
2020-02-12,US,Kansas,38.88548175,-94.82250877,84020091.0,US,USA,840,20091.0,Johnson,"Johnson, Kansas, US",0,0,0,0
2020-02-13,US,Kansas,38.88548175,-94.82250877,84020091.0,US,USA,840,20091.0,Johnson,"Johnson, Kansas, US",0,0,0,0
2020-02-14,US,Kansas,38.88548175,-94.82250877,84020091.0,US,USA,840,20091.0,Johnson,"Johnson, Kansas, US",0,0,0,0
2020-02-15,US,Kansas,38.88548175,-94.82250877,84020091.0,US,USA,840,20091.0,Johnson,"Johnson, Kansas, US",0,0,0,0
2020-02-16,US,Kansas,38.88548175,-94.82250877,84020091.0,US,USA,840,20091.0,Johnson,"Johnson, Kansas, US",0,0,0,0
2020-02-17,US,Kansas,38.88548175,-94.82250877,84020091.0,US,USA,840,20091.0,Johnson,"Johnson, Kansas, US",0,0,0,0
2020-02-18,US,Kansas,38.88548175,-94.82250877,84020091.0,US,USA,840,20091.0,Johnson,"Johnson, Kansas, US",0,0,0,0
2020-02-19,US,Kansas,38.88548175,-94.82250877,84020091.0,US,USA,840,20091.0,Johnson,"Johnson, Kansas, US",0,0,0,0
2020-02-20,US,Kansas,38.88548175,-94.82250877,84020091.0,US,USA,840,20091.0,Johnson,"Johnson, Kansas, US",0,0,0,0
2020-02-21,US,Kansas,38.88548175,-94.82250877,84020091.0,US,USA,840,20091.0,Johnson,"Johnson, Kansas, US",0,0,0,0
2020-02-22,US,Kansas,38.88548175,-94.82250877,84020091.0,US,USA,840,20091.0,Johnson,"Johnson, Kansas, US",0,0,0,0
2020-02-23,US,Kansas,38.88548175,-94.82250877,84020091.0,US,USA,840,20091.0,Johnson,"Johnson, Kansas, US",0,0,0,0
2020-02-24,US,Kansas,38.88548175,-94.82250877,84020091.0,US,USA,840,20091.0,Johnson,"Johnson, Kansas, US",0,0,0,0
2020-02-25,US,Kansas,38.88548175,-94.82250877,84020091.0,US,USA,840,20091.0,Johnson,"Johnson, Kansas, US",0,0,0,0
2020-02-26,US,Kansas,38.88548175,-94.82250877,84020091.0,US,USA,840,20091.0,Johnson,"Johnson, Kansas, US",0,0,0,0
2020-02-27,US,Kansas,38.88548175,-94.82250877,84020091.0,US,USA,840,20091.0,Johnson,"Johnson, Kansas, US",0,0,0,0
2020-02-28,US,Kansas,38.88548175,-94.82250877,84020091.0,US,USA,840,20091.0,Johnson,"Johnson, Kansas, US",0,0,0,0
2020-02-29,US,Kansas,38.88548175,-94.82250877,84020091.0,US,USA,840,20091.0,Johnson,"Johnson, Kansas, US",0,0,0,0
2020-03-01,US,Kansas,38.88548175,-94.82250877,84020091.0,US,USA,840,20091.0,Johnson,"Johnson, Kansas, US",0,0,0,0
2020-03-02,US,Kansas,38.88548175,-94.82250877,84020091.0,US,USA,840,20091.0,Johnson,"Johnson, Kansas, US",0,0,0,0
2020-03-03,US,Kansas,38.88548175,-94.82250877,84020091.0,US,USA,840,20091.0,Johnson,"Johnson, Kansas, US",0,0,0,0
2020-03-04,US,Kansas,38.88548175,-94.82250877,84020091.0,US,USA,840,20091.0,Johnson,"Johnson, Kansas, US",0,0,0,0
2020-03-05,US,Kansas,38.88548175,-94.82250877,84020091.0,US,USA,840,20091.0,Johnson,"Johnson, Kansas, US",0,0,0,0
2020-03-06,US,Kansas,38.88548175,-94.82250877,84020091.0,US,USA,840,20091.0,Johnson,"Johnson, Kansas, US",0,0,0,0
2020-03-07,US,Kansas,38.88548175,-94.82250877,84020091.0,US,USA,840,20091.0,Johnson,"Johnson, Kansas, US",0,0,0,0
2020-03-08,US,Kansas,38.88548175,-94.82250877,84020091.0,US,USA,840,20091.0,Johnson,"Johnson, Kansas, US",1,1,0,0
2020-03-09,US,Kansas,38.88548175,-94.82250877,84020091.0,US,USA,840,20091.0,Johnson,"Johnson, Kansas, US",1,0,0,0
2020-03-10,US,Kansas,38.88548175,-94.82250877,84020091.0,US,USA,840,20091.0,Johnson,"Johnson, Kansas, US",1,0,0,0
2020-03-11,US,Kansas,38.88548175,-94.82250877,84020091.0,US,USA,840,20091.0,Johnson,"Johnson, Kansas, US",1,0,0,0
2020-03-12,US,Kansas,38.88548175,-94.82250877,84020091.0,US,USA,840,20091.0,Johnson,"Johnson, Kansas, US",4,3,0,0
2020-03-13,US,Kansas,38.88548175,-94.82250877,84020091.0,US,USA,840,20091.0,Johnson,"Johnson, Kansas, US",4,0,0,0
2020-03-14,US,Kansas,38.88548175,-94.82250877,84020091.0,US,USA,840,20091.0,Johnson,"Johnson, Kansas, US",5,1,0,0
2020-03-15,US,Kansas,38.88548175,-94.82250877,84020091.0,US,USA,840,20091.0,Johnson,"Johnson, Kansas, US",5,0,0,0
2020-03-16,US,Kansas,38.88548175,-94.82250877,84020091.0,US,USA,840,20091.0,Johnson,"Johnson, Kansas, US",8,3,0,0
2020-03-17,US,Kansas,38.88548175,-94.82250877,84020091.0,US,USA,840,20091.0,Johnson,"Johnson, Kansas, US",10,2,0,0
2020-03-18,US,Kansas,38.88548175,-94.82250877,84020091.0,US,USA,840,20091.0,Johnson,"Johnson, Kansas, US",12,2,0,0
2020-03-19,US,Kansas,38.88548175,-94.82250877,84020091.0,US,USA,840,20091.0,Johnson,"Johnson, Kansas, US",16,4,0,0
2020-03-20,US,Kansas,38.88548175,-94.82250877,84020091.0,US,USA,840,20091.0,Johnson,"Johnson, Kansas, US",23,7,0,0
2020-03-21,US,Kansas,38.88548175,-94.82250877,84020091.0,US,USA,840,20091.0,Johnson,"Johnson, Kansas, US",25,2,1,1
2020-03-22,US,Kansas,38.88548175,-94.82250877,84020091.0,US,USA,840,20091.0,Johnson,"Johnson, Kansas, US",28,3,1,0
2020-03-23,US,Kansas,38.88548175,-94.82250877,84020091.0,US,USA,840,20091.0,Johnson,"Johnson, Kansas, US",32,4,1,0
2020-03-24,US,Kansas,38.88548175,-94.82250877,84020091.0,US,USA,840,20091.0,Johnson,"Johnson, Kansas, US",36,4,1,0
2020-03-25,US,Kansas,38.88548175,-94.82250877,84020091.0,US,USA,840,20091.0,Johnson,"Johnson, Kansas, US",44,8,1,0
2020-03-26,US,Kansas,38.88548175,-94.82250877,84020091.0,US,USA,840,20091.0,Johnson,"Johnson, Kansas, US",59,15,1,0
2020-03-27,US,Kansas,38.88548175,-94.82250877,84020091.0,US,USA,840,20091.0,Johnson,"Johnson, Kansas, US",66,7,1,0
2020-03-28,US,Kansas,38.88548175,-94.82250877,84020091.0,US,USA,840,20091.0,Johnson,"Johnson, Kansas, US",80,14,1,0
2020-03-29,US,Kansas,38.88548175,-94.82250877,84020091.0,US,USA,840,20091.0,Johnson,"Johnson, Kansas, US",108,28,2,1
2020-03-30,US,Kansas,38.88548175,-94.82250877,84020091.0,US,USA,840,20091.0,Johnson,"Johnson, Kansas, US",116,8,2,0
2020-03-31,US,Kansas,38.88548175,-94.82250877,84020091.0,US,USA,840,20091.0,Johnson,"Johnson, Kansas, US",134,18,2,0
2020-04-01,US,Kansas,38.88548175,-94.82250877,84020091.0,US,USA,840,20091.0,Johnson,"Johnson, Kansas, US",143,9,3,1
2020-04-02,US,Kansas,38.88548175,-94.82250877,84020091.0,US,USA,840,20091.0,Johnson,"Johnson, Kansas, US",161,18,3,0
2020-04-03,US,Kansas,38.88548175,-94.82250877,84020091.0,US,USA,840,20091.0,Johnson,"Johnson, Kansas, US",172,11,7,4
2020-04-04,US,Kansas,38.88548175,-94.82250877,84020091.0,US,USA,840,20091.0,Johnson,"Johnson, Kansas, US",185,13,7,0
2020-04-05,US,Kansas,38.88548175,-94.82250877,84020091.0,US,USA,840,20091.0,Johnson,"Johnson, Kansas, US",192,7,7,0
2020-04-06,US,Kansas,38.88548175,-94.82250877,84020091.0,US,USA,840,20091.0,Johnson,"Johnson, Kansas, US",212,20,9,2
2020-04-07,US,Kansas,38.88548175,-94.82250877,84020091.0,US,USA,840,20091.0,Johnson,"Johnson, Kansas, US",219,7,10,1
2020-04-08,US,Kansas,38.88548175,-94.82250877,84020091.0,US,USA,840,20091.0,Johnson,"Johnson, Kansas, US",244,25,11,1
2020-04-09,US,Kansas,38.88548175,-94.82250877,84020091.0,US,USA,840,20091.0,Johnson,"Johnson, Kansas, US",252,8,11,0
2020-04-10,US,Kansas,38.88548175,-94.82250877,84020091.0,US,USA,840,20091.0,Johnson,"Johnson, Kansas, US",252,0,11,0
2020-04-11,US,Kansas,38.88548175,-94.82250877,84020091.0,US,USA,840,20091.0,Johnson,"Johnson, Kansas, US",283,31,12,1
2020-04-12,US,Kansas,38.88548175,-94.82250877,84020091.0,US,USA,840,20091.0,Johnson,"Johnson, Kansas, US",304,21,14,2
2020-04-13,US,Kansas,38.88548175,-94.82250877,84020091.0,US,USA,840,20091.0,Johnson,"Johnson, Kansas, US",309,5,14,0
2020-04-14,US,Kansas,38.88548175,-94.82250877,84020091.0,US,USA,840,20091.0,Johnson,"Johnson, Kansas, US",323,14,16,2
2020-04-15,US,Kansas,38.88548175,-94.82250877,84020091.0,US,USA,840,20091.0,Johnson,"Johnson, Kansas, US",334,11,19,3
2020-04-16,US,Kansas,38.88548175,-94.82250877,84020091.0,US,USA,840,20091.0,Johnson,"Johnson, Kansas, US",343,9,22,3
2020-04-17,US,Kansas,38.88548175,-94.82250877,84020091.0,US,USA,840,20091.0,Johnson,"Johnson, Kansas, US",358,15,23,1
2020-04-18,US,Kansas,38.88548175,-94.82250877,84020091.0,US,USA,840,20091.0,Johnson,"Johnson, Kansas, US",369,11,25,2
2020-04-19,US,Kansas,38.88548175,-94.82250877,84020091.0,US,USA,840,20091.0,Johnson,"Johnson, Kansas, US",372,3,30,5
2020-04-20,US,Kansas,38.88548175,-94.82250877,84020091.0,US,USA,840,20091.0,Johnson,"Johnson, Kansas, US",377,5,30,0
2020-04-21,US,Kansas,38.88548175,-94.82250877,84020091.0,US,USA,840,20091.0,Johnson,"Johnson, Kansas, US",384,7,35,5
2020-04-22,US,Kansas,38.88548175,-94.82250877,84020091.0,US,USA,840,20091.0,Johnson,"Johnson, Kansas, US",396,12,36,1
2020-04-23,US,Kansas,38.88548175,-94.82250877,84020091.0,US,USA,840,20091.0,Johnson,"Johnson, Kansas, US",403,7,36,0
2020-04-24,US,Kansas,38.88548175,-94.82250877,84020091.0,US,USA,840,20091.0,Johnson,"Johnson, Kansas, US",417,14,37,1
2020-04-25,US,Kansas,38.88548175,-94.82250877,84020091.0,US,USA,840,20091.0,Johnson,"Johnson, Kansas, US",424,7,38,1
2020-04-26,US,Kansas,38.88548175,-94.82250877,84020091.0,US,USA,840,20091.0,Johnson,"Johnson, Kansas, US",430,6,38,0
2020-04-27,US,Kansas,38.88548175,-94.82250877,84020091.0,US,USA,840,20091.0,Johnson,"Johnson, Kansas, US",440,10,39,1
2020-04-28,US,Kansas,38.88548175,-94.82250877,84020091.0,US,USA,840,20091.0,Johnson,"Johnson, Kansas, US",446,6,40,1
2020-04-29,US,Kansas,38.88548175,-94.82250877,84020091.0,US,USA,840,20091.0,Johnson,"Johnson, Kansas, US",454,8,40,0
2020-04-30,US,Kansas,38.88548175,-94.82250877,84020091.0,US,USA,840,20091.0,Johnson,"Johnson, Kansas, US",464,10,40,0
