date,country,state,lat,long,UID,iso2,iso3,code3,FIPS,region,Combined_Key,confirmed,confirmed_new,deaths,deaths_new
2020-01-22,US,Minnesota,44.67172617,-93.06299363,84027037.0,US,USA,840,27037.0,Dakota,"Dakota, Minnesota, US",0,0,0,0
2020-01-23,US,Minnesota,44.67172617,-93.06299363,84027037.0,US,USA,840,27037.0,Dakota,"Dakota, Minnesota, US",0,0,0,0
2020-01-24,US,Minnesota,44.67172617,-93.06299363,84027037.0,US,USA,840,27037.0,Dakota,"Dakota, Minnesota, US",0,0,0,0
2020-01-25,US,Minnesota,44.67172617,-93.06299363,84027037.0,US,USA,840,27037.0,Dakota,"Dakota, Minnesota, US",0,0,0,0
2020-01-26,US,Minnesota,44.67172617,-93.06299363,84027037.0,US,USA,840,27037.0,Dakota,"Dakota, Minnesota, US",0,0,0,0
2020-01-27,US,Minnesota,44.67172617,-93.06299363,84027037.0,US,USA,840,27037.0,Dakota,"Dakota, Minnesota, US",0,0,0,0
2020-01-28,US,Minnesota,44.67172617,-93.06299363,84027037.0,US,USA,840,27037.0,Dakota,"Dakota, Minnesota, US",0,0,0,0
2020-01-29,US,Minnesota,44.67172617,-93.06299363,84027037.0,US,USA,840,27037.0,Dakota,"Dakota, Minnesota, US",0,0,0,0
2020-01-30,US,Minnesota,44.67172617,-93.06299363,84027037.0,US,USA,840,27037.0,Dakota,"Dakota, Minnesota, US",0,0,0,0
2020-01-31,US,Minnesota,44.67172617,-93.06299363,84027037.0,US,USA,840,27037.0,Dakota,"Dakota, Minnesota, US",0,0,0,0
2020-02-01,US,Minnesota,44.67172617,-93.06299363,84027037.0,US,USA,840,27037.0,Dakota,"Dakota, Minnesota, US",0,0,0,0
2020-02-02,US,Minnesota,44.67172617,-93.06299363,84027037.0,US,USA,840,27037.0,Dakota,"Dakota, Minnesota, US",0,0,0,0
2020-02-03,US,Minnesota,44.67172617,-93.06299363,84027037.0,US,USA,840,27037.0,Dakota,"Dakota, Minnesota, US",0,0,0,0
2020-02-04,US,Minnesota,44.67172617,-93.06299363,84027037.0,US,USA,840,27037.0,Dakota,"Dakota, Minnesota, US",0,0,0,0
2020-02-05,US,Minnesota,44.67172617,-93.06299363,84027037.0,US,USA,840,27037.0,Dakota,"Dakota, Minnesota, US",0,0,0,0
2020-02-06,US,Minnesota,44.67172617,-93.06299363,84027037.0,US,USA,840,27037.0,Dakota,"Dakota, Minnesota, US",0,0,0,0
2020-02-07,US,Minnesota,44.67172617,-93.06299363,84027037.0,US,USA,840,27037.0,Dakota,"Dakota, Minnesota, US",0,0,0,0
2020-02-08,US,Minnesota,44.67172617,-93.06299363,84027037.0,US,USA,840,27037.0,Dakota,"Dakota, Minnesota, US",0,0,0,0
2020-02-09,US,Minnesota,44.67172617,-93.06299363,84027037.0,US,USA,840,27037.0,Dakota,"Dakota, Minnesota, US",0,0,0,0
2020-02-10,US,Minnesota,44.67172617,-93.06299363,84027037.0,US,USA,840,27037.0,Dakota,"Dakota, Minnesota, US",0,0,0,0
2020-02-11,US,Minnesota,44.67172617,-93.06299363,84027037.0,US,USA,840,27037.0,Dakota,"Dakota, Minnesota, US",0,0,0,0
2020-02-12,US,Minnesota,44.67172617,-93.06299363,84027037.0,US,USA,840,27037.0,Dakota,"Dakota, Minnesota, US",0,0,0,0
2020-02-13,US,Minnesota,44.67172617,-93.06299363,84027037.0,US,USA,840,27037.0,Dakota,"Dakota, Minnesota, US",0,0,0,0
2020-02-14,US,Minnesota,44.67172617,-93.06299363,84027037.0,US,USA,840,27037.0,Dakota,"Dakota, Minnesota, US",0,0,0,0
2020-02-15,US,Minnesota,44.67172617,-93.06299363,84027037.0,US,USA,840,27037.0,Dakota,"Dakota, Minnesota, US",0,0,0,0
2020-02-16,US,Minnesota,44.67172617,-93.06299363,84027037.0,US,USA,840,27037.0,Dakota,"Dakota, Minnesota, US",0,0,0,0
2020-02-17,US,Minnesota,44.67172617,-93.06299363,84027037.0,US,USA,840,27037.0,Dakota,"Dakota, Minnesota, US",0,0,0,0
2020-02-18,US,Minnesota,44.67172617,-93.06299363,84027037.0,US,USA,840,27037.0,Dakota,"Dakota, Minnesota, US",0,0,0,0
2020-02-19,US,Minnesota,44.67172617,-93.06299363,84027037.0,US,USA,840,27037.0,Dakota,"Dakota, Minnesota, US",0,0,0,0
2020-02-20,US,Minnesota,44.67172617,-93.06299363,84027037.0,US,USA,840,27037.0,Dakota,"Dakota, Minnesota, US",0,0,0,0
2020-02-21,US,Minnesota,44.67172617,-93.06299363,84027037.0,US,USA,840,27037.0,Dakota,"Dakota, Minnesota, US",0,0,0,0
2020-02-22,US,Minnesota,44.67172617,-93.06299363,84027037.0,US,USA,840,27037.0,Dakota,"Dakota, Minnesota, US",0,0,0,0
2020-02-23,US,Minnesota,44.67172617,-93.06299363,84027037.0,US,USA,840,27037.0,Dakota,"Dakota, Minnesota, US",0,0,0,0
2020-02-24,US,Minnesota,44.67172617,-93.06299363,84027037.0,US,USA,840,27037.0,Dakota,"Dakota, Minnesota, US",0,0,0,0
2020-02-25,US,Minnesota,44.67172617,-93.06299363,84027037.0,US,USA,840,27037.0,Dakota,"Dakota, Minnesota, US",0,0,0,0
2020-02-26,US,Minnesota,44.67172617,-93.06299363,84027037.0,US,USA,840,27037.0,Dakota,"Dakota, Minnesota, US",0,0,0,0
2020-02-27,US,Minnesota,44.67172617,-93.06299363,84027037.0,US,USA,840,27037.0,Dakota,"Dakota, Minnesota, US",0,0,0,0
2020-02-28,US,Minnesota,44.67172617,-93.06299363,84027037.0,US,USA,840,27037.0,Dakota,"Dakota, Minnesota, US",0,0,0,0
2020-02-29,US,Minnesota,44.67172617,-93.06299363,84027037.0,US,USA,840,27037.0,Dakota,"Dakota, Minnesota, US",0,0,0,0
2020-03-01,US,Minnesota,44.67172617,-93.06299363,84027037.0,US,USA,840,27037.0,Dakota,"Dakota, Minnesota, US",0,0,0,0
2020-03-02,US,Minnesota,44.67172617,-93.06299363,84027037.0,US,USA,840,27037.0,Dakota,"Dakota, Minnesota, US",0,0,0,0
2020-03-03,US,Minnesota,44.67172617,-93.06299363,84027037.0,US,USA,840,27037.0,Dakota,"Dakota, Minnesota, US",0,0,0,0
2020-03-04,US,Minnesota,44.67172617,-93.06299363,84027037.0,US,USA,840,27037.0,Dakota,"Dakota, Minnesota, US",0,0,0,0
2020-03-05,US,Minnesota,44.67172617,-93.06299363,84027037.0,US,USA,840,27037.0,Dakota,"Dakota, Minnesota, US",0,0,0,0
2020-03-06,US,Minnesota,44.67172617,-93.06299363,84027037.0,US,USA,840,27037.0,Dakota,"Dakota, Minnesota, US",0,0,0,0
2020-03-07,US,Minnesota,44.67172617,-93.06299363,84027037.0,US,USA,840,27037.0,Dakota,"Dakota, Minnesota, US",0,0,0,0
2020-03-08,US,Minnesota,44.67172617,-93.06299363,84027037.0,US,USA,840,27037.0,Dakota,"Dakota, Minnesota, US",0,0,0,0
2020-03-09,US,Minnesota,44.67172617,-93.06299363,84027037.0,US,USA,840,27037.0,Dakota,"Dakota, Minnesota, US",0,0,0,0
2020-03-10,US,Minnesota,44.67172617,-93.06299363,84027037.0,US,USA,840,27037.0,Dakota,"Dakota, Minnesota, US",0,0,0,0
2020-03-11,US,Minnesota,44.67172617,-93.06299363,84027037.0,US,USA,840,27037.0,Dakota,"Dakota, Minnesota, US",0,0,0,0
2020-03-12,US,Minnesota,44.67172617,-93.06299363,84027037.0,US,USA,840,27037.0,Dakota,"Dakota, Minnesota, US",1,1,0,0
2020-03-13,US,Minnesota,44.67172617,-93.06299363,84027037.0,US,USA,840,27037.0,Dakota,"Dakota, Minnesota, US",1,0,0,0
2020-03-14,US,Minnesota,44.67172617,-93.06299363,84027037.0,US,USA,840,27037.0,Dakota,"Dakota, Minnesota, US",2,1,0,0
2020-03-15,US,Minnesota,44.67172617,-93.06299363,84027037.0,US,USA,840,27037.0,Dakota,"Dakota, Minnesota, US",2,0,0,0
2020-03-16,US,Minnesota,44.67172617,-93.06299363,84027037.0,US,USA,840,27037.0,Dakota,"Dakota, Minnesota, US",5,3,0,0
2020-03-17,US,Minnesota,44.67172617,-93.06299363,84027037.0,US,USA,840,27037.0,Dakota,"Dakota, Minnesota, US",6,1,0,0
2020-03-18,US,Minnesota,44.67172617,-93.06299363,84027037.0,US,USA,840,27037.0,Dakota,"Dakota, Minnesota, US",8,2,0,0
2020-03-19,US,Minnesota,44.67172617,-93.06299363,84027037.0,US,USA,840,27037.0,Dakota,"Dakota, Minnesota, US",8,0,0,0
2020-03-20,US,Minnesota,44.67172617,-93.06299363,84027037.0,US,USA,840,27037.0,Dakota,"Dakota, Minnesota, US",7,-1,0,0
2020-03-21,US,Minnesota,44.67172617,-93.06299363,84027037.0,US,USA,840,27037.0,Dakota,"Dakota, Minnesota, US",7,0,0,0
2020-03-22,US,Minnesota,44.67172617,-93.06299363,84027037.0,US,USA,840,27037.0,Dakota,"Dakota, Minnesota, US",11,4,0,0
2020-03-23,US,Minnesota,44.67172617,-93.06299363,84027037.0,US,USA,840,27037.0,Dakota,"Dakota, Minnesota, US",18,7,0,0
2020-03-24,US,Minnesota,44.67172617,-93.06299363,84027037.0,US,USA,840,27037.0,Dakota,"Dakota, Minnesota, US",21,3,0,0
2020-03-25,US,Minnesota,44.67172617,-93.06299363,84027037.0,US,USA,840,27037.0,Dakota,"Dakota, Minnesota, US",21,0,0,0
2020-03-26,US,Minnesota,44.67172617,-93.06299363,84027037.0,US,USA,840,27037.0,Dakota,"Dakota, Minnesota, US",25,4,0,0
2020-03-27,US,Minnesota,44.67172617,-93.06299363,84027037.0,US,USA,840,27037.0,Dakota,"Dakota, Minnesota, US",28,3,0,0
2020-03-28,US,Minnesota,44.67172617,-93.06299363,84027037.0,US,USA,840,27037.0,Dakota,"Dakota, Minnesota, US",33,5,0,0
2020-03-29,US,Minnesota,44.67172617,-93.06299363,84027037.0,US,USA,840,27037.0,Dakota,"Dakota, Minnesota, US",39,6,0,0
2020-03-30,US,Minnesota,44.67172617,-93.06299363,84027037.0,US,USA,840,27037.0,Dakota,"Dakota, Minnesota, US",46,7,0,0
2020-03-31,US,Minnesota,44.67172617,-93.06299363,84027037.0,US,USA,840,27037.0,Dakota,"Dakota, Minnesota, US",47,1,0,0
2020-04-01,US,Minnesota,44.67172617,-93.06299363,84027037.0,US,USA,840,27037.0,Dakota,"Dakota, Minnesota, US",48,1,0,0
2020-04-02,US,Minnesota,44.67172617,-93.06299363,84027037.0,US,USA,840,27037.0,Dakota,"Dakota, Minnesota, US",52,4,0,0
2020-04-03,US,Minnesota,44.67172617,-93.06299363,84027037.0,US,USA,840,27037.0,Dakota,"Dakota, Minnesota, US",54,2,0,0
2020-04-04,US,Minnesota,44.67172617,-93.06299363,84027037.0,US,USA,840,27037.0,Dakota,"Dakota, Minnesota, US",56,2,1,1
2020-04-05,US,Minnesota,44.67172617,-93.06299363,84027037.0,US,USA,840,27037.0,Dakota,"Dakota, Minnesota, US",63,7,2,1
2020-04-06,US,Minnesota,44.67172617,-93.06299363,84027037.0,US,USA,840,27037.0,Dakota,"Dakota, Minnesota, US",67,4,2,0
2020-04-07,US,Minnesota,44.67172617,-93.06299363,84027037.0,US,USA,840,27037.0,Dakota,"Dakota, Minnesota, US",71,4,3,1
2020-04-08,US,Minnesota,44.67172617,-93.06299363,84027037.0,US,USA,840,27037.0,Dakota,"Dakota, Minnesota, US",75,4,3,0
2020-04-09,US,Minnesota,44.67172617,-93.06299363,84027037.0,US,USA,840,27037.0,Dakota,"Dakota, Minnesota, US",79,4,3,0
2020-04-10,US,Minnesota,44.67172617,-93.06299363,84027037.0,US,USA,840,27037.0,Dakota,"Dakota, Minnesota, US",85,6,4,1
2020-04-11,US,Minnesota,44.67172617,-93.06299363,84027037.0,US,USA,840,27037.0,Dakota,"Dakota, Minnesota, US",87,2,4,0
2020-04-12,US,Minnesota,44.67172617,-93.06299363,84027037.0,US,USA,840,27037.0,Dakota,"Dakota, Minnesota, US",95,8,4,0
2020-04-13,US,Minnesota,44.67172617,-93.06299363,84027037.0,US,USA,840,27037.0,Dakota,"Dakota, Minnesota, US",95,0,4,0
2020-04-14,US,Minnesota,44.67172617,-93.06299363,84027037.0,US,USA,840,27037.0,Dakota,"Dakota, Minnesota, US",103,8,5,1
2020-04-15,US,Minnesota,44.67172617,-93.06299363,84027037.0,US,USA,840,27037.0,Dakota,"Dakota, Minnesota, US",103,0,5,0
2020-04-16,US,Minnesota,44.67172617,-93.06299363,84027037.0,US,USA,840,27037.0,Dakota,"Dakota, Minnesota, US",103,0,5,0
2020-04-17,US,Minnesota,44.67172617,-93.06299363,84027037.0,US,USA,840,27037.0,Dakota,"Dakota, Minnesota, US",110,7,5,0
2020-04-18,US,Minnesota,44.67172617,-93.06299363,84027037.0,US,USA,840,27037.0,Dakota,"Dakota, Minnesota, US",113,3,5,0
2020-04-19,US,Minnesota,44.67172617,-93.06299363,84027037.0,US,USA,840,27037.0,Dakota,"Dakota, Minnesota, US",116,3,6,1
2020-04-20,US,Minnesota,44.67172617,-93.06299363,84027037.0,US,USA,840,27037.0,Dakota,"Dakota, Minnesota, US",124,8,6,0
2020-04-21,US,Minnesota,44.67172617,-93.06299363,84027037.0,US,USA,840,27037.0,Dakota,"Dakota, Minnesota, US",127,3,6,0
2020-04-22,US,Minnesota,44.67172617,-93.06299363,84027037.0,US,USA,840,27037.0,Dakota,"Dakota, Minnesota, US",130,3,6,0
2020-04-23,US,Minnesota,44.67172617,-93.06299363,84027037.0,US,USA,840,27037.0,Dakota,"Dakota, Minnesota, US",131,1,6,0
2020-04-24,US,Minnesota,44.67172617,-93.06299363,84027037.0,US,USA,840,27037.0,Dakota,"Dakota, Minnesota, US",136,5,6,0
2020-04-25,US,Minnesota,44.67172617,-93.06299363,84027037.0,US,USA,840,27037.0,Dakota,"Dakota, Minnesota, US",138,2,6,0
2020-04-26,US,Minnesota,44.67172617,-93.06299363,84027037.0,US,USA,840,27037.0,Dakota,"Dakota, Minnesota, US",143,5,7,1
2020-04-27,US,Minnesota,44.67172617,-93.06299363,84027037.0,US,USA,840,27037.0,Dakota,"Dakota, Minnesota, US",144,1,7,0
2020-04-28,US,Minnesota,44.67172617,-93.06299363,84027037.0,US,USA,840,27037.0,Dakota,"Dakota, Minnesota, US",156,12,9,2
2020-04-29,US,Minnesota,44.67172617,-93.06299363,84027037.0,US,USA,840,27037.0,Dakota,"Dakota, Minnesota, US",157,1,9,0
2020-04-30,US,Minnesota,44.67172617,-93.06299363,84027037.0,US,USA,840,27037.0,Dakota,"Dakota, Minnesota, US",162,5,10,1
2020-05-01,US,Minnesota,44.67172617,-93.06299363,84027037.0,US,USA,840,27037.0,Dakota,"Dakota, Minnesota, US",171,9,11,1
2020-05-02,US,Minnesota,44.67172617,-93.06299363,84027037.0,US,USA,840,27037.0,Dakota,"Dakota, Minnesota, US",189,18,11,0
2020-05-03,US,Minnesota,44.67172617,-93.06299363,84027037.0,US,USA,840,27037.0,Dakota,"Dakota, Minnesota, US",202,13,11,0
2020-05-04,US,Minnesota,44.67172617,-93.06299363,84027037.0,US,USA,840,27037.0,Dakota,"Dakota, Minnesota, US",215,13,11,0
