date,country,state,lat,long,UID,iso2,iso3,code3,FIPS,region,Combined_Key,confirmed,confirmed_new,deaths,deaths_new
2020-01-22,us,colorado,38.66611652,-107.0320729,84008051.0,US,USA,840,8051.0,gunnison,"Gunnison, Colorado, US",0,0,0,0
2020-01-23,us,colorado,38.66611652,-107.0320729,84008051.0,US,USA,840,8051.0,gunnison,"Gunnison, Colorado, US",0,0,0,0
2020-01-24,us,colorado,38.66611652,-107.0320729,84008051.0,US,USA,840,8051.0,gunnison,"Gunnison, Colorado, US",0,0,0,0
2020-01-25,us,colorado,38.66611652,-107.0320729,84008051.0,US,USA,840,8051.0,gunnison,"Gunnison, Colorado, US",0,0,0,0
2020-01-26,us,colorado,38.66611652,-107.0320729,84008051.0,US,USA,840,8051.0,gunnison,"Gunnison, Colorado, US",0,0,0,0
2020-01-27,us,colorado,38.66611652,-107.0320729,84008051.0,US,USA,840,8051.0,gunnison,"Gunnison, Colorado, US",0,0,0,0
2020-01-28,us,colorado,38.66611652,-107.0320729,84008051.0,US,USA,840,8051.0,gunnison,"Gunnison, Colorado, US",0,0,0,0
2020-01-29,us,colorado,38.66611652,-107.0320729,84008051.0,US,USA,840,8051.0,gunnison,"Gunnison, Colorado, US",0,0,0,0
2020-01-30,us,colorado,38.66611652,-107.0320729,84008051.0,US,USA,840,8051.0,gunnison,"Gunnison, Colorado, US",0,0,0,0
2020-01-31,us,colorado,38.66611652,-107.0320729,84008051.0,US,USA,840,8051.0,gunnison,"Gunnison, Colorado, US",0,0,0,0
2020-02-01,us,colorado,38.66611652,-107.0320729,84008051.0,US,USA,840,8051.0,gunnison,"Gunnison, Colorado, US",0,0,0,0
2020-02-02,us,colorado,38.66611652,-107.0320729,84008051.0,US,USA,840,8051.0,gunnison,"Gunnison, Colorado, US",0,0,0,0
2020-02-03,us,colorado,38.66611652,-107.0320729,84008051.0,US,USA,840,8051.0,gunnison,"Gunnison, Colorado, US",0,0,0,0
2020-02-04,us,colorado,38.66611652,-107.0320729,84008051.0,US,USA,840,8051.0,gunnison,"Gunnison, Colorado, US",0,0,0,0
2020-02-05,us,colorado,38.66611652,-107.0320729,84008051.0,US,USA,840,8051.0,gunnison,"Gunnison, Colorado, US",0,0,0,0
2020-02-06,us,colorado,38.66611652,-107.0320729,84008051.0,US,USA,840,8051.0,gunnison,"Gunnison, Colorado, US",0,0,0,0
2020-02-07,us,colorado,38.66611652,-107.0320729,84008051.0,US,USA,840,8051.0,gunnison,"Gunnison, Colorado, US",0,0,0,0
2020-02-08,us,colorado,38.66611652,-107.0320729,84008051.0,US,USA,840,8051.0,gunnison,"Gunnison, Colorado, US",0,0,0,0
2020-02-09,us,colorado,38.66611652,-107.0320729,84008051.0,US,USA,840,8051.0,gunnison,"Gunnison, Colorado, US",0,0,0,0
2020-02-10,us,colorado,38.66611652,-107.0320729,84008051.0,US,USA,840,8051.0,gunnison,"Gunnison, Colorado, US",0,0,0,0
2020-02-11,us,colorado,38.66611652,-107.0320729,84008051.0,US,USA,840,8051.0,gunnison,"Gunnison, Colorado, US",0,0,0,0
2020-02-12,us,colorado,38.66611652,-107.0320729,84008051.0,US,USA,840,8051.0,gunnison,"Gunnison, Colorado, US",0,0,0,0
2020-02-13,us,colorado,38.66611652,-107.0320729,84008051.0,US,USA,840,8051.0,gunnison,"Gunnison, Colorado, US",0,0,0,0
2020-02-14,us,colorado,38.66611652,-107.0320729,84008051.0,US,USA,840,8051.0,gunnison,"Gunnison, Colorado, US",0,0,0,0
2020-02-15,us,colorado,38.66611652,-107.0320729,84008051.0,US,USA,840,8051.0,gunnison,"Gunnison, Colorado, US",0,0,0,0
2020-02-16,us,colorado,38.66611652,-107.0320729,84008051.0,US,USA,840,8051.0,gunnison,"Gunnison, Colorado, US",0,0,0,0
2020-02-17,us,colorado,38.66611652,-107.0320729,84008051.0,US,USA,840,8051.0,gunnison,"Gunnison, Colorado, US",0,0,0,0
2020-02-18,us,colorado,38.66611652,-107.0320729,84008051.0,US,USA,840,8051.0,gunnison,"Gunnison, Colorado, US",0,0,0,0
2020-02-19,us,colorado,38.66611652,-107.0320729,84008051.0,US,USA,840,8051.0,gunnison,"Gunnison, Colorado, US",0,0,0,0
2020-02-20,us,colorado,38.66611652,-107.0320729,84008051.0,US,USA,840,8051.0,gunnison,"Gunnison, Colorado, US",0,0,0,0
2020-02-21,us,colorado,38.66611652,-107.0320729,84008051.0,US,USA,840,8051.0,gunnison,"Gunnison, Colorado, US",0,0,0,0
2020-02-22,us,colorado,38.66611652,-107.0320729,84008051.0,US,USA,840,8051.0,gunnison,"Gunnison, Colorado, US",0,0,0,0
2020-02-23,us,colorado,38.66611652,-107.0320729,84008051.0,US,USA,840,8051.0,gunnison,"Gunnison, Colorado, US",0,0,0,0
2020-02-24,us,colorado,38.66611652,-107.0320729,84008051.0,US,USA,840,8051.0,gunnison,"Gunnison, Colorado, US",0,0,0,0
2020-02-25,us,colorado,38.66611652,-107.0320729,84008051.0,US,USA,840,8051.0,gunnison,"Gunnison, Colorado, US",0,0,0,0
2020-02-26,us,colorado,38.66611652,-107.0320729,84008051.0,US,USA,840,8051.0,gunnison,"Gunnison, Colorado, US",0,0,0,0
2020-02-27,us,colorado,38.66611652,-107.0320729,84008051.0,US,USA,840,8051.0,gunnison,"Gunnison, Colorado, US",0,0,0,0
2020-02-28,us,colorado,38.66611652,-107.0320729,84008051.0,US,USA,840,8051.0,gunnison,"Gunnison, Colorado, US",0,0,0,0
2020-02-29,us,colorado,38.66611652,-107.0320729,84008051.0,US,USA,840,8051.0,gunnison,"Gunnison, Colorado, US",0,0,0,0
2020-03-01,us,colorado,38.66611652,-107.0320729,84008051.0,US,USA,840,8051.0,gunnison,"Gunnison, Colorado, US",0,0,0,0
2020-03-02,us,colorado,38.66611652,-107.0320729,84008051.0,US,USA,840,8051.0,gunnison,"Gunnison, Colorado, US",0,0,0,0
2020-03-03,us,colorado,38.66611652,-107.0320729,84008051.0,US,USA,840,8051.0,gunnison,"Gunnison, Colorado, US",0,0,0,0
2020-03-04,us,colorado,38.66611652,-107.0320729,84008051.0,US,USA,840,8051.0,gunnison,"Gunnison, Colorado, US",0,0,0,0
2020-03-05,us,colorado,38.66611652,-107.0320729,84008051.0,US,USA,840,8051.0,gunnison,"Gunnison, Colorado, US",0,0,0,0
2020-03-06,us,colorado,38.66611652,-107.0320729,84008051.0,US,USA,840,8051.0,gunnison,"Gunnison, Colorado, US",0,0,0,0
2020-03-07,us,colorado,38.66611652,-107.0320729,84008051.0,US,USA,840,8051.0,gunnison,"Gunnison, Colorado, US",0,0,0,0
2020-03-08,us,colorado,38.66611652,-107.0320729,84008051.0,US,USA,840,8051.0,gunnison,"Gunnison, Colorado, US",0,0,0,0
2020-03-09,us,colorado,38.66611652,-107.0320729,84008051.0,US,USA,840,8051.0,gunnison,"Gunnison, Colorado, US",0,0,0,0
2020-03-10,us,colorado,38.66611652,-107.0320729,84008051.0,US,USA,840,8051.0,gunnison,"Gunnison, Colorado, US",1,1,0,0
2020-03-11,us,colorado,38.66611652,-107.0320729,84008051.0,US,USA,840,8051.0,gunnison,"Gunnison, Colorado, US",5,4,0,0
2020-03-12,us,colorado,38.66611652,-107.0320729,84008051.0,US,USA,840,8051.0,gunnison,"Gunnison, Colorado, US",3,-2,0,0
2020-03-13,us,colorado,38.66611652,-107.0320729,84008051.0,US,USA,840,8051.0,gunnison,"Gunnison, Colorado, US",4,1,0,0
2020-03-14,us,colorado,38.66611652,-107.0320729,84008051.0,US,USA,840,8051.0,gunnison,"Gunnison, Colorado, US",6,2,0,0
2020-03-15,us,colorado,38.66611652,-107.0320729,84008051.0,US,USA,840,8051.0,gunnison,"Gunnison, Colorado, US",6,0,0,0
2020-03-16,us,colorado,38.66611652,-107.0320729,84008051.0,US,USA,840,8051.0,gunnison,"Gunnison, Colorado, US",8,2,0,0
2020-03-17,us,colorado,38.66611652,-107.0320729,84008051.0,US,USA,840,8051.0,gunnison,"Gunnison, Colorado, US",8,0,0,0
2020-03-18,us,colorado,38.66611652,-107.0320729,84008051.0,US,USA,840,8051.0,gunnison,"Gunnison, Colorado, US",11,3,0,0
2020-03-19,us,colorado,38.66611652,-107.0320729,84008051.0,US,USA,840,8051.0,gunnison,"Gunnison, Colorado, US",11,0,0,0
2020-03-20,us,colorado,38.66611652,-107.0320729,84008051.0,US,USA,840,8051.0,gunnison,"Gunnison, Colorado, US",13,2,0,0
2020-03-21,us,colorado,38.66611652,-107.0320729,84008051.0,US,USA,840,8051.0,gunnison,"Gunnison, Colorado, US",18,5,0,0
2020-03-22,us,colorado,38.66611652,-107.0320729,84008051.0,US,USA,840,8051.0,gunnison,"Gunnison, Colorado, US",22,4,0,0
2020-03-23,us,colorado,38.66611652,-107.0320729,84008051.0,US,USA,840,8051.0,gunnison,"Gunnison, Colorado, US",28,6,0,0
2020-03-24,us,colorado,38.66611652,-107.0320729,84008051.0,US,USA,840,8051.0,gunnison,"Gunnison, Colorado, US",28,0,0,0
2020-03-25,us,colorado,38.66611652,-107.0320729,84008051.0,US,USA,840,8051.0,gunnison,"Gunnison, Colorado, US",40,12,0,0
2020-03-26,us,colorado,38.66611652,-107.0320729,84008051.0,US,USA,840,8051.0,gunnison,"Gunnison, Colorado, US",57,17,1,1
2020-03-27,us,colorado,38.66611652,-107.0320729,84008051.0,US,USA,840,8051.0,gunnison,"Gunnison, Colorado, US",57,0,1,0
2020-03-28,us,colorado,38.66611652,-107.0320729,84008051.0,US,USA,840,8051.0,gunnison,"Gunnison, Colorado, US",66,9,1,0
2020-03-29,us,colorado,38.66611652,-107.0320729,84008051.0,US,USA,840,8051.0,gunnison,"Gunnison, Colorado, US",79,13,1,0
2020-03-30,us,colorado,38.66611652,-107.0320729,84008051.0,US,USA,840,8051.0,gunnison,"Gunnison, Colorado, US",79,0,1,0
2020-03-31,us,colorado,38.66611652,-107.0320729,84008051.0,US,USA,840,8051.0,gunnison,"Gunnison, Colorado, US",82,3,1,0
2020-04-01,us,colorado,38.66611652,-107.0320729,84008051.0,US,USA,840,8051.0,gunnison,"Gunnison, Colorado, US",82,0,1,0
2020-04-02,us,colorado,38.66611652,-107.0320729,84008051.0,US,USA,840,8051.0,gunnison,"Gunnison, Colorado, US",84,2,1,0
2020-04-03,us,colorado,38.66611652,-107.0320729,84008051.0,US,USA,840,8051.0,gunnison,"Gunnison, Colorado, US",86,2,1,0
2020-04-04,us,colorado,38.66611652,-107.0320729,84008051.0,US,USA,840,8051.0,gunnison,"Gunnison, Colorado, US",88,2,1,0
2020-04-05,us,colorado,38.66611652,-107.0320729,84008051.0,US,USA,840,8051.0,gunnison,"Gunnison, Colorado, US",93,5,1,0
2020-04-06,us,colorado,38.66611652,-107.0320729,84008051.0,US,USA,840,8051.0,gunnison,"Gunnison, Colorado, US",95,2,1,0
2020-04-07,us,colorado,38.66611652,-107.0320729,84008051.0,US,USA,840,8051.0,gunnison,"Gunnison, Colorado, US",95,0,1,0
2020-04-08,us,colorado,38.66611652,-107.0320729,84008051.0,US,USA,840,8051.0,gunnison,"Gunnison, Colorado, US",98,3,1,0
2020-04-09,us,colorado,38.66611652,-107.0320729,84008051.0,US,USA,840,8051.0,gunnison,"Gunnison, Colorado, US",98,0,1,0
2020-04-10,us,colorado,38.66611652,-107.0320729,84008051.0,US,USA,840,8051.0,gunnison,"Gunnison, Colorado, US",99,1,1,0
2020-04-11,us,colorado,38.66611652,-107.0320729,84008051.0,US,USA,840,8051.0,gunnison,"Gunnison, Colorado, US",101,2,1,0
2020-04-12,us,colorado,38.66611652,-107.0320729,84008051.0,US,USA,840,8051.0,gunnison,"Gunnison, Colorado, US",101,0,3,2
2020-04-13,us,colorado,38.66611652,-107.0320729,84008051.0,US,USA,840,8051.0,gunnison,"Gunnison, Colorado, US",99,-2,3,0
2020-04-14,us,colorado,38.66611652,-107.0320729,84008051.0,US,USA,840,8051.0,gunnison,"Gunnison, Colorado, US",99,0,3,0
2020-04-15,us,colorado,38.66611652,-107.0320729,84008051.0,US,USA,840,8051.0,gunnison,"Gunnison, Colorado, US",99,0,3,0
2020-04-16,us,colorado,38.66611652,-107.0320729,84008051.0,US,USA,840,8051.0,gunnison,"Gunnison, Colorado, US",104,5,3,0
2020-04-17,us,colorado,38.66611652,-107.0320729,84008051.0,US,USA,840,8051.0,gunnison,"Gunnison, Colorado, US",111,7,3,0
2020-04-18,us,colorado,38.66611652,-107.0320729,84008051.0,US,USA,840,8051.0,gunnison,"Gunnison, Colorado, US",112,1,3,0
2020-04-19,us,colorado,38.66611652,-107.0320729,84008051.0,US,USA,840,8051.0,gunnison,"Gunnison, Colorado, US",114,2,3,0
2020-04-20,us,colorado,38.66611652,-107.0320729,84008051.0,US,USA,840,8051.0,gunnison,"Gunnison, Colorado, US",114,0,3,0
2020-04-21,us,colorado,38.66611652,-107.0320729,84008051.0,US,USA,840,8051.0,gunnison,"Gunnison, Colorado, US",121,7,3,0
2020-04-22,us,colorado,38.66611652,-107.0320729,84008051.0,US,USA,840,8051.0,gunnison,"Gunnison, Colorado, US",121,0,4,1
2020-04-23,us,colorado,38.66611652,-107.0320729,84008051.0,US,USA,840,8051.0,gunnison,"Gunnison, Colorado, US",121,0,4,0
2020-04-24,us,colorado,38.66611652,-107.0320729,84008051.0,US,USA,840,8051.0,gunnison,"Gunnison, Colorado, US",123,2,4,0
2020-04-25,us,colorado,38.66611652,-107.0320729,84008051.0,US,USA,840,8051.0,gunnison,"Gunnison, Colorado, US",151,28,4,0
2020-04-26,us,colorado,38.66611652,-107.0320729,84008051.0,US,USA,840,8051.0,gunnison,"Gunnison, Colorado, US",158,7,4,0
2020-04-27,us,colorado,38.66611652,-107.0320729,84008051.0,US,USA,840,8051.0,gunnison,"Gunnison, Colorado, US",158,0,4,0
2020-04-28,us,colorado,38.66611652,-107.0320729,84008051.0,US,USA,840,8051.0,gunnison,"Gunnison, Colorado, US",161,3,4,0
2020-04-29,us,colorado,38.66611652,-107.0320729,84008051.0,US,USA,840,8051.0,gunnison,"Gunnison, Colorado, US",161,0,4,0
