date,country,state,lat,long,UID,iso2,iso3,code3,FIPS,region,Combined_Key,confirmed,confirmed_new,deaths,deaths_new
2020-01-22,US,South Carolina,34.68270843,-80.70513032,84045057.0,US,USA,840,45057.0,Lancaster,"Lancaster, South Carolina, US",0,0,0,0
2020-01-23,US,South Carolina,34.68270843,-80.70513032,84045057.0,US,USA,840,45057.0,Lancaster,"Lancaster, South Carolina, US",0,0,0,0
2020-01-24,US,South Carolina,34.68270843,-80.70513032,84045057.0,US,USA,840,45057.0,Lancaster,"Lancaster, South Carolina, US",0,0,0,0
2020-01-25,US,South Carolina,34.68270843,-80.70513032,84045057.0,US,USA,840,45057.0,Lancaster,"Lancaster, South Carolina, US",0,0,0,0
2020-01-26,US,South Carolina,34.68270843,-80.70513032,84045057.0,US,USA,840,45057.0,Lancaster,"Lancaster, South Carolina, US",0,0,0,0
2020-01-27,US,South Carolina,34.68270843,-80.70513032,84045057.0,US,USA,840,45057.0,Lancaster,"Lancaster, South Carolina, US",0,0,0,0
2020-01-28,US,South Carolina,34.68270843,-80.70513032,84045057.0,US,USA,840,45057.0,Lancaster,"Lancaster, South Carolina, US",0,0,0,0
2020-01-29,US,South Carolina,34.68270843,-80.70513032,84045057.0,US,USA,840,45057.0,Lancaster,"Lancaster, South Carolina, US",0,0,0,0
2020-01-30,US,South Carolina,34.68270843,-80.70513032,84045057.0,US,USA,840,45057.0,Lancaster,"Lancaster, South Carolina, US",0,0,0,0
2020-01-31,US,South Carolina,34.68270843,-80.70513032,84045057.0,US,USA,840,45057.0,Lancaster,"Lancaster, South Carolina, US",0,0,0,0
2020-02-01,US,South Carolina,34.68270843,-80.70513032,84045057.0,US,USA,840,45057.0,Lancaster,"Lancaster, South Carolina, US",0,0,0,0
2020-02-02,US,South Carolina,34.68270843,-80.70513032,84045057.0,US,USA,840,45057.0,Lancaster,"Lancaster, South Carolina, US",0,0,0,0
2020-02-03,US,South Carolina,34.68270843,-80.70513032,84045057.0,US,USA,840,45057.0,Lancaster,"Lancaster, South Carolina, US",0,0,0,0
2020-02-04,US,South Carolina,34.68270843,-80.70513032,84045057.0,US,USA,840,45057.0,Lancaster,"Lancaster, South Carolina, US",0,0,0,0
2020-02-05,US,South Carolina,34.68270843,-80.70513032,84045057.0,US,USA,840,45057.0,Lancaster,"Lancaster, South Carolina, US",0,0,0,0
2020-02-06,US,South Carolina,34.68270843,-80.70513032,84045057.0,US,USA,840,45057.0,Lancaster,"Lancaster, South Carolina, US",0,0,0,0
2020-02-07,US,South Carolina,34.68270843,-80.70513032,84045057.0,US,USA,840,45057.0,Lancaster,"Lancaster, South Carolina, US",0,0,0,0
2020-02-08,US,South Carolina,34.68270843,-80.70513032,84045057.0,US,USA,840,45057.0,Lancaster,"Lancaster, South Carolina, US",0,0,0,0
2020-02-09,US,South Carolina,34.68270843,-80.70513032,84045057.0,US,USA,840,45057.0,Lancaster,"Lancaster, South Carolina, US",0,0,0,0
2020-02-10,US,South Carolina,34.68270843,-80.70513032,84045057.0,US,USA,840,45057.0,Lancaster,"Lancaster, South Carolina, US",0,0,0,0
2020-02-11,US,South Carolina,34.68270843,-80.70513032,84045057.0,US,USA,840,45057.0,Lancaster,"Lancaster, South Carolina, US",0,0,0,0
2020-02-12,US,South Carolina,34.68270843,-80.70513032,84045057.0,US,USA,840,45057.0,Lancaster,"Lancaster, South Carolina, US",0,0,0,0
2020-02-13,US,South Carolina,34.68270843,-80.70513032,84045057.0,US,USA,840,45057.0,Lancaster,"Lancaster, South Carolina, US",0,0,0,0
2020-02-14,US,South Carolina,34.68270843,-80.70513032,84045057.0,US,USA,840,45057.0,Lancaster,"Lancaster, South Carolina, US",0,0,0,0
2020-02-15,US,South Carolina,34.68270843,-80.70513032,84045057.0,US,USA,840,45057.0,Lancaster,"Lancaster, South Carolina, US",0,0,0,0
2020-02-16,US,South Carolina,34.68270843,-80.70513032,84045057.0,US,USA,840,45057.0,Lancaster,"Lancaster, South Carolina, US",0,0,0,0
2020-02-17,US,South Carolina,34.68270843,-80.70513032,84045057.0,US,USA,840,45057.0,Lancaster,"Lancaster, South Carolina, US",0,0,0,0
2020-02-18,US,South Carolina,34.68270843,-80.70513032,84045057.0,US,USA,840,45057.0,Lancaster,"Lancaster, South Carolina, US",0,0,0,0
2020-02-19,US,South Carolina,34.68270843,-80.70513032,84045057.0,US,USA,840,45057.0,Lancaster,"Lancaster, South Carolina, US",0,0,0,0
2020-02-20,US,South Carolina,34.68270843,-80.70513032,84045057.0,US,USA,840,45057.0,Lancaster,"Lancaster, South Carolina, US",0,0,0,0
2020-02-21,US,South Carolina,34.68270843,-80.70513032,84045057.0,US,USA,840,45057.0,Lancaster,"Lancaster, South Carolina, US",0,0,0,0
2020-02-22,US,South Carolina,34.68270843,-80.70513032,84045057.0,US,USA,840,45057.0,Lancaster,"Lancaster, South Carolina, US",0,0,0,0
2020-02-23,US,South Carolina,34.68270843,-80.70513032,84045057.0,US,USA,840,45057.0,Lancaster,"Lancaster, South Carolina, US",0,0,0,0
2020-02-24,US,South Carolina,34.68270843,-80.70513032,84045057.0,US,USA,840,45057.0,Lancaster,"Lancaster, South Carolina, US",0,0,0,0
2020-02-25,US,South Carolina,34.68270843,-80.70513032,84045057.0,US,USA,840,45057.0,Lancaster,"Lancaster, South Carolina, US",0,0,0,0
2020-02-26,US,South Carolina,34.68270843,-80.70513032,84045057.0,US,USA,840,45057.0,Lancaster,"Lancaster, South Carolina, US",0,0,0,0
2020-02-27,US,South Carolina,34.68270843,-80.70513032,84045057.0,US,USA,840,45057.0,Lancaster,"Lancaster, South Carolina, US",0,0,0,0
2020-02-28,US,South Carolina,34.68270843,-80.70513032,84045057.0,US,USA,840,45057.0,Lancaster,"Lancaster, South Carolina, US",0,0,0,0
2020-02-29,US,South Carolina,34.68270843,-80.70513032,84045057.0,US,USA,840,45057.0,Lancaster,"Lancaster, South Carolina, US",0,0,0,0
2020-03-01,US,South Carolina,34.68270843,-80.70513032,84045057.0,US,USA,840,45057.0,Lancaster,"Lancaster, South Carolina, US",0,0,0,0
2020-03-02,US,South Carolina,34.68270843,-80.70513032,84045057.0,US,USA,840,45057.0,Lancaster,"Lancaster, South Carolina, US",0,0,0,0
2020-03-03,US,South Carolina,34.68270843,-80.70513032,84045057.0,US,USA,840,45057.0,Lancaster,"Lancaster, South Carolina, US",0,0,0,0
2020-03-04,US,South Carolina,34.68270843,-80.70513032,84045057.0,US,USA,840,45057.0,Lancaster,"Lancaster, South Carolina, US",0,0,0,0
2020-03-05,US,South Carolina,34.68270843,-80.70513032,84045057.0,US,USA,840,45057.0,Lancaster,"Lancaster, South Carolina, US",0,0,0,0
2020-03-06,US,South Carolina,34.68270843,-80.70513032,84045057.0,US,USA,840,45057.0,Lancaster,"Lancaster, South Carolina, US",0,0,0,0
2020-03-07,US,South Carolina,34.68270843,-80.70513032,84045057.0,US,USA,840,45057.0,Lancaster,"Lancaster, South Carolina, US",0,0,0,0
2020-03-08,US,South Carolina,34.68270843,-80.70513032,84045057.0,US,USA,840,45057.0,Lancaster,"Lancaster, South Carolina, US",0,0,0,0
2020-03-09,US,South Carolina,34.68270843,-80.70513032,84045057.0,US,USA,840,45057.0,Lancaster,"Lancaster, South Carolina, US",0,0,0,0
2020-03-10,US,South Carolina,34.68270843,-80.70513032,84045057.0,US,USA,840,45057.0,Lancaster,"Lancaster, South Carolina, US",0,0,0,0
2020-03-11,US,South Carolina,34.68270843,-80.70513032,84045057.0,US,USA,840,45057.0,Lancaster,"Lancaster, South Carolina, US",1,1,0,0
2020-03-12,US,South Carolina,34.68270843,-80.70513032,84045057.0,US,USA,840,45057.0,Lancaster,"Lancaster, South Carolina, US",1,0,0,0
2020-03-13,US,South Carolina,34.68270843,-80.70513032,84045057.0,US,USA,840,45057.0,Lancaster,"Lancaster, South Carolina, US",1,0,0,0
2020-03-14,US,South Carolina,34.68270843,-80.70513032,84045057.0,US,USA,840,45057.0,Lancaster,"Lancaster, South Carolina, US",2,1,0,0
2020-03-15,US,South Carolina,34.68270843,-80.70513032,84045057.0,US,USA,840,45057.0,Lancaster,"Lancaster, South Carolina, US",2,0,0,0
2020-03-16,US,South Carolina,34.68270843,-80.70513032,84045057.0,US,USA,840,45057.0,Lancaster,"Lancaster, South Carolina, US",2,0,0,0
2020-03-17,US,South Carolina,34.68270843,-80.70513032,84045057.0,US,USA,840,45057.0,Lancaster,"Lancaster, South Carolina, US",2,0,0,0
2020-03-18,US,South Carolina,34.68270843,-80.70513032,84045057.0,US,USA,840,45057.0,Lancaster,"Lancaster, South Carolina, US",2,0,0,0
2020-03-19,US,South Carolina,34.68270843,-80.70513032,84045057.0,US,USA,840,45057.0,Lancaster,"Lancaster, South Carolina, US",3,1,0,0
2020-03-20,US,South Carolina,34.68270843,-80.70513032,84045057.0,US,USA,840,45057.0,Lancaster,"Lancaster, South Carolina, US",3,0,0,0
2020-03-21,US,South Carolina,34.68270843,-80.70513032,84045057.0,US,USA,840,45057.0,Lancaster,"Lancaster, South Carolina, US",3,0,0,0
2020-03-22,US,South Carolina,34.68270843,-80.70513032,84045057.0,US,USA,840,45057.0,Lancaster,"Lancaster, South Carolina, US",5,2,0,0
2020-03-23,US,South Carolina,34.68270843,-80.70513032,84045057.0,US,USA,840,45057.0,Lancaster,"Lancaster, South Carolina, US",7,2,0,0
2020-03-24,US,South Carolina,34.68270843,-80.70513032,84045057.0,US,USA,840,45057.0,Lancaster,"Lancaster, South Carolina, US",7,0,0,0
2020-03-25,US,South Carolina,34.68270843,-80.70513032,84045057.0,US,USA,840,45057.0,Lancaster,"Lancaster, South Carolina, US",6,-1,0,0
2020-03-26,US,South Carolina,34.68270843,-80.70513032,84045057.0,US,USA,840,45057.0,Lancaster,"Lancaster, South Carolina, US",6,0,0,0
2020-03-27,US,South Carolina,34.68270843,-80.70513032,84045057.0,US,USA,840,45057.0,Lancaster,"Lancaster, South Carolina, US",8,2,0,0
2020-03-28,US,South Carolina,34.68270843,-80.70513032,84045057.0,US,USA,840,45057.0,Lancaster,"Lancaster, South Carolina, US",9,1,0,0
2020-03-29,US,South Carolina,34.68270843,-80.70513032,84045057.0,US,USA,840,45057.0,Lancaster,"Lancaster, South Carolina, US",13,4,0,0
2020-03-30,US,South Carolina,34.68270843,-80.70513032,84045057.0,US,USA,840,45057.0,Lancaster,"Lancaster, South Carolina, US",14,1,0,0
2020-03-31,US,South Carolina,34.68270843,-80.70513032,84045057.0,US,USA,840,45057.0,Lancaster,"Lancaster, South Carolina, US",15,1,0,0
2020-04-01,US,South Carolina,34.68270843,-80.70513032,84045057.0,US,USA,840,45057.0,Lancaster,"Lancaster, South Carolina, US",17,2,0,0
2020-04-02,US,South Carolina,34.68270843,-80.70513032,84045057.0,US,USA,840,45057.0,Lancaster,"Lancaster, South Carolina, US",26,9,0,0
2020-04-03,US,South Carolina,34.68270843,-80.70513032,84045057.0,US,USA,840,45057.0,Lancaster,"Lancaster, South Carolina, US",31,5,0,0
2020-04-04,US,South Carolina,34.68270843,-80.70513032,84045057.0,US,USA,840,45057.0,Lancaster,"Lancaster, South Carolina, US",39,8,0,0
2020-04-05,US,South Carolina,34.68270843,-80.70513032,84045057.0,US,USA,840,45057.0,Lancaster,"Lancaster, South Carolina, US",41,2,0,0
2020-04-06,US,South Carolina,34.68270843,-80.70513032,84045057.0,US,USA,840,45057.0,Lancaster,"Lancaster, South Carolina, US",43,2,0,0
2020-04-07,US,South Carolina,34.68270843,-80.70513032,84045057.0,US,USA,840,45057.0,Lancaster,"Lancaster, South Carolina, US",46,3,0,0
2020-04-08,US,South Carolina,34.68270843,-80.70513032,84045057.0,US,USA,840,45057.0,Lancaster,"Lancaster, South Carolina, US",46,0,0,0
2020-04-09,US,South Carolina,34.68270843,-80.70513032,84045057.0,US,USA,840,45057.0,Lancaster,"Lancaster, South Carolina, US",51,5,0,0
2020-04-10,US,South Carolina,34.68270843,-80.70513032,84045057.0,US,USA,840,45057.0,Lancaster,"Lancaster, South Carolina, US",61,10,0,0
2020-04-11,US,South Carolina,34.68270843,-80.70513032,84045057.0,US,USA,840,45057.0,Lancaster,"Lancaster, South Carolina, US",62,1,0,0
2020-04-12,US,South Carolina,34.68270843,-80.70513032,84045057.0,US,USA,840,45057.0,Lancaster,"Lancaster, South Carolina, US",65,3,0,0
2020-04-13,US,South Carolina,34.68270843,-80.70513032,84045057.0,US,USA,840,45057.0,Lancaster,"Lancaster, South Carolina, US",66,1,0,0
2020-04-14,US,South Carolina,34.68270843,-80.70513032,84045057.0,US,USA,840,45057.0,Lancaster,"Lancaster, South Carolina, US",67,1,1,1
2020-04-15,US,South Carolina,34.68270843,-80.70513032,84045057.0,US,USA,840,45057.0,Lancaster,"Lancaster, South Carolina, US",68,1,2,1
2020-04-16,US,South Carolina,34.68270843,-80.70513032,84045057.0,US,USA,840,45057.0,Lancaster,"Lancaster, South Carolina, US",71,3,2,0
2020-04-17,US,South Carolina,34.68270843,-80.70513032,84045057.0,US,USA,840,45057.0,Lancaster,"Lancaster, South Carolina, US",73,2,2,0
2020-04-18,US,South Carolina,34.68270843,-80.70513032,84045057.0,US,USA,840,45057.0,Lancaster,"Lancaster, South Carolina, US",73,0,2,0
2020-04-19,US,South Carolina,34.68270843,-80.70513032,84045057.0,US,USA,840,45057.0,Lancaster,"Lancaster, South Carolina, US",79,6,2,0
2020-04-20,US,South Carolina,34.68270843,-80.70513032,84045057.0,US,USA,840,45057.0,Lancaster,"Lancaster, South Carolina, US",79,0,3,1
2020-04-21,US,South Carolina,34.68270843,-80.70513032,84045057.0,US,USA,840,45057.0,Lancaster,"Lancaster, South Carolina, US",79,0,3,0
2020-04-22,US,South Carolina,34.68270843,-80.70513032,84045057.0,US,USA,840,45057.0,Lancaster,"Lancaster, South Carolina, US",80,1,3,0
2020-04-23,US,South Carolina,34.68270843,-80.70513032,84045057.0,US,USA,840,45057.0,Lancaster,"Lancaster, South Carolina, US",79,-1,3,0
2020-04-24,US,South Carolina,34.68270843,-80.70513032,84045057.0,US,USA,840,45057.0,Lancaster,"Lancaster, South Carolina, US",80,1,3,0
2020-04-25,US,South Carolina,34.68270843,-80.70513032,84045057.0,US,USA,840,45057.0,Lancaster,"Lancaster, South Carolina, US",85,5,3,0
2020-04-26,US,South Carolina,34.68270843,-80.70513032,84045057.0,US,USA,840,45057.0,Lancaster,"Lancaster, South Carolina, US",87,2,3,0
2020-04-27,US,South Carolina,34.68270843,-80.70513032,84045057.0,US,USA,840,45057.0,Lancaster,"Lancaster, South Carolina, US",88,1,3,0
2020-04-28,US,South Carolina,34.68270843,-80.70513032,84045057.0,US,USA,840,45057.0,Lancaster,"Lancaster, South Carolina, US",90,2,4,1
2020-04-29,US,South Carolina,34.68270843,-80.70513032,84045057.0,US,USA,840,45057.0,Lancaster,"Lancaster, South Carolina, US",93,3,4,0
2020-04-30,US,South Carolina,34.68270843,-80.70513032,84045057.0,US,USA,840,45057.0,Lancaster,"Lancaster, South Carolina, US",96,3,4,0
2020-05-01,US,South Carolina,34.68270843,-80.70513032,84045057.0,US,USA,840,45057.0,Lancaster,"Lancaster, South Carolina, US",99,3,4,0
2020-05-02,US,South Carolina,34.68270843,-80.70513032,84045057.0,US,USA,840,45057.0,Lancaster,"Lancaster, South Carolina, US",100,1,4,0
2020-05-03,US,South Carolina,34.68270843,-80.70513032,84045057.0,US,USA,840,45057.0,Lancaster,"Lancaster, South Carolina, US",101,1,4,0
