date,country,state,lat,long,UID,iso2,iso3,code3,FIPS,region,Combined_Key,confirmed,confirmed_new,deaths,deaths_new
2020-01-22,us,california,33.70147516,-117.76459979999998,84006059.0,US,USA,840,6059.0,orange,"Orange, California, US",0,0,0,0
2020-01-23,us,california,33.70147516,-117.76459979999998,84006059.0,US,USA,840,6059.0,orange,"Orange, California, US",0,0,0,0
2020-01-24,us,california,33.70147516,-117.76459979999998,84006059.0,US,USA,840,6059.0,orange,"Orange, California, US",0,0,0,0
2020-01-25,us,california,33.70147516,-117.76459979999998,84006059.0,US,USA,840,6059.0,orange,"Orange, California, US",0,0,0,0
2020-01-26,us,california,33.70147516,-117.76459979999998,84006059.0,US,USA,840,6059.0,orange,"Orange, California, US",1,1,0,0
2020-01-27,us,california,33.70147516,-117.76459979999998,84006059.0,US,USA,840,6059.0,orange,"Orange, California, US",1,0,0,0
2020-01-28,us,california,33.70147516,-117.76459979999998,84006059.0,US,USA,840,6059.0,orange,"Orange, California, US",1,0,0,0
2020-01-29,us,california,33.70147516,-117.76459979999998,84006059.0,US,USA,840,6059.0,orange,"Orange, California, US",1,0,0,0
2020-01-30,us,california,33.70147516,-117.76459979999998,84006059.0,US,USA,840,6059.0,orange,"Orange, California, US",1,0,0,0
2020-01-31,us,california,33.70147516,-117.76459979999998,84006059.0,US,USA,840,6059.0,orange,"Orange, California, US",1,0,0,0
2020-02-01,us,california,33.70147516,-117.76459979999998,84006059.0,US,USA,840,6059.0,orange,"Orange, California, US",1,0,0,0
2020-02-02,us,california,33.70147516,-117.76459979999998,84006059.0,US,USA,840,6059.0,orange,"Orange, California, US",1,0,0,0
2020-02-03,us,california,33.70147516,-117.76459979999998,84006059.0,US,USA,840,6059.0,orange,"Orange, California, US",1,0,0,0
2020-02-04,us,california,33.70147516,-117.76459979999998,84006059.0,US,USA,840,6059.0,orange,"Orange, California, US",1,0,0,0
2020-02-05,us,california,33.70147516,-117.76459979999998,84006059.0,US,USA,840,6059.0,orange,"Orange, California, US",1,0,0,0
2020-02-06,us,california,33.70147516,-117.76459979999998,84006059.0,US,USA,840,6059.0,orange,"Orange, California, US",1,0,0,0
2020-02-07,us,california,33.70147516,-117.76459979999998,84006059.0,US,USA,840,6059.0,orange,"Orange, California, US",1,0,0,0
2020-02-08,us,california,33.70147516,-117.76459979999998,84006059.0,US,USA,840,6059.0,orange,"Orange, California, US",1,0,0,0
2020-02-09,us,california,33.70147516,-117.76459979999998,84006059.0,US,USA,840,6059.0,orange,"Orange, California, US",1,0,0,0
2020-02-10,us,california,33.70147516,-117.76459979999998,84006059.0,US,USA,840,6059.0,orange,"Orange, California, US",1,0,0,0
2020-02-11,us,california,33.70147516,-117.76459979999998,84006059.0,US,USA,840,6059.0,orange,"Orange, California, US",1,0,0,0
2020-02-12,us,california,33.70147516,-117.76459979999998,84006059.0,US,USA,840,6059.0,orange,"Orange, California, US",1,0,0,0
2020-02-13,us,california,33.70147516,-117.76459979999998,84006059.0,US,USA,840,6059.0,orange,"Orange, California, US",1,0,0,0
2020-02-14,us,california,33.70147516,-117.76459979999998,84006059.0,US,USA,840,6059.0,orange,"Orange, California, US",1,0,0,0
2020-02-15,us,california,33.70147516,-117.76459979999998,84006059.0,US,USA,840,6059.0,orange,"Orange, California, US",1,0,0,0
2020-02-16,us,california,33.70147516,-117.76459979999998,84006059.0,US,USA,840,6059.0,orange,"Orange, California, US",1,0,0,0
2020-02-17,us,california,33.70147516,-117.76459979999998,84006059.0,US,USA,840,6059.0,orange,"Orange, California, US",1,0,0,0
2020-02-18,us,california,33.70147516,-117.76459979999998,84006059.0,US,USA,840,6059.0,orange,"Orange, California, US",1,0,0,0
2020-02-19,us,california,33.70147516,-117.76459979999998,84006059.0,US,USA,840,6059.0,orange,"Orange, California, US",1,0,0,0
2020-02-20,us,california,33.70147516,-117.76459979999998,84006059.0,US,USA,840,6059.0,orange,"Orange, California, US",1,0,0,0
2020-02-21,us,california,33.70147516,-117.76459979999998,84006059.0,US,USA,840,6059.0,orange,"Orange, California, US",1,0,0,0
2020-02-22,us,california,33.70147516,-117.76459979999998,84006059.0,US,USA,840,6059.0,orange,"Orange, California, US",1,0,0,0
2020-02-23,us,california,33.70147516,-117.76459979999998,84006059.0,US,USA,840,6059.0,orange,"Orange, California, US",1,0,0,0
2020-02-24,us,california,33.70147516,-117.76459979999998,84006059.0,US,USA,840,6059.0,orange,"Orange, California, US",1,0,0,0
2020-02-25,us,california,33.70147516,-117.76459979999998,84006059.0,US,USA,840,6059.0,orange,"Orange, California, US",1,0,0,0
2020-02-26,us,california,33.70147516,-117.76459979999998,84006059.0,US,USA,840,6059.0,orange,"Orange, California, US",1,0,0,0
2020-02-27,us,california,33.70147516,-117.76459979999998,84006059.0,US,USA,840,6059.0,orange,"Orange, California, US",1,0,0,0
2020-02-28,us,california,33.70147516,-117.76459979999998,84006059.0,US,USA,840,6059.0,orange,"Orange, California, US",1,0,0,0
2020-02-29,us,california,33.70147516,-117.76459979999998,84006059.0,US,USA,840,6059.0,orange,"Orange, California, US",1,0,0,0
2020-03-01,us,california,33.70147516,-117.76459979999998,84006059.0,US,USA,840,6059.0,orange,"Orange, California, US",1,0,0,0
2020-03-02,us,california,33.70147516,-117.76459979999998,84006059.0,US,USA,840,6059.0,orange,"Orange, California, US",1,0,0,0
2020-03-03,us,california,33.70147516,-117.76459979999998,84006059.0,US,USA,840,6059.0,orange,"Orange, California, US",1,0,0,0
2020-03-04,us,california,33.70147516,-117.76459979999998,84006059.0,US,USA,840,6059.0,orange,"Orange, California, US",3,2,0,0
2020-03-05,us,california,33.70147516,-117.76459979999998,84006059.0,US,USA,840,6059.0,orange,"Orange, California, US",3,0,0,0
2020-03-06,us,california,33.70147516,-117.76459979999998,84006059.0,US,USA,840,6059.0,orange,"Orange, California, US",3,0,0,0
2020-03-07,us,california,33.70147516,-117.76459979999998,84006059.0,US,USA,840,6059.0,orange,"Orange, California, US",3,0,0,0
2020-03-08,us,california,33.70147516,-117.76459979999998,84006059.0,US,USA,840,6059.0,orange,"Orange, California, US",3,0,0,0
2020-03-09,us,california,33.70147516,-117.76459979999998,84006059.0,US,USA,840,6059.0,orange,"Orange, California, US",4,1,0,0
2020-03-10,us,california,33.70147516,-117.76459979999998,84006059.0,US,USA,840,6059.0,orange,"Orange, California, US",5,1,0,0
2020-03-11,us,california,33.70147516,-117.76459979999998,84006059.0,US,USA,840,6059.0,orange,"Orange, California, US",5,0,0,0
2020-03-12,us,california,33.70147516,-117.76459979999998,84006059.0,US,USA,840,6059.0,orange,"Orange, California, US",6,1,0,0
2020-03-13,us,california,33.70147516,-117.76459979999998,84006059.0,US,USA,840,6059.0,orange,"Orange, California, US",9,3,0,0
2020-03-14,us,california,33.70147516,-117.76459979999998,84006059.0,US,USA,840,6059.0,orange,"Orange, California, US",14,5,0,0
2020-03-15,us,california,33.70147516,-117.76459979999998,84006059.0,US,USA,840,6059.0,orange,"Orange, California, US",14,0,0,0
2020-03-16,us,california,33.70147516,-117.76459979999998,84006059.0,US,USA,840,6059.0,orange,"Orange, California, US",17,3,0,0
2020-03-17,us,california,33.70147516,-117.76459979999998,84006059.0,US,USA,840,6059.0,orange,"Orange, California, US",22,5,0,0
2020-03-18,us,california,33.70147516,-117.76459979999998,84006059.0,US,USA,840,6059.0,orange,"Orange, California, US",29,7,0,0
2020-03-19,us,california,33.70147516,-117.76459979999998,84006059.0,US,USA,840,6059.0,orange,"Orange, California, US",53,24,0,0
2020-03-20,us,california,33.70147516,-117.76459979999998,84006059.0,US,USA,840,6059.0,orange,"Orange, California, US",65,12,0,0
2020-03-21,us,california,33.70147516,-117.76459979999998,84006059.0,US,USA,840,6059.0,orange,"Orange, California, US",78,13,0,0
2020-03-22,us,california,33.70147516,-117.76459979999998,84006059.0,US,USA,840,6059.0,orange,"Orange, California, US",95,17,0,0
2020-03-23,us,california,33.70147516,-117.76459979999998,84006059.0,US,USA,840,6059.0,orange,"Orange, California, US",125,30,0,0
2020-03-24,us,california,33.70147516,-117.76459979999998,84006059.0,US,USA,840,6059.0,orange,"Orange, California, US",152,27,0,0
2020-03-25,us,california,33.70147516,-117.76459979999998,84006059.0,US,USA,840,6059.0,orange,"Orange, California, US",187,35,1,1
2020-03-26,us,california,33.70147516,-117.76459979999998,84006059.0,US,USA,840,6059.0,orange,"Orange, California, US",256,69,1,0
2020-03-27,us,california,33.70147516,-117.76459979999998,84006059.0,US,USA,840,6059.0,orange,"Orange, California, US",321,65,3,2
2020-03-28,us,california,33.70147516,-117.76459979999998,84006059.0,US,USA,840,6059.0,orange,"Orange, California, US",403,82,4,1
2020-03-29,us,california,33.70147516,-117.76459979999998,84006059.0,US,USA,840,6059.0,orange,"Orange, California, US",431,28,4,0
2020-03-30,us,california,33.70147516,-117.76459979999998,84006059.0,US,USA,840,6059.0,orange,"Orange, California, US",464,33,4,0
2020-03-31,us,california,33.70147516,-117.76459979999998,84006059.0,US,USA,840,6059.0,orange,"Orange, California, US",502,38,7,3
2020-04-01,us,california,33.70147516,-117.76459979999998,84006059.0,US,USA,840,6059.0,orange,"Orange, California, US",606,104,10,3
2020-04-02,us,california,33.70147516,-117.76459979999998,84006059.0,US,USA,840,6059.0,orange,"Orange, California, US",656,50,13,3
2020-04-03,us,california,33.70147516,-117.76459979999998,84006059.0,US,USA,840,6059.0,orange,"Orange, California, US",711,55,13,0
2020-04-04,us,california,33.70147516,-117.76459979999998,84006059.0,US,USA,840,6059.0,orange,"Orange, California, US",786,75,14,1
2020-04-05,us,california,33.70147516,-117.76459979999998,84006059.0,US,USA,840,6059.0,orange,"Orange, California, US",834,48,14,0
2020-04-06,us,california,33.70147516,-117.76459979999998,84006059.0,US,USA,840,6059.0,orange,"Orange, California, US",882,48,14,0
2020-04-07,us,california,33.70147516,-117.76459979999998,84006059.0,US,USA,840,6059.0,orange,"Orange, California, US",931,49,15,1
2020-04-08,us,california,33.70147516,-117.76459979999998,84006059.0,US,USA,840,6059.0,orange,"Orange, California, US",1016,85,17,2
2020-04-09,us,california,33.70147516,-117.76459979999998,84006059.0,US,USA,840,6059.0,orange,"Orange, California, US",1079,63,17,0
2020-04-10,us,california,33.70147516,-117.76459979999998,84006059.0,US,USA,840,6059.0,orange,"Orange, California, US",1138,59,17,0
2020-04-11,us,california,33.70147516,-117.76459979999998,84006059.0,US,USA,840,6059.0,orange,"Orange, California, US",1221,83,18,1
2020-04-12,us,california,33.70147516,-117.76459979999998,84006059.0,US,USA,840,6059.0,orange,"Orange, California, US",1277,56,19,1
2020-04-13,us,california,33.70147516,-117.76459979999998,84006059.0,US,USA,840,6059.0,orange,"Orange, California, US",1283,6,19,0
2020-04-14,us,california,33.70147516,-117.76459979999998,84006059.0,US,USA,840,6059.0,orange,"Orange, California, US",1299,16,19,0
2020-04-15,us,california,33.70147516,-117.76459979999998,84006059.0,US,USA,840,6059.0,orange,"Orange, California, US",1376,77,22,3
2020-04-16,us,california,33.70147516,-117.76459979999998,84006059.0,US,USA,840,6059.0,orange,"Orange, California, US",1425,49,25,3
2020-04-17,us,california,33.70147516,-117.76459979999998,84006059.0,US,USA,840,6059.0,orange,"Orange, California, US",1501,76,28,3
2020-04-18,us,california,33.70147516,-117.76459979999998,84006059.0,US,USA,840,6059.0,orange,"Orange, California, US",1556,55,32,4
2020-04-19,us,california,33.70147516,-117.76459979999998,84006059.0,US,USA,840,6059.0,orange,"Orange, California, US",1636,80,32,0
2020-04-20,us,california,33.70147516,-117.76459979999998,84006059.0,US,USA,840,6059.0,orange,"Orange, California, US",1676,40,33,1
2020-04-21,us,california,33.70147516,-117.76459979999998,84006059.0,US,USA,840,6059.0,orange,"Orange, California, US",1691,15,33,0
2020-04-22,us,california,33.70147516,-117.76459979999998,84006059.0,US,USA,840,6059.0,orange,"Orange, California, US",1753,62,34,1
2020-04-23,us,california,33.70147516,-117.76459979999998,84006059.0,US,USA,840,6059.0,orange,"Orange, California, US",1827,74,36,2
