date,country,state,lat,long,UID,iso2,iso3,code3,FIPS,region,Combined_Key,confirmed,confirmed_new,deaths,deaths_new
2020-01-22,us,california,37.422880799999994,-122.32755459999998,84006081.0,US,USA,840,6081.0,san-mateo,"San Mateo, California, US",0,0,0.0,0.0
2020-01-23,us,california,37.422880799999994,-122.32755459999998,84006081.0,US,USA,840,6081.0,san-mateo,"San Mateo, California, US",0,0,0.0,0.0
2020-01-24,us,california,37.422880799999994,-122.32755459999998,84006081.0,US,USA,840,6081.0,san-mateo,"San Mateo, California, US",0,0,0.0,0.0
2020-01-25,us,california,37.422880799999994,-122.32755459999998,84006081.0,US,USA,840,6081.0,san-mateo,"San Mateo, California, US",0,0,0.0,0.0
2020-01-26,us,california,37.422880799999994,-122.32755459999998,84006081.0,US,USA,840,6081.0,san-mateo,"San Mateo, California, US",0,0,0.0,0.0
2020-01-27,us,california,37.422880799999994,-122.32755459999998,84006081.0,US,USA,840,6081.0,san-mateo,"San Mateo, California, US",0,0,0.0,0.0
2020-01-28,us,california,37.422880799999994,-122.32755459999998,84006081.0,US,USA,840,6081.0,san-mateo,"San Mateo, California, US",0,0,0.0,0.0
2020-01-29,us,california,37.422880799999994,-122.32755459999998,84006081.0,US,USA,840,6081.0,san-mateo,"San Mateo, California, US",0,0,0.0,0.0
2020-01-30,us,california,37.422880799999994,-122.32755459999998,84006081.0,US,USA,840,6081.0,san-mateo,"San Mateo, California, US",0,0,0.0,0.0
2020-01-31,us,california,37.422880799999994,-122.32755459999998,84006081.0,US,USA,840,6081.0,san-mateo,"San Mateo, California, US",0,0,0.0,0.0
2020-02-01,us,california,37.422880799999994,-122.32755459999998,84006081.0,US,USA,840,6081.0,san-mateo,"San Mateo, California, US",0,0,0.0,0.0
2020-02-02,us,california,37.422880799999994,-122.32755459999998,84006081.0,US,USA,840,6081.0,san-mateo,"San Mateo, California, US",0,0,0.0,0.0
2020-02-03,us,california,37.422880799999994,-122.32755459999998,84006081.0,US,USA,840,6081.0,san-mateo,"San Mateo, California, US",0,0,0.0,0.0
2020-02-04,us,california,37.422880799999994,-122.32755459999998,84006081.0,US,USA,840,6081.0,san-mateo,"San Mateo, California, US",0,0,0.0,0.0
2020-02-05,us,california,37.422880799999994,-122.32755459999998,84006081.0,US,USA,840,6081.0,san-mateo,"San Mateo, California, US",0,0,0.0,0.0
2020-02-06,us,california,37.422880799999994,-122.32755459999998,84006081.0,US,USA,840,6081.0,san-mateo,"San Mateo, California, US",0,0,0.0,0.0
2020-02-07,us,california,37.422880799999994,-122.32755459999998,84006081.0,US,USA,840,6081.0,san-mateo,"San Mateo, California, US",0,0,0.0,0.0
2020-02-08,us,california,37.422880799999994,-122.32755459999998,84006081.0,US,USA,840,6081.0,san-mateo,"San Mateo, California, US",0,0,0.0,0.0
2020-02-09,us,california,37.422880799999994,-122.32755459999998,84006081.0,US,USA,840,6081.0,san-mateo,"San Mateo, California, US",0,0,0.0,0.0
2020-02-10,us,california,37.422880799999994,-122.32755459999998,84006081.0,US,USA,840,6081.0,san-mateo,"San Mateo, California, US",0,0,0.0,0.0
2020-02-11,us,california,37.422880799999994,-122.32755459999998,84006081.0,US,USA,840,6081.0,san-mateo,"San Mateo, California, US",0,0,0.0,0.0
2020-02-12,us,california,37.422880799999994,-122.32755459999998,84006081.0,US,USA,840,6081.0,san-mateo,"San Mateo, California, US",0,0,0.0,0.0
2020-02-13,us,california,37.422880799999994,-122.32755459999998,84006081.0,US,USA,840,6081.0,san-mateo,"San Mateo, California, US",0,0,0.0,0.0
2020-02-14,us,california,37.422880799999994,-122.32755459999998,84006081.0,US,USA,840,6081.0,san-mateo,"San Mateo, California, US",0,0,0.0,0.0
2020-02-15,us,california,37.422880799999994,-122.32755459999998,84006081.0,US,USA,840,6081.0,san-mateo,"San Mateo, California, US",0,0,0.0,0.0
2020-02-16,us,california,37.422880799999994,-122.32755459999998,84006081.0,US,USA,840,6081.0,san-mateo,"San Mateo, California, US",0,0,0.0,0.0
2020-02-17,us,california,37.422880799999994,-122.32755459999998,84006081.0,US,USA,840,6081.0,san-mateo,"San Mateo, California, US",0,0,0.0,0.0
2020-02-18,us,california,37.422880799999994,-122.32755459999998,84006081.0,US,USA,840,6081.0,san-mateo,"San Mateo, California, US",0,0,0.0,0.0
2020-02-19,us,california,37.422880799999994,-122.32755459999998,84006081.0,US,USA,840,6081.0,san-mateo,"San Mateo, California, US",0,0,0.0,0.0
2020-02-20,us,california,37.422880799999994,-122.32755459999998,84006081.0,US,USA,840,6081.0,san-mateo,"San Mateo, California, US",0,0,0.0,0.0
2020-02-21,us,california,37.422880799999994,-122.32755459999998,84006081.0,US,USA,840,6081.0,san-mateo,"San Mateo, California, US",0,0,0.0,0.0
2020-02-22,us,california,37.422880799999994,-122.32755459999998,84006081.0,US,USA,840,6081.0,san-mateo,"San Mateo, California, US",0,0,0.0,0.0
2020-02-23,us,california,37.422880799999994,-122.32755459999998,84006081.0,US,USA,840,6081.0,san-mateo,"San Mateo, California, US",0,0,0.0,0.0
2020-02-24,us,california,37.422880799999994,-122.32755459999998,84006081.0,US,USA,840,6081.0,san-mateo,"San Mateo, California, US",0,0,0.0,0.0
2020-02-25,us,california,37.422880799999994,-122.32755459999998,84006081.0,US,USA,840,6081.0,san-mateo,"San Mateo, California, US",0,0,0.0,0.0
2020-02-26,us,california,37.422880799999994,-122.32755459999998,84006081.0,US,USA,840,6081.0,san-mateo,"San Mateo, California, US",0,0,0.0,0.0
2020-02-27,us,california,37.422880799999994,-122.32755459999998,84006081.0,US,USA,840,6081.0,san-mateo,"San Mateo, California, US",0,0,0.0,0.0
2020-02-28,us,california,37.422880799999994,-122.32755459999998,84006081.0,US,USA,840,6081.0,san-mateo,"San Mateo, California, US",0,0,0.0,0.0
2020-02-29,us,california,37.422880799999994,-122.32755459999998,84006081.0,US,USA,840,6081.0,san-mateo,"San Mateo, California, US",0,0,0.0,0.0
2020-03-01,us,california,37.422880799999994,-122.32755459999998,84006081.0,US,USA,840,6081.0,san-mateo,"San Mateo, California, US",0,0,0.0,0.0
2020-03-02,us,california,37.422880799999994,-122.32755459999998,84006081.0,US,USA,840,6081.0,san-mateo,"San Mateo, California, US",1,1,0.0,0.0
2020-03-03,us,california,37.422880799999994,-122.32755459999998,84006081.0,US,USA,840,6081.0,san-mateo,"San Mateo, California, US",2,1,0.0,0.0
2020-03-04,us,california,37.422880799999994,-122.32755459999998,84006081.0,US,USA,840,6081.0,san-mateo,"San Mateo, California, US",2,0,0.0,0.0
2020-03-05,us,california,37.422880799999994,-122.32755459999998,84006081.0,US,USA,840,6081.0,san-mateo,"San Mateo, California, US",2,0,0.0,0.0
2020-03-06,us,california,37.422880799999994,-122.32755459999998,84006081.0,US,USA,840,6081.0,san-mateo,"San Mateo, California, US",2,0,0.0,0.0
2020-03-07,us,california,37.422880799999994,-122.32755459999998,84006081.0,US,USA,840,6081.0,san-mateo,"San Mateo, California, US",2,0,0.0,0.0
2020-03-08,us,california,37.422880799999994,-122.32755459999998,84006081.0,US,USA,840,6081.0,san-mateo,"San Mateo, California, US",2,0,0.0,0.0
2020-03-09,us,california,37.422880799999994,-122.32755459999998,84006081.0,US,USA,840,6081.0,san-mateo,"San Mateo, California, US",2,0,0.0,0.0
2020-03-10,us,california,37.422880799999994,-122.32755459999998,84006081.0,US,USA,840,6081.0,san-mateo,"San Mateo, California, US",8,6,0.0,0.0
2020-03-11,us,california,37.422880799999994,-122.32755459999998,84006081.0,US,USA,840,6081.0,san-mateo,"San Mateo, California, US",15,7,0.0,0.0
2020-03-12,us,california,37.422880799999994,-122.32755459999998,84006081.0,US,USA,840,6081.0,san-mateo,"San Mateo, California, US",20,5,0.0,0.0
2020-03-13,us,california,37.422880799999994,-122.32755459999998,84006081.0,US,USA,840,6081.0,san-mateo,"San Mateo, California, US",20,0,0.0,0.0
2020-03-14,us,california,37.422880799999994,-122.32755459999998,84006081.0,US,USA,840,6081.0,san-mateo,"San Mateo, California, US",32,12,0.0,0.0
2020-03-15,us,california,37.422880799999994,-122.32755459999998,84006081.0,US,USA,840,6081.0,san-mateo,"San Mateo, California, US",32,0,0.0,0.0
2020-03-16,us,california,37.422880799999994,-122.32755459999998,84006081.0,US,USA,840,6081.0,san-mateo,"San Mateo, California, US",41,9,0.0,0.0
2020-03-17,us,california,37.422880799999994,-122.32755459999998,84006081.0,US,USA,840,6081.0,san-mateo,"San Mateo, California, US",64,23,0.0,0.0
2020-03-18,us,california,37.422880799999994,-122.32755459999998,84006081.0,US,USA,840,6081.0,san-mateo,"San Mateo, California, US",80,16,0.0,0.0
2020-03-19,us,california,37.422880799999994,-122.32755459999998,84006081.0,US,USA,840,6081.0,san-mateo,"San Mateo, California, US",89,9,0.0,0.0
2020-03-20,us,california,37.422880799999994,-122.32755459999998,84006081.0,US,USA,840,6081.0,san-mateo,"San Mateo, California, US",100,11,0.0,0.0
2020-03-21,us,california,37.422880799999994,-122.32755459999998,84006081.0,US,USA,840,6081.0,san-mateo,"San Mateo, California, US",110,10,0.0,0.0
2020-03-22,us,california,37.422880799999994,-122.32755459999998,84006081.0,US,USA,840,6081.0,san-mateo,"San Mateo, California, US",117,7,0.0,0.0
2020-03-23,us,california,37.422880799999994,-122.32755459999998,84006081.0,US,USA,840,6081.0,san-mateo,"San Mateo, California, US",142,25,0.0,0.0
2020-03-24,us,california,37.422880799999994,-122.32755459999998,84006081.0,US,USA,840,6081.0,san-mateo,"San Mateo, California, US",161,19,0.0,0.0
2020-03-25,us,california,37.422880799999994,-122.32755459999998,84006081.0,US,USA,840,6081.0,san-mateo,"San Mateo, California, US",165,4,0.0,0.0
2020-03-26,us,california,37.422880799999994,-122.32755459999998,84006081.0,US,USA,840,6081.0,san-mateo,"San Mateo, California, US",195,30,0.0,0.0
2020-03-27,us,california,37.422880799999994,-122.32755459999998,84006081.0,US,USA,840,6081.0,san-mateo,"San Mateo, California, US",239,44,0.0,0.0
2020-03-28,us,california,37.422880799999994,-122.32755459999998,84006081.0,US,USA,840,6081.0,san-mateo,"San Mateo, California, US",274,35,0.0,0.0
2020-03-29,us,california,37.422880799999994,-122.32755459999998,84006081.0,US,USA,840,6081.0,san-mateo,"San Mateo, California, US",277,3,0.0,0.0
2020-03-30,us,california,37.422880799999994,-122.32755459999998,84006081.0,US,USA,840,6081.0,san-mateo,"San Mateo, California, US",309,32,0.0,0.0
2020-03-31,us,california,37.422880799999994,-122.32755459999998,84006081.0,US,USA,840,6081.0,san-mateo,"San Mateo, California, US",309,0,0.0,0.0
2020-04-01,us,california,37.422880799999994,-122.32755459999998,84006081.0,US,USA,840,6081.0,san-mateo,"San Mateo, California, US",388,79,0.0,0.0
2020-04-02,us,california,37.422880799999994,-122.32755459999998,84006081.0,US,USA,840,6081.0,san-mateo,"San Mateo, California, US",453,65,0.0,0.0
2020-04-03,us,california,37.422880799999994,-122.32755459999998,84006081.0,US,USA,840,6081.0,san-mateo,"San Mateo, California, US",486,33,0.0,0.0
2020-04-04,us,california,37.422880799999994,-122.32755459999998,84006081.0,US,USA,840,6081.0,san-mateo,"San Mateo, California, US",538,52,0.0,0.0
2020-04-05,us,california,37.422880799999994,-122.32755459999998,84006081.0,US,USA,840,6081.0,san-mateo,"San Mateo, California, US",555,17,0.0,0.0
2020-04-06,us,california,37.422880799999994,-122.32755459999998,84006081.0,US,USA,840,6081.0,san-mateo,"San Mateo, California, US",579,24,0.0,0.0
2020-04-07,us,california,37.422880799999994,-122.32755459999998,84006081.0,US,USA,840,6081.0,san-mateo,"San Mateo, California, US",589,10,0.0,0.0
2020-04-08,us,california,37.422880799999994,-122.32755459999998,84006081.0,US,USA,840,6081.0,san-mateo,"San Mateo, California, US",617,28,0.0,0.0
2020-04-09,us,california,37.422880799999994,-122.32755459999998,84006081.0,US,USA,840,6081.0,san-mateo,"San Mateo, California, US",633,16,0.0,0.0
2020-04-10,us,california,37.422880799999994,-122.32755459999998,84006081.0,US,USA,840,6081.0,san-mateo,"San Mateo, California, US",638,5,0.0,0.0
2020-04-11,us,california,37.422880799999994,-122.32755459999998,84006081.0,US,USA,840,6081.0,san-mateo,"San Mateo, California, US",652,14,0.0,0.0
2020-04-12,us,california,37.422880799999994,-122.32755459999998,84006081.0,US,USA,840,6081.0,san-mateo,"San Mateo, California, US",652,0,0.0,0.0
2020-04-13,us,california,37.422880799999994,-122.32755459999998,84006081.0,US,USA,840,6081.0,san-mateo,"San Mateo, California, US",701,49,0.0,0.0
2020-04-14,us,california,37.422880799999994,-122.32755459999998,84006081.0,US,USA,840,6081.0,san-mateo,"San Mateo, California, US",721,20,0.0,0.0
2020-04-15,us,california,37.422880799999994,-122.32755459999998,84006081.0,US,USA,840,6081.0,san-mateo,"San Mateo, California, US",747,26,0.0,0.0
2020-04-16,us,california,37.422880799999994,-122.32755459999998,84006081.0,US,USA,840,6081.0,san-mateo,"San Mateo, California, US",767,20,0.0,0.0
