date,country,state,lat,long,UID,iso2,iso3,code3,FIPS,region,Combined_Key,confirmed,confirmed_new,deaths,deaths_new
2020-01-22,us,massachusetts,42.37428441,-73.20524838,84025003.0,US,USA,840,25003.0,berkshire,"Berkshire, Massachusetts, US",0,0,0,0
2020-01-23,us,massachusetts,42.37428441,-73.20524838,84025003.0,US,USA,840,25003.0,berkshire,"Berkshire, Massachusetts, US",0,0,0,0
2020-01-24,us,massachusetts,42.37428441,-73.20524838,84025003.0,US,USA,840,25003.0,berkshire,"Berkshire, Massachusetts, US",0,0,0,0
2020-01-25,us,massachusetts,42.37428441,-73.20524838,84025003.0,US,USA,840,25003.0,berkshire,"Berkshire, Massachusetts, US",0,0,0,0
2020-01-26,us,massachusetts,42.37428441,-73.20524838,84025003.0,US,USA,840,25003.0,berkshire,"Berkshire, Massachusetts, US",0,0,0,0
2020-01-27,us,massachusetts,42.37428441,-73.20524838,84025003.0,US,USA,840,25003.0,berkshire,"Berkshire, Massachusetts, US",0,0,0,0
2020-01-28,us,massachusetts,42.37428441,-73.20524838,84025003.0,US,USA,840,25003.0,berkshire,"Berkshire, Massachusetts, US",0,0,0,0
2020-01-29,us,massachusetts,42.37428441,-73.20524838,84025003.0,US,USA,840,25003.0,berkshire,"Berkshire, Massachusetts, US",0,0,0,0
2020-01-30,us,massachusetts,42.37428441,-73.20524838,84025003.0,US,USA,840,25003.0,berkshire,"Berkshire, Massachusetts, US",0,0,0,0
2020-01-31,us,massachusetts,42.37428441,-73.20524838,84025003.0,US,USA,840,25003.0,berkshire,"Berkshire, Massachusetts, US",0,0,0,0
2020-02-01,us,massachusetts,42.37428441,-73.20524838,84025003.0,US,USA,840,25003.0,berkshire,"Berkshire, Massachusetts, US",0,0,0,0
2020-02-02,us,massachusetts,42.37428441,-73.20524838,84025003.0,US,USA,840,25003.0,berkshire,"Berkshire, Massachusetts, US",0,0,0,0
2020-02-03,us,massachusetts,42.37428441,-73.20524838,84025003.0,US,USA,840,25003.0,berkshire,"Berkshire, Massachusetts, US",0,0,0,0
2020-02-04,us,massachusetts,42.37428441,-73.20524838,84025003.0,US,USA,840,25003.0,berkshire,"Berkshire, Massachusetts, US",0,0,0,0
2020-02-05,us,massachusetts,42.37428441,-73.20524838,84025003.0,US,USA,840,25003.0,berkshire,"Berkshire, Massachusetts, US",0,0,0,0
2020-02-06,us,massachusetts,42.37428441,-73.20524838,84025003.0,US,USA,840,25003.0,berkshire,"Berkshire, Massachusetts, US",0,0,0,0
2020-02-07,us,massachusetts,42.37428441,-73.20524838,84025003.0,US,USA,840,25003.0,berkshire,"Berkshire, Massachusetts, US",0,0,0,0
2020-02-08,us,massachusetts,42.37428441,-73.20524838,84025003.0,US,USA,840,25003.0,berkshire,"Berkshire, Massachusetts, US",0,0,0,0
2020-02-09,us,massachusetts,42.37428441,-73.20524838,84025003.0,US,USA,840,25003.0,berkshire,"Berkshire, Massachusetts, US",0,0,0,0
2020-02-10,us,massachusetts,42.37428441,-73.20524838,84025003.0,US,USA,840,25003.0,berkshire,"Berkshire, Massachusetts, US",0,0,0,0
2020-02-11,us,massachusetts,42.37428441,-73.20524838,84025003.0,US,USA,840,25003.0,berkshire,"Berkshire, Massachusetts, US",0,0,0,0
2020-02-12,us,massachusetts,42.37428441,-73.20524838,84025003.0,US,USA,840,25003.0,berkshire,"Berkshire, Massachusetts, US",0,0,0,0
2020-02-13,us,massachusetts,42.37428441,-73.20524838,84025003.0,US,USA,840,25003.0,berkshire,"Berkshire, Massachusetts, US",0,0,0,0
2020-02-14,us,massachusetts,42.37428441,-73.20524838,84025003.0,US,USA,840,25003.0,berkshire,"Berkshire, Massachusetts, US",0,0,0,0
2020-02-15,us,massachusetts,42.37428441,-73.20524838,84025003.0,US,USA,840,25003.0,berkshire,"Berkshire, Massachusetts, US",0,0,0,0
2020-02-16,us,massachusetts,42.37428441,-73.20524838,84025003.0,US,USA,840,25003.0,berkshire,"Berkshire, Massachusetts, US",0,0,0,0
2020-02-17,us,massachusetts,42.37428441,-73.20524838,84025003.0,US,USA,840,25003.0,berkshire,"Berkshire, Massachusetts, US",0,0,0,0
2020-02-18,us,massachusetts,42.37428441,-73.20524838,84025003.0,US,USA,840,25003.0,berkshire,"Berkshire, Massachusetts, US",0,0,0,0
2020-02-19,us,massachusetts,42.37428441,-73.20524838,84025003.0,US,USA,840,25003.0,berkshire,"Berkshire, Massachusetts, US",0,0,0,0
2020-02-20,us,massachusetts,42.37428441,-73.20524838,84025003.0,US,USA,840,25003.0,berkshire,"Berkshire, Massachusetts, US",0,0,0,0
2020-02-21,us,massachusetts,42.37428441,-73.20524838,84025003.0,US,USA,840,25003.0,berkshire,"Berkshire, Massachusetts, US",0,0,0,0
2020-02-22,us,massachusetts,42.37428441,-73.20524838,84025003.0,US,USA,840,25003.0,berkshire,"Berkshire, Massachusetts, US",0,0,0,0
2020-02-23,us,massachusetts,42.37428441,-73.20524838,84025003.0,US,USA,840,25003.0,berkshire,"Berkshire, Massachusetts, US",0,0,0,0
2020-02-24,us,massachusetts,42.37428441,-73.20524838,84025003.0,US,USA,840,25003.0,berkshire,"Berkshire, Massachusetts, US",0,0,0,0
2020-02-25,us,massachusetts,42.37428441,-73.20524838,84025003.0,US,USA,840,25003.0,berkshire,"Berkshire, Massachusetts, US",0,0,0,0
2020-02-26,us,massachusetts,42.37428441,-73.20524838,84025003.0,US,USA,840,25003.0,berkshire,"Berkshire, Massachusetts, US",0,0,0,0
2020-02-27,us,massachusetts,42.37428441,-73.20524838,84025003.0,US,USA,840,25003.0,berkshire,"Berkshire, Massachusetts, US",0,0,0,0
2020-02-28,us,massachusetts,42.37428441,-73.20524838,84025003.0,US,USA,840,25003.0,berkshire,"Berkshire, Massachusetts, US",0,0,0,0
2020-02-29,us,massachusetts,42.37428441,-73.20524838,84025003.0,US,USA,840,25003.0,berkshire,"Berkshire, Massachusetts, US",0,0,0,0
2020-03-01,us,massachusetts,42.37428441,-73.20524838,84025003.0,US,USA,840,25003.0,berkshire,"Berkshire, Massachusetts, US",0,0,0,0
2020-03-02,us,massachusetts,42.37428441,-73.20524838,84025003.0,US,USA,840,25003.0,berkshire,"Berkshire, Massachusetts, US",0,0,0,0
2020-03-03,us,massachusetts,42.37428441,-73.20524838,84025003.0,US,USA,840,25003.0,berkshire,"Berkshire, Massachusetts, US",0,0,0,0
2020-03-04,us,massachusetts,42.37428441,-73.20524838,84025003.0,US,USA,840,25003.0,berkshire,"Berkshire, Massachusetts, US",0,0,0,0
2020-03-05,us,massachusetts,42.37428441,-73.20524838,84025003.0,US,USA,840,25003.0,berkshire,"Berkshire, Massachusetts, US",0,0,0,0
2020-03-06,us,massachusetts,42.37428441,-73.20524838,84025003.0,US,USA,840,25003.0,berkshire,"Berkshire, Massachusetts, US",0,0,0,0
2020-03-07,us,massachusetts,42.37428441,-73.20524838,84025003.0,US,USA,840,25003.0,berkshire,"Berkshire, Massachusetts, US",0,0,0,0
2020-03-08,us,massachusetts,42.37428441,-73.20524838,84025003.0,US,USA,840,25003.0,berkshire,"Berkshire, Massachusetts, US",1,1,0,0
2020-03-09,us,massachusetts,42.37428441,-73.20524838,84025003.0,US,USA,840,25003.0,berkshire,"Berkshire, Massachusetts, US",1,0,0,0
2020-03-10,us,massachusetts,42.37428441,-73.20524838,84025003.0,US,USA,840,25003.0,berkshire,"Berkshire, Massachusetts, US",5,4,0,0
2020-03-11,us,massachusetts,42.37428441,-73.20524838,84025003.0,US,USA,840,25003.0,berkshire,"Berkshire, Massachusetts, US",7,2,0,0
2020-03-12,us,massachusetts,42.37428441,-73.20524838,84025003.0,US,USA,840,25003.0,berkshire,"Berkshire, Massachusetts, US",9,2,0,0
2020-03-13,us,massachusetts,42.37428441,-73.20524838,84025003.0,US,USA,840,25003.0,berkshire,"Berkshire, Massachusetts, US",9,0,0,0
2020-03-14,us,massachusetts,42.37428441,-73.20524838,84025003.0,US,USA,840,25003.0,berkshire,"Berkshire, Massachusetts, US",9,0,0,0
2020-03-15,us,massachusetts,42.37428441,-73.20524838,84025003.0,US,USA,840,25003.0,berkshire,"Berkshire, Massachusetts, US",9,0,0,0
2020-03-16,us,massachusetts,42.37428441,-73.20524838,84025003.0,US,USA,840,25003.0,berkshire,"Berkshire, Massachusetts, US",11,2,0,0
2020-03-17,us,massachusetts,42.37428441,-73.20524838,84025003.0,US,USA,840,25003.0,berkshire,"Berkshire, Massachusetts, US",14,3,0,0
2020-03-18,us,massachusetts,42.37428441,-73.20524838,84025003.0,US,USA,840,25003.0,berkshire,"Berkshire, Massachusetts, US",17,3,0,0
2020-03-19,us,massachusetts,42.37428441,-73.20524838,84025003.0,US,USA,840,25003.0,berkshire,"Berkshire, Massachusetts, US",18,1,0,0
2020-03-20,us,massachusetts,42.37428441,-73.20524838,84025003.0,US,USA,840,25003.0,berkshire,"Berkshire, Massachusetts, US",20,2,0,0
2020-03-21,us,massachusetts,42.37428441,-73.20524838,84025003.0,US,USA,840,25003.0,berkshire,"Berkshire, Massachusetts, US",21,1,0,0
2020-03-22,us,massachusetts,42.37428441,-73.20524838,84025003.0,US,USA,840,25003.0,berkshire,"Berkshire, Massachusetts, US",23,2,0,0
2020-03-23,us,massachusetts,42.37428441,-73.20524838,84025003.0,US,USA,840,25003.0,berkshire,"Berkshire, Massachusetts, US",26,3,0,0
2020-03-24,us,massachusetts,42.37428441,-73.20524838,84025003.0,US,USA,840,25003.0,berkshire,"Berkshire, Massachusetts, US",37,11,0,0
2020-03-25,us,massachusetts,42.37428441,-73.20524838,84025003.0,US,USA,840,25003.0,berkshire,"Berkshire, Massachusetts, US",71,34,0,0
2020-03-26,us,massachusetts,42.37428441,-73.20524838,84025003.0,US,USA,840,25003.0,berkshire,"Berkshire, Massachusetts, US",73,2,0,0
2020-03-27,us,massachusetts,42.37428441,-73.20524838,84025003.0,US,USA,840,25003.0,berkshire,"Berkshire, Massachusetts, US",105,32,2,2
2020-03-28,us,massachusetts,42.37428441,-73.20524838,84025003.0,US,USA,840,25003.0,berkshire,"Berkshire, Massachusetts, US",119,14,2,0
2020-03-29,us,massachusetts,42.37428441,-73.20524838,84025003.0,US,USA,840,25003.0,berkshire,"Berkshire, Massachusetts, US",151,32,3,1
2020-03-30,us,massachusetts,42.37428441,-73.20524838,84025003.0,US,USA,840,25003.0,berkshire,"Berkshire, Massachusetts, US",162,11,3,0
2020-03-31,us,massachusetts,42.37428441,-73.20524838,84025003.0,US,USA,840,25003.0,berkshire,"Berkshire, Massachusetts, US",171,9,4,1
2020-04-01,us,massachusetts,42.37428441,-73.20524838,84025003.0,US,USA,840,25003.0,berkshire,"Berkshire, Massachusetts, US",183,12,4,0
2020-04-02,us,massachusetts,42.37428441,-73.20524838,84025003.0,US,USA,840,25003.0,berkshire,"Berkshire, Massachusetts, US",213,30,5,1
2020-04-03,us,massachusetts,42.37428441,-73.20524838,84025003.0,US,USA,840,25003.0,berkshire,"Berkshire, Massachusetts, US",240,27,5,0
2020-04-04,us,massachusetts,42.37428441,-73.20524838,84025003.0,US,USA,840,25003.0,berkshire,"Berkshire, Massachusetts, US",253,13,8,3
2020-04-05,us,massachusetts,42.37428441,-73.20524838,84025003.0,US,USA,840,25003.0,berkshire,"Berkshire, Massachusetts, US",258,5,11,3
2020-04-06,us,massachusetts,42.37428441,-73.20524838,84025003.0,US,USA,840,25003.0,berkshire,"Berkshire, Massachusetts, US",268,10,11,0
2020-04-07,us,massachusetts,42.37428441,-73.20524838,84025003.0,US,USA,840,25003.0,berkshire,"Berkshire, Massachusetts, US",278,10,16,5
2020-04-08,us,massachusetts,42.37428441,-73.20524838,84025003.0,US,USA,840,25003.0,berkshire,"Berkshire, Massachusetts, US",281,3,18,2
2020-04-09,us,massachusetts,42.37428441,-73.20524838,84025003.0,US,USA,840,25003.0,berkshire,"Berkshire, Massachusetts, US",304,23,18,0
2020-04-10,us,massachusetts,42.37428441,-73.20524838,84025003.0,US,USA,840,25003.0,berkshire,"Berkshire, Massachusetts, US",329,25,18,0
2020-04-11,us,massachusetts,42.37428441,-73.20524838,84025003.0,US,USA,840,25003.0,berkshire,"Berkshire, Massachusetts, US",336,7,20,2
2020-04-12,us,massachusetts,42.37428441,-73.20524838,84025003.0,US,USA,840,25003.0,berkshire,"Berkshire, Massachusetts, US",350,14,20,0
2020-04-13,us,massachusetts,42.37428441,-73.20524838,84025003.0,US,USA,840,25003.0,berkshire,"Berkshire, Massachusetts, US",355,5,20,0
2020-04-14,us,massachusetts,42.37428441,-73.20524838,84025003.0,US,USA,840,25003.0,berkshire,"Berkshire, Massachusetts, US",360,5,20,0
2020-04-15,us,massachusetts,42.37428441,-73.20524838,84025003.0,US,USA,840,25003.0,berkshire,"Berkshire, Massachusetts, US",370,10,21,1
2020-04-16,us,massachusetts,42.37428441,-73.20524838,84025003.0,US,USA,840,25003.0,berkshire,"Berkshire, Massachusetts, US",382,12,21,0
2020-04-17,us,massachusetts,42.37428441,-73.20524838,84025003.0,US,USA,840,25003.0,berkshire,"Berkshire, Massachusetts, US",383,1,24,3
2020-04-18,us,massachusetts,42.37428441,-73.20524838,84025003.0,US,USA,840,25003.0,berkshire,"Berkshire, Massachusetts, US",385,2,24,0
2020-04-19,us,massachusetts,42.37428441,-73.20524838,84025003.0,US,USA,840,25003.0,berkshire,"Berkshire, Massachusetts, US",387,2,27,3
2020-04-20,us,massachusetts,42.37428441,-73.20524838,84025003.0,US,USA,840,25003.0,berkshire,"Berkshire, Massachusetts, US",387,0,27,0
2020-04-21,us,massachusetts,42.37428441,-73.20524838,84025003.0,US,USA,840,25003.0,berkshire,"Berkshire, Massachusetts, US",404,17,29,2
2020-04-22,us,massachusetts,42.37428441,-73.20524838,84025003.0,US,USA,840,25003.0,berkshire,"Berkshire, Massachusetts, US",404,0,29,0
2020-04-23,us,massachusetts,42.37428441,-73.20524838,84025003.0,US,USA,840,25003.0,berkshire,"Berkshire, Massachusetts, US",418,14,29,0
2020-04-24,us,massachusetts,42.37428441,-73.20524838,84025003.0,US,USA,840,25003.0,berkshire,"Berkshire, Massachusetts, US",425,7,29,0
2020-04-25,us,massachusetts,42.37428441,-73.20524838,84025003.0,US,USA,840,25003.0,berkshire,"Berkshire, Massachusetts, US",425,0,31,2
2020-04-26,us,massachusetts,42.37428441,-73.20524838,84025003.0,US,USA,840,25003.0,berkshire,"Berkshire, Massachusetts, US",428,3,31,0
2020-04-27,us,massachusetts,42.37428441,-73.20524838,84025003.0,US,USA,840,25003.0,berkshire,"Berkshire, Massachusetts, US",428,0,31,0
2020-04-28,us,massachusetts,42.37428441,-73.20524838,84025003.0,US,USA,840,25003.0,berkshire,"Berkshire, Massachusetts, US",430,2,31,0
2020-04-29,us,massachusetts,42.37428441,-73.20524838,84025003.0,US,USA,840,25003.0,berkshire,"Berkshire, Massachusetts, US",440,10,34,3
2020-04-30,us,massachusetts,42.37428441,-73.20524838,84025003.0,US,USA,840,25003.0,berkshire,"Berkshire, Massachusetts, US",442,2,35,1
2020-05-01,us,massachusetts,42.37428441,-73.20524838,84025003.0,US,USA,840,25003.0,berkshire,"Berkshire, Massachusetts, US",444,2,36,1
2020-05-02,us,massachusetts,42.37428441,-73.20524838,84025003.0,US,USA,840,25003.0,berkshire,"Berkshire, Massachusetts, US",448,4,36,0
2020-05-03,us,massachusetts,42.37428441,-73.20524838,84025003.0,US,USA,840,25003.0,berkshire,"Berkshire, Massachusetts, US",451,3,36,0
