date,country,state,lat,long,UID,iso2,iso3,code3,FIPS,region,Combined_Key,confirmed,confirmed_new,deaths,deaths_new
2020-01-22,us,washington,45.77568046,-122.4829204,84053011.0,US,USA,840,53011.0,clark,"Clark, Washington, US",0,0,0,0
2020-01-23,us,washington,45.77568046,-122.4829204,84053011.0,US,USA,840,53011.0,clark,"Clark, Washington, US",0,0,0,0
2020-01-24,us,washington,45.77568046,-122.4829204,84053011.0,US,USA,840,53011.0,clark,"Clark, Washington, US",0,0,0,0
2020-01-25,us,washington,45.77568046,-122.4829204,84053011.0,US,USA,840,53011.0,clark,"Clark, Washington, US",0,0,0,0
2020-01-26,us,washington,45.77568046,-122.4829204,84053011.0,US,USA,840,53011.0,clark,"Clark, Washington, US",0,0,0,0
2020-01-27,us,washington,45.77568046,-122.4829204,84053011.0,US,USA,840,53011.0,clark,"Clark, Washington, US",0,0,0,0
2020-01-28,us,washington,45.77568046,-122.4829204,84053011.0,US,USA,840,53011.0,clark,"Clark, Washington, US",0,0,0,0
2020-01-29,us,washington,45.77568046,-122.4829204,84053011.0,US,USA,840,53011.0,clark,"Clark, Washington, US",0,0,0,0
2020-01-30,us,washington,45.77568046,-122.4829204,84053011.0,US,USA,840,53011.0,clark,"Clark, Washington, US",0,0,0,0
2020-01-31,us,washington,45.77568046,-122.4829204,84053011.0,US,USA,840,53011.0,clark,"Clark, Washington, US",0,0,0,0
2020-02-01,us,washington,45.77568046,-122.4829204,84053011.0,US,USA,840,53011.0,clark,"Clark, Washington, US",0,0,0,0
2020-02-02,us,washington,45.77568046,-122.4829204,84053011.0,US,USA,840,53011.0,clark,"Clark, Washington, US",0,0,0,0
2020-02-03,us,washington,45.77568046,-122.4829204,84053011.0,US,USA,840,53011.0,clark,"Clark, Washington, US",0,0,0,0
2020-02-04,us,washington,45.77568046,-122.4829204,84053011.0,US,USA,840,53011.0,clark,"Clark, Washington, US",0,0,0,0
2020-02-05,us,washington,45.77568046,-122.4829204,84053011.0,US,USA,840,53011.0,clark,"Clark, Washington, US",0,0,0,0
2020-02-06,us,washington,45.77568046,-122.4829204,84053011.0,US,USA,840,53011.0,clark,"Clark, Washington, US",0,0,0,0
2020-02-07,us,washington,45.77568046,-122.4829204,84053011.0,US,USA,840,53011.0,clark,"Clark, Washington, US",0,0,0,0
2020-02-08,us,washington,45.77568046,-122.4829204,84053011.0,US,USA,840,53011.0,clark,"Clark, Washington, US",0,0,0,0
2020-02-09,us,washington,45.77568046,-122.4829204,84053011.0,US,USA,840,53011.0,clark,"Clark, Washington, US",0,0,0,0
2020-02-10,us,washington,45.77568046,-122.4829204,84053011.0,US,USA,840,53011.0,clark,"Clark, Washington, US",0,0,0,0
2020-02-11,us,washington,45.77568046,-122.4829204,84053011.0,US,USA,840,53011.0,clark,"Clark, Washington, US",0,0,0,0
2020-02-12,us,washington,45.77568046,-122.4829204,84053011.0,US,USA,840,53011.0,clark,"Clark, Washington, US",0,0,0,0
2020-02-13,us,washington,45.77568046,-122.4829204,84053011.0,US,USA,840,53011.0,clark,"Clark, Washington, US",0,0,0,0
2020-02-14,us,washington,45.77568046,-122.4829204,84053011.0,US,USA,840,53011.0,clark,"Clark, Washington, US",0,0,0,0
2020-02-15,us,washington,45.77568046,-122.4829204,84053011.0,US,USA,840,53011.0,clark,"Clark, Washington, US",0,0,0,0
2020-02-16,us,washington,45.77568046,-122.4829204,84053011.0,US,USA,840,53011.0,clark,"Clark, Washington, US",0,0,0,0
2020-02-17,us,washington,45.77568046,-122.4829204,84053011.0,US,USA,840,53011.0,clark,"Clark, Washington, US",0,0,0,0
2020-02-18,us,washington,45.77568046,-122.4829204,84053011.0,US,USA,840,53011.0,clark,"Clark, Washington, US",0,0,0,0
2020-02-19,us,washington,45.77568046,-122.4829204,84053011.0,US,USA,840,53011.0,clark,"Clark, Washington, US",0,0,0,0
2020-02-20,us,washington,45.77568046,-122.4829204,84053011.0,US,USA,840,53011.0,clark,"Clark, Washington, US",0,0,0,0
2020-02-21,us,washington,45.77568046,-122.4829204,84053011.0,US,USA,840,53011.0,clark,"Clark, Washington, US",0,0,0,0
2020-02-22,us,washington,45.77568046,-122.4829204,84053011.0,US,USA,840,53011.0,clark,"Clark, Washington, US",0,0,0,0
2020-02-23,us,washington,45.77568046,-122.4829204,84053011.0,US,USA,840,53011.0,clark,"Clark, Washington, US",0,0,0,0
2020-02-24,us,washington,45.77568046,-122.4829204,84053011.0,US,USA,840,53011.0,clark,"Clark, Washington, US",0,0,0,0
2020-02-25,us,washington,45.77568046,-122.4829204,84053011.0,US,USA,840,53011.0,clark,"Clark, Washington, US",0,0,0,0
2020-02-26,us,washington,45.77568046,-122.4829204,84053011.0,US,USA,840,53011.0,clark,"Clark, Washington, US",0,0,0,0
2020-02-27,us,washington,45.77568046,-122.4829204,84053011.0,US,USA,840,53011.0,clark,"Clark, Washington, US",0,0,0,0
2020-02-28,us,washington,45.77568046,-122.4829204,84053011.0,US,USA,840,53011.0,clark,"Clark, Washington, US",0,0,0,0
2020-02-29,us,washington,45.77568046,-122.4829204,84053011.0,US,USA,840,53011.0,clark,"Clark, Washington, US",0,0,0,0
2020-03-01,us,washington,45.77568046,-122.4829204,84053011.0,US,USA,840,53011.0,clark,"Clark, Washington, US",0,0,0,0
2020-03-02,us,washington,45.77568046,-122.4829204,84053011.0,US,USA,840,53011.0,clark,"Clark, Washington, US",0,0,0,0
2020-03-03,us,washington,45.77568046,-122.4829204,84053011.0,US,USA,840,53011.0,clark,"Clark, Washington, US",0,0,0,0
2020-03-04,us,washington,45.77568046,-122.4829204,84053011.0,US,USA,840,53011.0,clark,"Clark, Washington, US",0,0,0,0
2020-03-05,us,washington,45.77568046,-122.4829204,84053011.0,US,USA,840,53011.0,clark,"Clark, Washington, US",0,0,0,0
2020-03-06,us,washington,45.77568046,-122.4829204,84053011.0,US,USA,840,53011.0,clark,"Clark, Washington, US",0,0,0,0
2020-03-07,us,washington,45.77568046,-122.4829204,84053011.0,US,USA,840,53011.0,clark,"Clark, Washington, US",1,1,0,0
2020-03-08,us,washington,45.77568046,-122.4829204,84053011.0,US,USA,840,53011.0,clark,"Clark, Washington, US",1,0,0,0
2020-03-09,us,washington,45.77568046,-122.4829204,84053011.0,US,USA,840,53011.0,clark,"Clark, Washington, US",1,0,0,0
2020-03-10,us,washington,45.77568046,-122.4829204,84053011.0,US,USA,840,53011.0,clark,"Clark, Washington, US",1,0,0,0
2020-03-11,us,washington,45.77568046,-122.4829204,84053011.0,US,USA,840,53011.0,clark,"Clark, Washington, US",1,0,0,0
2020-03-12,us,washington,45.77568046,-122.4829204,84053011.0,US,USA,840,53011.0,clark,"Clark, Washington, US",1,0,0,0
2020-03-13,us,washington,45.77568046,-122.4829204,84053011.0,US,USA,840,53011.0,clark,"Clark, Washington, US",3,2,0,0
2020-03-14,us,washington,45.77568046,-122.4829204,84053011.0,US,USA,840,53011.0,clark,"Clark, Washington, US",3,0,0,0
2020-03-15,us,washington,45.77568046,-122.4829204,84053011.0,US,USA,840,53011.0,clark,"Clark, Washington, US",3,0,0,0
2020-03-16,us,washington,45.77568046,-122.4829204,84053011.0,US,USA,840,53011.0,clark,"Clark, Washington, US",4,1,0,0
2020-03-17,us,washington,45.77568046,-122.4829204,84053011.0,US,USA,840,53011.0,clark,"Clark, Washington, US",4,0,2,2
2020-03-18,us,washington,45.77568046,-122.4829204,84053011.0,US,USA,840,53011.0,clark,"Clark, Washington, US",4,0,3,1
2020-03-19,us,washington,45.77568046,-122.4829204,84053011.0,US,USA,840,53011.0,clark,"Clark, Washington, US",4,0,3,0
2020-03-20,us,washington,45.77568046,-122.4829204,84053011.0,US,USA,840,53011.0,clark,"Clark, Washington, US",6,2,3,0
2020-03-21,us,washington,45.77568046,-122.4829204,84053011.0,US,USA,840,53011.0,clark,"Clark, Washington, US",9,3,3,0
2020-03-22,us,washington,45.77568046,-122.4829204,84053011.0,US,USA,840,53011.0,clark,"Clark, Washington, US",10,1,3,0
2020-03-23,us,washington,45.77568046,-122.4829204,84053011.0,US,USA,840,53011.0,clark,"Clark, Washington, US",13,3,3,0
2020-03-24,us,washington,45.77568046,-122.4829204,84053011.0,US,USA,840,53011.0,clark,"Clark, Washington, US",13,0,4,1
2020-03-25,us,washington,45.77568046,-122.4829204,84053011.0,US,USA,840,53011.0,clark,"Clark, Washington, US",16,3,4,0
2020-03-26,us,washington,45.77568046,-122.4829204,84053011.0,US,USA,840,53011.0,clark,"Clark, Washington, US",48,32,5,1
2020-03-27,us,washington,45.77568046,-122.4829204,84053011.0,US,USA,840,53011.0,clark,"Clark, Washington, US",76,28,6,1
2020-03-28,us,washington,45.77568046,-122.4829204,84053011.0,US,USA,840,53011.0,clark,"Clark, Washington, US",82,6,6,0
2020-03-29,us,washington,45.77568046,-122.4829204,84053011.0,US,USA,840,53011.0,clark,"Clark, Washington, US",90,8,6,0
2020-03-30,us,washington,45.77568046,-122.4829204,84053011.0,US,USA,840,53011.0,clark,"Clark, Washington, US",90,0,6,0
2020-03-31,us,washington,45.77568046,-122.4829204,84053011.0,US,USA,840,53011.0,clark,"Clark, Washington, US",116,26,6,0
2020-04-01,us,washington,45.77568046,-122.4829204,84053011.0,US,USA,840,53011.0,clark,"Clark, Washington, US",130,14,6,0
2020-04-02,us,washington,45.77568046,-122.4829204,84053011.0,US,USA,840,53011.0,clark,"Clark, Washington, US",131,1,8,2
2020-04-03,us,washington,45.77568046,-122.4829204,84053011.0,US,USA,840,53011.0,clark,"Clark, Washington, US",137,6,8,0
2020-04-04,us,washington,45.77568046,-122.4829204,84053011.0,US,USA,840,53011.0,clark,"Clark, Washington, US",137,0,8,0
2020-04-05,us,washington,45.77568046,-122.4829204,84053011.0,US,USA,840,53011.0,clark,"Clark, Washington, US",137,0,8,0
2020-04-06,us,washington,45.77568046,-122.4829204,84053011.0,US,USA,840,53011.0,clark,"Clark, Washington, US",168,31,11,3
2020-04-07,us,washington,45.77568046,-122.4829204,84053011.0,US,USA,840,53011.0,clark,"Clark, Washington, US",185,17,13,2
2020-04-08,us,washington,45.77568046,-122.4829204,84053011.0,US,USA,840,53011.0,clark,"Clark, Washington, US",190,5,13,0
2020-04-09,us,washington,45.77568046,-122.4829204,84053011.0,US,USA,840,53011.0,clark,"Clark, Washington, US",206,16,14,1
2020-04-10,us,washington,45.77568046,-122.4829204,84053011.0,US,USA,840,53011.0,clark,"Clark, Washington, US",206,0,14,0
2020-04-11,us,washington,45.77568046,-122.4829204,84053011.0,US,USA,840,53011.0,clark,"Clark, Washington, US",220,14,14,0
2020-04-12,us,washington,45.77568046,-122.4829204,84053011.0,US,USA,840,53011.0,clark,"Clark, Washington, US",220,0,14,0
2020-04-13,us,washington,45.77568046,-122.4829204,84053011.0,US,USA,840,53011.0,clark,"Clark, Washington, US",239,19,15,1
2020-04-14,us,washington,45.77568046,-122.4829204,84053011.0,US,USA,840,53011.0,clark,"Clark, Washington, US",250,11,15,0
2020-04-15,us,washington,45.77568046,-122.4829204,84053011.0,US,USA,840,53011.0,clark,"Clark, Washington, US",258,8,15,0
2020-04-16,us,washington,45.77568046,-122.4829204,84053011.0,US,USA,840,53011.0,clark,"Clark, Washington, US",265,7,15,0
2020-04-17,us,washington,45.77568046,-122.4829204,84053011.0,US,USA,840,53011.0,clark,"Clark, Washington, US",277,12,16,1
2020-04-18,us,washington,45.77568046,-122.4829204,84053011.0,US,USA,840,53011.0,clark,"Clark, Washington, US",277,0,16,0
2020-04-19,us,washington,45.77568046,-122.4829204,84053011.0,US,USA,840,53011.0,clark,"Clark, Washington, US",277,0,16,0
2020-04-20,us,washington,45.77568046,-122.4829204,84053011.0,US,USA,840,53011.0,clark,"Clark, Washington, US",296,19,16,0
2020-04-21,us,washington,45.77568046,-122.4829204,84053011.0,US,USA,840,53011.0,clark,"Clark, Washington, US",306,10,16,0
2020-04-22,us,washington,45.77568046,-122.4829204,84053011.0,US,USA,840,53011.0,clark,"Clark, Washington, US",313,7,16,0
2020-04-23,us,washington,45.77568046,-122.4829204,84053011.0,US,USA,840,53011.0,clark,"Clark, Washington, US",291,-22,15,-1
2020-04-24,us,washington,45.77568046,-122.4829204,84053011.0,US,USA,840,53011.0,clark,"Clark, Washington, US",293,2,16,1
2020-04-25,us,washington,45.77568046,-122.4829204,84053011.0,US,USA,840,53011.0,clark,"Clark, Washington, US",296,3,18,2
2020-04-26,us,washington,45.77568046,-122.4829204,84053011.0,US,USA,840,53011.0,clark,"Clark, Washington, US",297,1,18,0
2020-04-27,us,washington,45.77568046,-122.4829204,84053011.0,US,USA,840,53011.0,clark,"Clark, Washington, US",308,11,18,0
2020-04-28,us,washington,45.77568046,-122.4829204,84053011.0,US,USA,840,53011.0,clark,"Clark, Washington, US",313,5,18,0
2020-04-29,us,washington,45.77568046,-122.4829204,84053011.0,US,USA,840,53011.0,clark,"Clark, Washington, US",317,4,19,1
2020-04-30,us,washington,45.77568046,-122.4829204,84053011.0,US,USA,840,53011.0,clark,"Clark, Washington, US",321,4,19,0
