date,country,state,lat,long,UID,iso2,iso3,code3,FIPS,region,Combined_Key,confirmed,confirmed_new,deaths,deaths_new
2020-01-22,us,washington,47.20753737,-119.4500749,84053025.0,US,USA,840,53025.0,grant,"Grant, Washington, US",0,0,0,0
2020-01-23,us,washington,47.20753737,-119.4500749,84053025.0,US,USA,840,53025.0,grant,"Grant, Washington, US",0,0,0,0
2020-01-24,us,washington,47.20753737,-119.4500749,84053025.0,US,USA,840,53025.0,grant,"Grant, Washington, US",0,0,0,0
2020-01-25,us,washington,47.20753737,-119.4500749,84053025.0,US,USA,840,53025.0,grant,"Grant, Washington, US",0,0,0,0
2020-01-26,us,washington,47.20753737,-119.4500749,84053025.0,US,USA,840,53025.0,grant,"Grant, Washington, US",0,0,0,0
2020-01-27,us,washington,47.20753737,-119.4500749,84053025.0,US,USA,840,53025.0,grant,"Grant, Washington, US",0,0,0,0
2020-01-28,us,washington,47.20753737,-119.4500749,84053025.0,US,USA,840,53025.0,grant,"Grant, Washington, US",0,0,0,0
2020-01-29,us,washington,47.20753737,-119.4500749,84053025.0,US,USA,840,53025.0,grant,"Grant, Washington, US",0,0,0,0
2020-01-30,us,washington,47.20753737,-119.4500749,84053025.0,US,USA,840,53025.0,grant,"Grant, Washington, US",0,0,0,0
2020-01-31,us,washington,47.20753737,-119.4500749,84053025.0,US,USA,840,53025.0,grant,"Grant, Washington, US",0,0,0,0
2020-02-01,us,washington,47.20753737,-119.4500749,84053025.0,US,USA,840,53025.0,grant,"Grant, Washington, US",0,0,0,0
2020-02-02,us,washington,47.20753737,-119.4500749,84053025.0,US,USA,840,53025.0,grant,"Grant, Washington, US",0,0,0,0
2020-02-03,us,washington,47.20753737,-119.4500749,84053025.0,US,USA,840,53025.0,grant,"Grant, Washington, US",0,0,0,0
2020-02-04,us,washington,47.20753737,-119.4500749,84053025.0,US,USA,840,53025.0,grant,"Grant, Washington, US",0,0,0,0
2020-02-05,us,washington,47.20753737,-119.4500749,84053025.0,US,USA,840,53025.0,grant,"Grant, Washington, US",0,0,0,0
2020-02-06,us,washington,47.20753737,-119.4500749,84053025.0,US,USA,840,53025.0,grant,"Grant, Washington, US",0,0,0,0
2020-02-07,us,washington,47.20753737,-119.4500749,84053025.0,US,USA,840,53025.0,grant,"Grant, Washington, US",0,0,0,0
2020-02-08,us,washington,47.20753737,-119.4500749,84053025.0,US,USA,840,53025.0,grant,"Grant, Washington, US",0,0,0,0
2020-02-09,us,washington,47.20753737,-119.4500749,84053025.0,US,USA,840,53025.0,grant,"Grant, Washington, US",0,0,0,0
2020-02-10,us,washington,47.20753737,-119.4500749,84053025.0,US,USA,840,53025.0,grant,"Grant, Washington, US",0,0,0,0
2020-02-11,us,washington,47.20753737,-119.4500749,84053025.0,US,USA,840,53025.0,grant,"Grant, Washington, US",0,0,0,0
2020-02-12,us,washington,47.20753737,-119.4500749,84053025.0,US,USA,840,53025.0,grant,"Grant, Washington, US",0,0,0,0
2020-02-13,us,washington,47.20753737,-119.4500749,84053025.0,US,USA,840,53025.0,grant,"Grant, Washington, US",0,0,0,0
2020-02-14,us,washington,47.20753737,-119.4500749,84053025.0,US,USA,840,53025.0,grant,"Grant, Washington, US",0,0,0,0
2020-02-15,us,washington,47.20753737,-119.4500749,84053025.0,US,USA,840,53025.0,grant,"Grant, Washington, US",0,0,0,0
2020-02-16,us,washington,47.20753737,-119.4500749,84053025.0,US,USA,840,53025.0,grant,"Grant, Washington, US",0,0,0,0
2020-02-17,us,washington,47.20753737,-119.4500749,84053025.0,US,USA,840,53025.0,grant,"Grant, Washington, US",0,0,0,0
2020-02-18,us,washington,47.20753737,-119.4500749,84053025.0,US,USA,840,53025.0,grant,"Grant, Washington, US",0,0,0,0
2020-02-19,us,washington,47.20753737,-119.4500749,84053025.0,US,USA,840,53025.0,grant,"Grant, Washington, US",0,0,0,0
2020-02-20,us,washington,47.20753737,-119.4500749,84053025.0,US,USA,840,53025.0,grant,"Grant, Washington, US",0,0,0,0
2020-02-21,us,washington,47.20753737,-119.4500749,84053025.0,US,USA,840,53025.0,grant,"Grant, Washington, US",0,0,0,0
2020-02-22,us,washington,47.20753737,-119.4500749,84053025.0,US,USA,840,53025.0,grant,"Grant, Washington, US",0,0,0,0
2020-02-23,us,washington,47.20753737,-119.4500749,84053025.0,US,USA,840,53025.0,grant,"Grant, Washington, US",0,0,0,0
2020-02-24,us,washington,47.20753737,-119.4500749,84053025.0,US,USA,840,53025.0,grant,"Grant, Washington, US",0,0,0,0
2020-02-25,us,washington,47.20753737,-119.4500749,84053025.0,US,USA,840,53025.0,grant,"Grant, Washington, US",0,0,0,0
2020-02-26,us,washington,47.20753737,-119.4500749,84053025.0,US,USA,840,53025.0,grant,"Grant, Washington, US",0,0,0,0
2020-02-27,us,washington,47.20753737,-119.4500749,84053025.0,US,USA,840,53025.0,grant,"Grant, Washington, US",0,0,0,0
2020-02-28,us,washington,47.20753737,-119.4500749,84053025.0,US,USA,840,53025.0,grant,"Grant, Washington, US",0,0,0,0
2020-02-29,us,washington,47.20753737,-119.4500749,84053025.0,US,USA,840,53025.0,grant,"Grant, Washington, US",0,0,0,0
2020-03-01,us,washington,47.20753737,-119.4500749,84053025.0,US,USA,840,53025.0,grant,"Grant, Washington, US",0,0,0,0
2020-03-02,us,washington,47.20753737,-119.4500749,84053025.0,US,USA,840,53025.0,grant,"Grant, Washington, US",0,0,0,0
2020-03-03,us,washington,47.20753737,-119.4500749,84053025.0,US,USA,840,53025.0,grant,"Grant, Washington, US",0,0,0,0
2020-03-04,us,washington,47.20753737,-119.4500749,84053025.0,US,USA,840,53025.0,grant,"Grant, Washington, US",0,0,0,0
2020-03-05,us,washington,47.20753737,-119.4500749,84053025.0,US,USA,840,53025.0,grant,"Grant, Washington, US",1,1,0,0
2020-03-06,us,washington,47.20753737,-119.4500749,84053025.0,US,USA,840,53025.0,grant,"Grant, Washington, US",1,0,0,0
2020-03-07,us,washington,47.20753737,-119.4500749,84053025.0,US,USA,840,53025.0,grant,"Grant, Washington, US",1,0,0,0
2020-03-08,us,washington,47.20753737,-119.4500749,84053025.0,US,USA,840,53025.0,grant,"Grant, Washington, US",1,0,0,0
2020-03-09,us,washington,47.20753737,-119.4500749,84053025.0,US,USA,840,53025.0,grant,"Grant, Washington, US",1,0,1,1
2020-03-10,us,washington,47.20753737,-119.4500749,84053025.0,US,USA,840,53025.0,grant,"Grant, Washington, US",1,0,1,0
2020-03-11,us,washington,47.20753737,-119.4500749,84053025.0,US,USA,840,53025.0,grant,"Grant, Washington, US",1,0,1,0
2020-03-12,us,washington,47.20753737,-119.4500749,84053025.0,US,USA,840,53025.0,grant,"Grant, Washington, US",1,0,1,0
2020-03-13,us,washington,47.20753737,-119.4500749,84053025.0,US,USA,840,53025.0,grant,"Grant, Washington, US",1,0,1,0
2020-03-14,us,washington,47.20753737,-119.4500749,84053025.0,US,USA,840,53025.0,grant,"Grant, Washington, US",2,1,1,0
2020-03-15,us,washington,47.20753737,-119.4500749,84053025.0,US,USA,840,53025.0,grant,"Grant, Washington, US",2,0,1,0
2020-03-16,us,washington,47.20753737,-119.4500749,84053025.0,US,USA,840,53025.0,grant,"Grant, Washington, US",3,1,1,0
2020-03-17,us,washington,47.20753737,-119.4500749,84053025.0,US,USA,840,53025.0,grant,"Grant, Washington, US",7,4,1,0
2020-03-18,us,washington,47.20753737,-119.4500749,84053025.0,US,USA,840,53025.0,grant,"Grant, Washington, US",8,1,1,0
2020-03-19,us,washington,47.20753737,-119.4500749,84053025.0,US,USA,840,53025.0,grant,"Grant, Washington, US",8,0,1,0
2020-03-20,us,washington,47.20753737,-119.4500749,84053025.0,US,USA,840,53025.0,grant,"Grant, Washington, US",8,0,1,0
2020-03-21,us,washington,47.20753737,-119.4500749,84053025.0,US,USA,840,53025.0,grant,"Grant, Washington, US",11,3,1,0
2020-03-22,us,washington,47.20753737,-119.4500749,84053025.0,US,USA,840,53025.0,grant,"Grant, Washington, US",18,7,1,0
2020-03-23,us,washington,47.20753737,-119.4500749,84053025.0,US,USA,840,53025.0,grant,"Grant, Washington, US",23,5,1,0
2020-03-24,us,washington,47.20753737,-119.4500749,84053025.0,US,USA,840,53025.0,grant,"Grant, Washington, US",23,0,1,0
2020-03-25,us,washington,47.20753737,-119.4500749,84053025.0,US,USA,840,53025.0,grant,"Grant, Washington, US",27,4,1,0
2020-03-26,us,washington,47.20753737,-119.4500749,84053025.0,US,USA,840,53025.0,grant,"Grant, Washington, US",33,6,1,0
2020-03-27,us,washington,47.20753737,-119.4500749,84053025.0,US,USA,840,53025.0,grant,"Grant, Washington, US",39,6,1,0
2020-03-28,us,washington,47.20753737,-119.4500749,84053025.0,US,USA,840,53025.0,grant,"Grant, Washington, US",44,5,1,0
2020-03-29,us,washington,47.20753737,-119.4500749,84053025.0,US,USA,840,53025.0,grant,"Grant, Washington, US",50,6,1,0
2020-03-30,us,washington,47.20753737,-119.4500749,84053025.0,US,USA,840,53025.0,grant,"Grant, Washington, US",59,9,1,0
2020-03-31,us,washington,47.20753737,-119.4500749,84053025.0,US,USA,840,53025.0,grant,"Grant, Washington, US",63,4,1,0
2020-04-01,us,washington,47.20753737,-119.4500749,84053025.0,US,USA,840,53025.0,grant,"Grant, Washington, US",63,0,1,0
2020-04-02,us,washington,47.20753737,-119.4500749,84053025.0,US,USA,840,53025.0,grant,"Grant, Washington, US",73,10,1,0
2020-04-03,us,washington,47.20753737,-119.4500749,84053025.0,US,USA,840,53025.0,grant,"Grant, Washington, US",75,2,0,-1
2020-04-04,us,washington,47.20753737,-119.4500749,84053025.0,US,USA,840,53025.0,grant,"Grant, Washington, US",77,2,1,1
2020-04-05,us,washington,47.20753737,-119.4500749,84053025.0,US,USA,840,53025.0,grant,"Grant, Washington, US",80,3,2,1
2020-04-06,us,washington,47.20753737,-119.4500749,84053025.0,US,USA,840,53025.0,grant,"Grant, Washington, US",88,8,2,0
2020-04-07,us,washington,47.20753737,-119.4500749,84053025.0,US,USA,840,53025.0,grant,"Grant, Washington, US",88,0,2,0
2020-04-08,us,washington,47.20753737,-119.4500749,84053025.0,US,USA,840,53025.0,grant,"Grant, Washington, US",94,6,2,0
2020-04-09,us,washington,47.20753737,-119.4500749,84053025.0,US,USA,840,53025.0,grant,"Grant, Washington, US",95,1,2,0
2020-04-10,us,washington,47.20753737,-119.4500749,84053025.0,US,USA,840,53025.0,grant,"Grant, Washington, US",101,6,2,0
2020-04-11,us,washington,47.20753737,-119.4500749,84053025.0,US,USA,840,53025.0,grant,"Grant, Washington, US",110,9,2,0
2020-04-12,us,washington,47.20753737,-119.4500749,84053025.0,US,USA,840,53025.0,grant,"Grant, Washington, US",114,4,2,0
2020-04-13,us,washington,47.20753737,-119.4500749,84053025.0,US,USA,840,53025.0,grant,"Grant, Washington, US",120,6,2,0
2020-04-14,us,washington,47.20753737,-119.4500749,84053025.0,US,USA,840,53025.0,grant,"Grant, Washington, US",122,2,2,0
2020-04-15,us,washington,47.20753737,-119.4500749,84053025.0,US,USA,840,53025.0,grant,"Grant, Washington, US",122,0,2,0
2020-04-16,us,washington,47.20753737,-119.4500749,84053025.0,US,USA,840,53025.0,grant,"Grant, Washington, US",129,7,2,0
2020-04-17,us,washington,47.20753737,-119.4500749,84053025.0,US,USA,840,53025.0,grant,"Grant, Washington, US",133,4,2,0
2020-04-18,us,washington,47.20753737,-119.4500749,84053025.0,US,USA,840,53025.0,grant,"Grant, Washington, US",140,7,2,0
2020-04-19,us,washington,47.20753737,-119.4500749,84053025.0,US,USA,840,53025.0,grant,"Grant, Washington, US",143,3,2,0
2020-04-20,us,washington,47.20753737,-119.4500749,84053025.0,US,USA,840,53025.0,grant,"Grant, Washington, US",143,0,2,0
2020-04-21,us,washington,47.20753737,-119.4500749,84053025.0,US,USA,840,53025.0,grant,"Grant, Washington, US",143,0,2,0
2020-04-22,us,washington,47.20753737,-119.4500749,84053025.0,US,USA,840,53025.0,grant,"Grant, Washington, US",147,4,2,0
2020-04-23,us,washington,47.20753737,-119.4500749,84053025.0,US,USA,840,53025.0,grant,"Grant, Washington, US",146,-1,2,0
2020-04-24,us,washington,47.20753737,-119.4500749,84053025.0,US,USA,840,53025.0,grant,"Grant, Washington, US",149,3,2,0
2020-04-25,us,washington,47.20753737,-119.4500749,84053025.0,US,USA,840,53025.0,grant,"Grant, Washington, US",150,1,2,0
2020-04-26,us,washington,47.20753737,-119.4500749,84053025.0,US,USA,840,53025.0,grant,"Grant, Washington, US",150,0,2,0
2020-04-27,us,washington,47.20753737,-119.4500749,84053025.0,US,USA,840,53025.0,grant,"Grant, Washington, US",152,2,2,0
2020-04-28,us,washington,47.20753737,-119.4500749,84053025.0,US,USA,840,53025.0,grant,"Grant, Washington, US",155,3,3,1
