date,country,state,lat,long,confirmed,confirmed_new,deaths,deaths_new,recovered,recovered_new
2020-01-22,united-kingdom,channel-islands,49.3723,-2.3644,0,0,0,0,0.0,0.0
2020-01-23,united-kingdom,channel-islands,49.3723,-2.3644,0,0,0,0,0.0,0.0
2020-01-24,united-kingdom,channel-islands,49.3723,-2.3644,0,0,0,0,0.0,0.0
2020-01-25,united-kingdom,channel-islands,49.3723,-2.3644,0,0,0,0,0.0,0.0
2020-01-26,united-kingdom,channel-islands,49.3723,-2.3644,0,0,0,0,0.0,0.0
2020-01-27,united-kingdom,channel-islands,49.3723,-2.3644,0,0,0,0,0.0,0.0
2020-01-28,united-kingdom,channel-islands,49.3723,-2.3644,0,0,0,0,0.0,0.0
2020-01-29,united-kingdom,channel-islands,49.3723,-2.3644,0,0,0,0,0.0,0.0
2020-01-30,united-kingdom,channel-islands,49.3723,-2.3644,0,0,0,0,0.0,0.0
2020-01-31,united-kingdom,channel-islands,49.3723,-2.3644,0,0,0,0,0.0,0.0
2020-02-01,united-kingdom,channel-islands,49.3723,-2.3644,0,0,0,0,0.0,0.0
2020-02-02,united-kingdom,channel-islands,49.3723,-2.3644,0,0,0,0,0.0,0.0
2020-02-03,united-kingdom,channel-islands,49.3723,-2.3644,0,0,0,0,0.0,0.0
2020-02-04,united-kingdom,channel-islands,49.3723,-2.3644,0,0,0,0,0.0,0.0
2020-02-05,united-kingdom,channel-islands,49.3723,-2.3644,0,0,0,0,0.0,0.0
2020-02-06,united-kingdom,channel-islands,49.3723,-2.3644,0,0,0,0,0.0,0.0
2020-02-07,united-kingdom,channel-islands,49.3723,-2.3644,0,0,0,0,0.0,0.0
2020-02-08,united-kingdom,channel-islands,49.3723,-2.3644,0,0,0,0,0.0,0.0
2020-02-09,united-kingdom,channel-islands,49.3723,-2.3644,0,0,0,0,0.0,0.0
2020-02-10,united-kingdom,channel-islands,49.3723,-2.3644,0,0,0,0,0.0,0.0
2020-02-11,united-kingdom,channel-islands,49.3723,-2.3644,0,0,0,0,0.0,0.0
2020-02-12,united-kingdom,channel-islands,49.3723,-2.3644,0,0,0,0,0.0,0.0
2020-02-13,united-kingdom,channel-islands,49.3723,-2.3644,0,0,0,0,0.0,0.0
2020-02-14,united-kingdom,channel-islands,49.3723,-2.3644,0,0,0,0,0.0,0.0
2020-02-15,united-kingdom,channel-islands,49.3723,-2.3644,0,0,0,0,0.0,0.0
2020-02-16,united-kingdom,channel-islands,49.3723,-2.3644,0,0,0,0,0.0,0.0
2020-02-17,united-kingdom,channel-islands,49.3723,-2.3644,0,0,0,0,0.0,0.0
2020-02-18,united-kingdom,channel-islands,49.3723,-2.3644,0,0,0,0,0.0,0.0
2020-02-19,united-kingdom,channel-islands,49.3723,-2.3644,0,0,0,0,0.0,0.0
2020-02-20,united-kingdom,channel-islands,49.3723,-2.3644,0,0,0,0,0.0,0.0
2020-02-21,united-kingdom,channel-islands,49.3723,-2.3644,0,0,0,0,0.0,0.0
2020-02-22,united-kingdom,channel-islands,49.3723,-2.3644,0,0,0,0,0.0,0.0
2020-02-23,united-kingdom,channel-islands,49.3723,-2.3644,0,0,0,0,0.0,0.0
2020-02-24,united-kingdom,channel-islands,49.3723,-2.3644,0,0,0,0,0.0,0.0
2020-02-25,united-kingdom,channel-islands,49.3723,-2.3644,0,0,0,0,0.0,0.0
2020-02-26,united-kingdom,channel-islands,49.3723,-2.3644,0,0,0,0,0.0,0.0
2020-02-27,united-kingdom,channel-islands,49.3723,-2.3644,0,0,0,0,0.0,0.0
2020-02-28,united-kingdom,channel-islands,49.3723,-2.3644,0,0,0,0,0.0,0.0
2020-02-29,united-kingdom,channel-islands,49.3723,-2.3644,0,0,0,0,0.0,0.0
2020-03-01,united-kingdom,channel-islands,49.3723,-2.3644,0,0,0,0,0.0,0.0
2020-03-02,united-kingdom,channel-islands,49.3723,-2.3644,0,0,0,0,0.0,0.0
2020-03-03,united-kingdom,channel-islands,49.3723,-2.3644,0,0,0,0,0.0,0.0
2020-03-04,united-kingdom,channel-islands,49.3723,-2.3644,0,0,0,0,0.0,0.0
2020-03-05,united-kingdom,channel-islands,49.3723,-2.3644,0,0,0,0,0.0,0.0
2020-03-06,united-kingdom,channel-islands,49.3723,-2.3644,0,0,0,0,0.0,0.0
2020-03-07,united-kingdom,channel-islands,49.3723,-2.3644,0,0,0,0,0.0,0.0
2020-03-08,united-kingdom,channel-islands,49.3723,-2.3644,0,0,0,0,0.0,0.0
2020-03-09,united-kingdom,channel-islands,49.3723,-2.3644,0,0,0,0,0.0,0.0
2020-03-10,united-kingdom,channel-islands,49.3723,-2.3644,1,1,0,0,0.0,0.0
2020-03-11,united-kingdom,channel-islands,49.3723,-2.3644,2,1,0,0,0.0,0.0
2020-03-12,united-kingdom,channel-islands,49.3723,-2.3644,2,0,0,0,0.0,0.0
2020-03-13,united-kingdom,channel-islands,49.3723,-2.3644,2,0,0,0,0.0,0.0
2020-03-14,united-kingdom,channel-islands,49.3723,-2.3644,2,0,0,0,0.0,0.0
2020-03-15,united-kingdom,channel-islands,49.3723,-2.3644,3,1,0,0,0.0,0.0
2020-03-16,united-kingdom,channel-islands,49.3723,-2.3644,6,3,0,0,0.0,0.0
2020-03-17,united-kingdom,channel-islands,49.3723,-2.3644,6,0,0,0,0.0,0.0
2020-03-18,united-kingdom,channel-islands,49.3723,-2.3644,6,0,0,0,0.0,0.0
2020-03-19,united-kingdom,channel-islands,49.3723,-2.3644,11,5,0,0,0.0,0.0
2020-03-20,united-kingdom,channel-islands,49.3723,-2.3644,14,3,0,0,0.0,0.0
2020-03-21,united-kingdom,channel-islands,49.3723,-2.3644,32,18,0,0,0.0,0.0
2020-03-22,united-kingdom,channel-islands,49.3723,-2.3644,32,0,0,0,0.0,0.0
2020-03-23,united-kingdom,channel-islands,49.3723,-2.3644,36,4,0,0,0.0,0.0
2020-03-24,united-kingdom,channel-islands,49.3723,-2.3644,36,0,0,0,0.0,0.0
2020-03-25,united-kingdom,channel-islands,49.3723,-2.3644,46,10,0,0,0.0,0.0
2020-03-26,united-kingdom,channel-islands,49.3723,-2.3644,66,20,1,1,0.0,0.0
2020-03-27,united-kingdom,channel-islands,49.3723,-2.3644,88,22,1,0,0.0,0.0
2020-03-28,united-kingdom,channel-islands,49.3723,-2.3644,97,9,1,0,0.0,0.0
2020-03-29,united-kingdom,channel-islands,49.3723,-2.3644,108,11,2,1,0.0,0.0
2020-03-30,united-kingdom,channel-islands,49.3723,-2.3644,141,33,2,0,0.0,0.0
2020-03-31,united-kingdom,channel-islands,49.3723,-2.3644,141,0,3,1,0.0,0.0
2020-04-01,united-kingdom,channel-islands,49.3723,-2.3644,172,31,3,0,0.0,0.0
2020-04-02,united-kingdom,channel-islands,49.3723,-2.3644,193,21,3,0,0.0,0.0
2020-04-03,united-kingdom,channel-islands,49.3723,-2.3644,232,39,4,1,13.0,13.0
2020-04-04,united-kingdom,channel-islands,49.3723,-2.3644,262,30,5,1,13.0,0.0
2020-04-05,united-kingdom,channel-islands,49.3723,-2.3644,309,47,6,1,27.0,14.0
2020-04-06,united-kingdom,channel-islands,49.3723,-2.3644,323,14,7,1,27.0,0.0
2020-04-07,united-kingdom,channel-islands,49.3723,-2.3644,335,12,7,0,34.0,7.0
2020-04-08,united-kingdom,channel-islands,49.3723,-2.3644,351,16,8,1,38.0,4.0
2020-04-09,united-kingdom,channel-islands,49.3723,-2.3644,361,10,8,0,40.0,2.0
2020-04-10,united-kingdom,channel-islands,49.3723,-2.3644,398,37,9,1,40.0,0.0
2020-04-11,united-kingdom,channel-islands,49.3723,-2.3644,407,9,9,0,48.0,8.0
2020-04-12,united-kingdom,channel-islands,49.3723,-2.3644,431,24,9,0,48.0,0.0
2020-04-13,united-kingdom,channel-islands,49.3723,-2.3644,436,5,9,0,48.0,0.0
2020-04-14,united-kingdom,channel-islands,49.3723,-2.3644,440,4,13,4,48.0,0.0
2020-04-15,united-kingdom,channel-islands,49.3723,-2.3644,447,7,15,2,69.0,21.0
2020-04-16,united-kingdom,channel-islands,49.3723,-2.3644,457,10,19,4,73.0,4.0
2020-04-17,united-kingdom,channel-islands,49.3723,-2.3644,470,13,20,1,73.0,0.0
2020-04-18,united-kingdom,channel-islands,49.3723,-2.3644,484,14,21,1,73.0,0.0
2020-04-19,united-kingdom,channel-islands,49.3723,-2.3644,488,4,21,0,73.0,0.0
2020-04-20,united-kingdom,channel-islands,49.3723,-2.3644,488,0,24,3,73.0,0.0
2020-04-21,united-kingdom,channel-islands,49.3723,-2.3644,496,8,24,0,256.0,183.0
2020-04-22,united-kingdom,channel-islands,49.3723,-2.3644,498,2,28,4,285.0,29.0
2020-04-23,united-kingdom,channel-islands,49.3723,-2.3644,521,23,29,1,295.0,10.0
2020-04-24,united-kingdom,channel-islands,49.3723,-2.3644,523,2,34,5,295.0,0.0
2020-04-25,united-kingdom,channel-islands,49.3723,-2.3644,525,2,35,1,332.0,37.0
2020-04-26,united-kingdom,channel-islands,49.3723,-2.3644,525,0,35,0,332.0,0.0
2020-04-27,united-kingdom,channel-islands,49.3723,-2.3644,525,0,35,0,352.0,20.0
2020-04-28,united-kingdom,channel-islands,49.3723,-2.3644,530,5,36,1,352.0,0.0
2020-04-29,united-kingdom,channel-islands,49.3723,-2.3644,537,7,38,2,386.0,34.0
2020-04-30,united-kingdom,channel-islands,49.3723,-2.3644,537,0,40,2,386.0,0.0
2020-05-01,united-kingdom,channel-islands,49.3723,-2.3644,538,1,41,1,406.0,20.0
2020-05-02,united-kingdom,channel-islands,49.3723,-2.3644,543,5,41,0,406.0,0.0
2020-05-03,united-kingdom,channel-islands,49.3723,-2.3644,544,1,41,0,406.0,0.0
2020-05-04,united-kingdom,channel-islands,49.3723,-2.3644,544,0,41,0,406.0,0.0
2020-05-05,united-kingdom,channel-islands,49.3723,-2.3644,545,1,40,-1,406.0,0.0
2020-05-06,united-kingdom,channel-islands,49.3723,-2.3644,545,0,40,0,406.0,0.0
2020-05-07,united-kingdom,channel-islands,49.3723,-2.3644,545,0,40,0,430.0,24.0
2020-05-08,united-kingdom,channel-islands,49.3723,-2.3644,545,0,41,1,447.0,17.0
2020-05-09,united-kingdom,channel-islands,49.3723,-2.3644,545,0,41,0,447.0,0.0
2020-05-10,united-kingdom,channel-islands,49.3723,-2.3644,545,0,41,0,447.0,0.0
2020-05-11,united-kingdom,channel-islands,49.3723,-2.3644,546,1,41,0,452.0,5.0
2020-05-12,united-kingdom,channel-islands,49.3723,-2.3644,547,1,42,1,455.0,3.0
2020-05-13,united-kingdom,channel-islands,49.3723,-2.3644,548,1,43,1,456.0,1.0
2020-05-14,united-kingdom,channel-islands,49.3723,-2.3644,549,1,43,0,456.0,0.0
2020-05-15,united-kingdom,channel-islands,49.3723,-2.3644,549,0,43,0,457.0,1.0
2020-05-16,united-kingdom,channel-islands,49.3723,-2.3644,554,5,43,0,458.0,1.0
2020-05-17,united-kingdom,channel-islands,49.3723,-2.3644,554,0,43,0,458.0,0.0
2020-05-18,united-kingdom,channel-islands,49.3723,-2.3644,555,1,43,0,475.0,17.0
2020-05-19,united-kingdom,channel-islands,49.3723,-2.3644,555,0,44,1,479.0,4.0
2020-05-20,united-kingdom,channel-islands,49.3723,-2.3644,558,3,45,1,492.0,13.0
2020-05-21,united-kingdom,channel-islands,49.3723,-2.3644,558,0,45,0,508.0,16.0
2020-05-22,united-kingdom,channel-islands,49.3723,-2.3644,558,0,45,0,508.0,0.0
2020-05-23,united-kingdom,channel-islands,49.3723,-2.3644,558,0,45,0,515.0,7.0
2020-05-24,united-kingdom,channel-islands,49.3723,-2.3644,558,0,45,0,517.0,2.0
2020-05-25,united-kingdom,channel-islands,49.3723,-2.3644,559,1,45,0,517.0,0.0
2020-05-26,united-kingdom,channel-islands,49.3723,-2.3644,559,0,45,0,512.0,-5.0
2020-05-27,united-kingdom,channel-islands,49.3723,-2.3644,560,1,45,0,512.0,0.0
2020-05-28,united-kingdom,channel-islands,49.3723,-2.3644,560,0,45,0,512.0,0.0
2020-05-29,united-kingdom,channel-islands,49.3723,-2.3644,560,0,45,0,512.0,0.0
2020-05-30,united-kingdom,channel-islands,49.3723,-2.3644,560,0,45,0,525.0,13.0
2020-05-31,united-kingdom,channel-islands,49.3723,-2.3644,560,0,45,0,528.0,3.0
2020-06-01,united-kingdom,channel-islands,49.3723,-2.3644,560,0,45,0,528.0,0.0
2020-06-02,united-kingdom,channel-islands,49.3723,-2.3644,560,0,46,1,528.0,0.0
2020-06-03,united-kingdom,channel-islands,49.3723,-2.3644,561,1,46,0,512.0,-16.0
2020-06-04,united-kingdom,channel-islands,49.3723,-2.3644,561,0,46,0,512.0,0.0
2020-06-05,united-kingdom,channel-islands,49.3723,-2.3644,561,0,46,0,512.0,0.0
2020-06-06,united-kingdom,channel-islands,49.3723,-2.3644,563,2,46,0,512.0,0.0
2020-06-07,united-kingdom,channel-islands,49.3723,-2.3644,563,0,46,0,512.0,0.0
2020-06-08,united-kingdom,channel-islands,49.3723,-2.3644,564,1,46,0,512.0,0.0
2020-06-09,united-kingdom,channel-islands,49.3723,-2.3644,565,1,48,2,512.0,0.0
2020-06-10,united-kingdom,channel-islands,49.3723,-2.3644,565,0,48,0,512.0,0.0
2020-06-11,united-kingdom,channel-islands,49.3723,-2.3644,565,0,48,0,512.0,0.0
2020-06-12,united-kingdom,channel-islands,49.3723,-2.3644,565,0,48,0,512.0,0.0
2020-06-13,united-kingdom,channel-islands,49.3723,-2.3644,565,0,48,0,512.0,0.0
2020-06-14,united-kingdom,channel-islands,49.3723,-2.3644,565,0,48,0,512.0,0.0
2020-06-15,united-kingdom,channel-islands,49.3723,-2.3644,568,3,48,0,512.0,0.0
2020-06-16,united-kingdom,channel-islands,49.3723,-2.3644,568,0,48,0,512.0,0.0
2020-06-17,united-kingdom,channel-islands,49.3723,-2.3644,570,2,48,0,512.0,0.0
2020-06-18,united-kingdom,channel-islands,49.3723,-2.3644,570,0,48,0,512.0,0.0
2020-06-19,united-kingdom,channel-islands,49.3723,-2.3644,570,0,48,0,512.0,0.0
2020-06-20,united-kingdom,channel-islands,49.3723,-2.3644,570,0,48,0,512.0,0.0
2020-06-21,united-kingdom,channel-islands,49.3723,-2.3644,570,0,48,0,512.0,0.0
2020-06-22,united-kingdom,channel-islands,49.3723,-2.3644,570,0,47,-1,512.0,0.0
2020-06-23,united-kingdom,channel-islands,49.3723,-2.3644,570,0,47,0,512.0,0.0
2020-06-24,united-kingdom,channel-islands,49.3723,-2.3644,571,1,47,0,512.0,0.0
2020-06-25,united-kingdom,channel-islands,49.3723,-2.3644,571,0,47,0,512.0,0.0
2020-06-26,united-kingdom,channel-islands,49.3723,-2.3644,571,0,47,0,512.0,0.0
2020-06-27,united-kingdom,channel-islands,49.3723,-2.3644,571,0,47,0,512.0,0.0
2020-06-28,united-kingdom,channel-islands,49.3723,-2.3644,571,0,47,0,512.0,0.0
2020-06-29,united-kingdom,channel-islands,49.3723,-2.3644,571,0,47,0,512.0,0.0
2020-06-30,united-kingdom,channel-islands,49.3723,-2.3644,571,0,47,0,512.0,0.0
2020-07-01,united-kingdom,channel-islands,49.3723,-2.3644,571,0,47,0,512.0,0.0
2020-07-02,united-kingdom,channel-islands,49.3723,-2.3644,571,0,47,0,512.0,0.0
2020-07-03,united-kingdom,channel-islands,49.3723,-2.3644,571,0,47,0,512.0,0.0
2020-07-04,united-kingdom,channel-islands,49.3723,-2.3644,571,0,47,0,512.0,0.0
2020-07-05,united-kingdom,channel-islands,49.3723,-2.3644,571,0,47,0,512.0,0.0
2020-07-06,united-kingdom,channel-islands,49.3723,-2.3644,577,6,47,0,512.0,0.0
2020-07-07,united-kingdom,channel-islands,49.3723,-2.3644,577,0,47,0,512.0,0.0
2020-07-08,united-kingdom,channel-islands,49.3723,-2.3644,577,0,47,0,512.0,0.0
2020-07-09,united-kingdom,channel-islands,49.3723,-2.3644,577,0,47,0,512.0,0.0
2020-07-10,united-kingdom,channel-islands,49.3723,-2.3644,577,0,47,0,512.0,0.0
2020-07-11,united-kingdom,channel-islands,49.3723,-2.3644,577,0,47,0,512.0,0.0
2020-07-12,united-kingdom,channel-islands,49.3723,-2.3644,577,0,47,0,512.0,0.0
2020-07-13,united-kingdom,channel-islands,49.3723,-2.3644,581,4,47,0,512.0,0.0
2020-07-14,united-kingdom,channel-islands,49.3723,-2.3644,581,0,47,0,512.0,0.0
2020-07-15,united-kingdom,channel-islands,49.3723,-2.3644,581,0,47,0,512.0,0.0
2020-07-16,united-kingdom,channel-islands,49.3723,-2.3644,583,2,47,0,529.0,17.0
2020-07-17,united-kingdom,channel-islands,49.3723,-2.3644,583,0,47,0,529.0,0.0
2020-07-18,united-kingdom,channel-islands,49.3723,-2.3644,583,0,47,0,529.0,0.0
2020-07-19,united-kingdom,channel-islands,49.3723,-2.3644,583,0,47,0,529.0,0.0
2020-07-20,united-kingdom,channel-islands,49.3723,-2.3644,583,0,47,0,529.0,0.0
2020-07-21,united-kingdom,channel-islands,49.3723,-2.3644,583,0,47,0,529.0,0.0
2020-07-22,united-kingdom,channel-islands,49.3723,-2.3644,583,0,47,0,529.0,0.0
2020-07-23,united-kingdom,channel-islands,49.3723,-2.3644,583,0,47,0,533.0,4.0
2020-07-24,united-kingdom,channel-islands,49.3723,-2.3644,584,1,47,0,533.0,0.0
2020-07-25,united-kingdom,channel-islands,49.3723,-2.3644,584,0,47,0,533.0,0.0
2020-07-26,united-kingdom,channel-islands,49.3723,-2.3644,584,0,47,0,533.0,0.0
2020-07-27,united-kingdom,channel-islands,49.3723,-2.3644,584,0,47,0,533.0,0.0
2020-07-28,united-kingdom,channel-islands,49.3723,-2.3644,587,3,47,0,533.0,0.0
2020-07-29,united-kingdom,channel-islands,49.3723,-2.3644,587,0,47,0,533.0,0.0
2020-07-30,united-kingdom,channel-islands,49.3723,-2.3644,587,0,47,0,533.0,0.0
2020-07-31,united-kingdom,channel-islands,49.3723,-2.3644,587,0,47,0,533.0,0.0
