date,country,state,lat,long,confirmed,confirmed_new,deaths,deaths_new,recovered,recovered_new
2020-01-22,united-kingdom,isle-of-man,54.2361,-4.5481,0,0,0,0,0.0,0.0
2020-01-23,united-kingdom,isle-of-man,54.2361,-4.5481,0,0,0,0,0.0,0.0
2020-01-24,united-kingdom,isle-of-man,54.2361,-4.5481,0,0,0,0,0.0,0.0
2020-01-25,united-kingdom,isle-of-man,54.2361,-4.5481,0,0,0,0,0.0,0.0
2020-01-26,united-kingdom,isle-of-man,54.2361,-4.5481,0,0,0,0,0.0,0.0
2020-01-27,united-kingdom,isle-of-man,54.2361,-4.5481,0,0,0,0,0.0,0.0
2020-01-28,united-kingdom,isle-of-man,54.2361,-4.5481,0,0,0,0,0.0,0.0
2020-01-29,united-kingdom,isle-of-man,54.2361,-4.5481,0,0,0,0,0.0,0.0
2020-01-30,united-kingdom,isle-of-man,54.2361,-4.5481,0,0,0,0,0.0,0.0
2020-01-31,united-kingdom,isle-of-man,54.2361,-4.5481,0,0,0,0,0.0,0.0
2020-02-01,united-kingdom,isle-of-man,54.2361,-4.5481,0,0,0,0,0.0,0.0
2020-02-02,united-kingdom,isle-of-man,54.2361,-4.5481,0,0,0,0,0.0,0.0
2020-02-03,united-kingdom,isle-of-man,54.2361,-4.5481,0,0,0,0,0.0,0.0
2020-02-04,united-kingdom,isle-of-man,54.2361,-4.5481,0,0,0,0,0.0,0.0
2020-02-05,united-kingdom,isle-of-man,54.2361,-4.5481,0,0,0,0,0.0,0.0
2020-02-06,united-kingdom,isle-of-man,54.2361,-4.5481,0,0,0,0,0.0,0.0
2020-02-07,united-kingdom,isle-of-man,54.2361,-4.5481,0,0,0,0,0.0,0.0
2020-02-08,united-kingdom,isle-of-man,54.2361,-4.5481,0,0,0,0,0.0,0.0
2020-02-09,united-kingdom,isle-of-man,54.2361,-4.5481,0,0,0,0,0.0,0.0
2020-02-10,united-kingdom,isle-of-man,54.2361,-4.5481,0,0,0,0,0.0,0.0
2020-02-11,united-kingdom,isle-of-man,54.2361,-4.5481,0,0,0,0,0.0,0.0
2020-02-12,united-kingdom,isle-of-man,54.2361,-4.5481,0,0,0,0,0.0,0.0
2020-02-13,united-kingdom,isle-of-man,54.2361,-4.5481,0,0,0,0,0.0,0.0
2020-02-14,united-kingdom,isle-of-man,54.2361,-4.5481,0,0,0,0,0.0,0.0
2020-02-15,united-kingdom,isle-of-man,54.2361,-4.5481,0,0,0,0,0.0,0.0
2020-02-16,united-kingdom,isle-of-man,54.2361,-4.5481,0,0,0,0,0.0,0.0
2020-02-17,united-kingdom,isle-of-man,54.2361,-4.5481,0,0,0,0,0.0,0.0
2020-02-18,united-kingdom,isle-of-man,54.2361,-4.5481,0,0,0,0,0.0,0.0
2020-02-19,united-kingdom,isle-of-man,54.2361,-4.5481,0,0,0,0,0.0,0.0
2020-02-20,united-kingdom,isle-of-man,54.2361,-4.5481,0,0,0,0,0.0,0.0
2020-02-21,united-kingdom,isle-of-man,54.2361,-4.5481,0,0,0,0,0.0,0.0
2020-02-22,united-kingdom,isle-of-man,54.2361,-4.5481,0,0,0,0,0.0,0.0
2020-02-23,united-kingdom,isle-of-man,54.2361,-4.5481,0,0,0,0,0.0,0.0
2020-02-24,united-kingdom,isle-of-man,54.2361,-4.5481,0,0,0,0,0.0,0.0
2020-02-25,united-kingdom,isle-of-man,54.2361,-4.5481,0,0,0,0,0.0,0.0
2020-02-26,united-kingdom,isle-of-man,54.2361,-4.5481,0,0,0,0,0.0,0.0
2020-02-27,united-kingdom,isle-of-man,54.2361,-4.5481,0,0,0,0,0.0,0.0
2020-02-28,united-kingdom,isle-of-man,54.2361,-4.5481,0,0,0,0,0.0,0.0
2020-02-29,united-kingdom,isle-of-man,54.2361,-4.5481,0,0,0,0,0.0,0.0
2020-03-01,united-kingdom,isle-of-man,54.2361,-4.5481,0,0,0,0,0.0,0.0
2020-03-02,united-kingdom,isle-of-man,54.2361,-4.5481,0,0,0,0,0.0,0.0
2020-03-03,united-kingdom,isle-of-man,54.2361,-4.5481,0,0,0,0,0.0,0.0
2020-03-04,united-kingdom,isle-of-man,54.2361,-4.5481,0,0,0,0,0.0,0.0
2020-03-05,united-kingdom,isle-of-man,54.2361,-4.5481,0,0,0,0,0.0,0.0
2020-03-06,united-kingdom,isle-of-man,54.2361,-4.5481,0,0,0,0,0.0,0.0
2020-03-07,united-kingdom,isle-of-man,54.2361,-4.5481,0,0,0,0,0.0,0.0
2020-03-08,united-kingdom,isle-of-man,54.2361,-4.5481,0,0,0,0,0.0,0.0
2020-03-09,united-kingdom,isle-of-man,54.2361,-4.5481,0,0,0,0,0.0,0.0
2020-03-10,united-kingdom,isle-of-man,54.2361,-4.5481,0,0,0,0,0.0,0.0
2020-03-11,united-kingdom,isle-of-man,54.2361,-4.5481,0,0,0,0,0.0,0.0
2020-03-12,united-kingdom,isle-of-man,54.2361,-4.5481,0,0,0,0,0.0,0.0
2020-03-13,united-kingdom,isle-of-man,54.2361,-4.5481,0,0,0,0,0.0,0.0
2020-03-14,united-kingdom,isle-of-man,54.2361,-4.5481,0,0,0,0,0.0,0.0
2020-03-15,united-kingdom,isle-of-man,54.2361,-4.5481,0,0,0,0,0.0,0.0
2020-03-16,united-kingdom,isle-of-man,54.2361,-4.5481,0,0,0,0,0.0,0.0
2020-03-17,united-kingdom,isle-of-man,54.2361,-4.5481,0,0,0,0,0.0,0.0
2020-03-18,united-kingdom,isle-of-man,54.2361,-4.5481,0,0,0,0,0.0,0.0
2020-03-19,united-kingdom,isle-of-man,54.2361,-4.5481,0,0,0,0,0.0,0.0
2020-03-20,united-kingdom,isle-of-man,54.2361,-4.5481,1,1,0,0,0.0,0.0
2020-03-21,united-kingdom,isle-of-man,54.2361,-4.5481,1,0,0,0,0.0,0.0
2020-03-22,united-kingdom,isle-of-man,54.2361,-4.5481,5,4,0,0,0.0,0.0
2020-03-23,united-kingdom,isle-of-man,54.2361,-4.5481,13,8,0,0,0.0,0.0
2020-03-24,united-kingdom,isle-of-man,54.2361,-4.5481,23,10,0,0,0.0,0.0
2020-03-25,united-kingdom,isle-of-man,54.2361,-4.5481,23,0,0,0,0.0,0.0
2020-03-26,united-kingdom,isle-of-man,54.2361,-4.5481,25,2,0,0,0.0,0.0
2020-03-27,united-kingdom,isle-of-man,54.2361,-4.5481,29,4,0,0,0.0,0.0
2020-03-28,united-kingdom,isle-of-man,54.2361,-4.5481,32,3,0,0,0.0,0.0
2020-03-29,united-kingdom,isle-of-man,54.2361,-4.5481,42,10,0,0,0.0,0.0
2020-03-30,united-kingdom,isle-of-man,54.2361,-4.5481,49,7,0,0,0.0,0.0
2020-03-31,united-kingdom,isle-of-man,54.2361,-4.5481,60,11,0,0,0.0,0.0
2020-04-01,united-kingdom,isle-of-man,54.2361,-4.5481,68,8,1,1,0.0,0.0
2020-04-02,united-kingdom,isle-of-man,54.2361,-4.5481,95,27,1,0,0.0,0.0
2020-04-03,united-kingdom,isle-of-man,54.2361,-4.5481,114,19,1,0,0.0,0.0
2020-04-04,united-kingdom,isle-of-man,54.2361,-4.5481,126,12,1,0,0.0,0.0
2020-04-05,united-kingdom,isle-of-man,54.2361,-4.5481,127,1,1,0,0.0,0.0
2020-04-06,united-kingdom,isle-of-man,54.2361,-4.5481,139,12,1,0,55.0,55.0
2020-04-07,united-kingdom,isle-of-man,54.2361,-4.5481,150,11,1,0,73.0,18.0
2020-04-08,united-kingdom,isle-of-man,54.2361,-4.5481,158,8,1,0,82.0,9.0
2020-04-09,united-kingdom,isle-of-man,54.2361,-4.5481,190,32,1,0,92.0,10.0
2020-04-10,united-kingdom,isle-of-man,54.2361,-4.5481,201,11,1,0,103.0,11.0
2020-04-11,united-kingdom,isle-of-man,54.2361,-4.5481,226,25,2,1,112.0,9.0
2020-04-12,united-kingdom,isle-of-man,54.2361,-4.5481,228,2,2,0,112.0,0.0
2020-04-13,united-kingdom,isle-of-man,54.2361,-4.5481,242,14,2,0,131.0,19.0
2020-04-14,united-kingdom,isle-of-man,54.2361,-4.5481,254,12,2,0,141.0,10.0
2020-04-15,united-kingdom,isle-of-man,54.2361,-4.5481,256,2,4,2,151.0,10.0
2020-04-16,united-kingdom,isle-of-man,54.2361,-4.5481,284,28,4,0,154.0,3.0
2020-04-17,united-kingdom,isle-of-man,54.2361,-4.5481,291,7,4,0,169.0,15.0
2020-04-18,united-kingdom,isle-of-man,54.2361,-4.5481,297,6,6,2,180.0,11.0
2020-04-19,united-kingdom,isle-of-man,54.2361,-4.5481,298,1,6,0,193.0,13.0
2020-04-20,united-kingdom,isle-of-man,54.2361,-4.5481,300,2,9,3,200.0,7.0
2020-04-21,united-kingdom,isle-of-man,54.2361,-4.5481,307,7,9,0,209.0,9.0
2020-04-22,united-kingdom,isle-of-man,54.2361,-4.5481,307,0,15,6,212.0,3.0
2020-04-23,united-kingdom,isle-of-man,54.2361,-4.5481,307,0,16,1,221.0,9.0
2020-04-24,united-kingdom,isle-of-man,54.2361,-4.5481,308,1,18,2,230.0,9.0
2020-04-25,united-kingdom,isle-of-man,54.2361,-4.5481,308,0,18,0,243.0,13.0
2020-04-26,united-kingdom,isle-of-man,54.2361,-4.5481,308,0,18,0,247.0,4.0
2020-04-27,united-kingdom,isle-of-man,54.2361,-4.5481,308,0,20,2,248.0,1.0
2020-04-28,united-kingdom,isle-of-man,54.2361,-4.5481,309,1,21,1,252.0,4.0
2020-04-29,united-kingdom,isle-of-man,54.2361,-4.5481,313,4,21,0,258.0,6.0
2020-04-30,united-kingdom,isle-of-man,54.2361,-4.5481,315,2,21,0,260.0,2.0
2020-05-01,united-kingdom,isle-of-man,54.2361,-4.5481,316,1,22,1,271.0,11.0
2020-05-02,united-kingdom,isle-of-man,54.2361,-4.5481,320,4,22,0,271.0,0.0
2020-05-03,united-kingdom,isle-of-man,54.2361,-4.5481,321,1,22,0,271.0,0.0
2020-05-04,united-kingdom,isle-of-man,54.2361,-4.5481,325,4,23,1,271.0,0.0
2020-05-05,united-kingdom,isle-of-man,54.2361,-4.5481,326,1,23,0,271.0,0.0
2020-05-06,united-kingdom,isle-of-man,54.2361,-4.5481,327,1,23,0,271.0,0.0
2020-05-07,united-kingdom,isle-of-man,54.2361,-4.5481,329,2,23,0,271.0,0.0
2020-05-08,united-kingdom,isle-of-man,54.2361,-4.5481,329,0,23,0,271.0,0.0
2020-05-09,united-kingdom,isle-of-man,54.2361,-4.5481,329,0,23,0,271.0,0.0
2020-05-10,united-kingdom,isle-of-man,54.2361,-4.5481,330,1,23,0,271.0,0.0
2020-05-11,united-kingdom,isle-of-man,54.2361,-4.5481,330,0,23,0,271.0,0.0
2020-05-12,united-kingdom,isle-of-man,54.2361,-4.5481,331,1,23,0,272.0,1.0
2020-05-13,united-kingdom,isle-of-man,54.2361,-4.5481,332,1,23,0,274.0,2.0
2020-05-14,united-kingdom,isle-of-man,54.2361,-4.5481,332,0,23,0,285.0,11.0
2020-05-15,united-kingdom,isle-of-man,54.2361,-4.5481,334,2,24,1,285.0,0.0
2020-05-16,united-kingdom,isle-of-man,54.2361,-4.5481,335,1,24,0,285.0,0.0
2020-05-17,united-kingdom,isle-of-man,54.2361,-4.5481,335,0,24,0,285.0,0.0
2020-05-18,united-kingdom,isle-of-man,54.2361,-4.5481,335,0,24,0,296.0,11.0
2020-05-19,united-kingdom,isle-of-man,54.2361,-4.5481,335,0,24,0,300.0,4.0
2020-05-20,united-kingdom,isle-of-man,54.2361,-4.5481,336,1,24,0,302.0,2.0
2020-05-21,united-kingdom,isle-of-man,54.2361,-4.5481,336,0,24,0,303.0,1.0
2020-05-22,united-kingdom,isle-of-man,54.2361,-4.5481,336,0,24,0,303.0,0.0
2020-05-23,united-kingdom,isle-of-man,54.2361,-4.5481,336,0,24,0,303.0,0.0
2020-05-24,united-kingdom,isle-of-man,54.2361,-4.5481,336,0,24,0,303.0,0.0
2020-05-25,united-kingdom,isle-of-man,54.2361,-4.5481,336,0,24,0,305.0,2.0
2020-05-26,united-kingdom,isle-of-man,54.2361,-4.5481,336,0,24,0,306.0,1.0
2020-05-27,united-kingdom,isle-of-man,54.2361,-4.5481,336,0,24,0,306.0,0.0
2020-05-28,united-kingdom,isle-of-man,54.2361,-4.5481,336,0,24,0,306.0,0.0
2020-05-29,united-kingdom,isle-of-man,54.2361,-4.5481,336,0,24,0,309.0,3.0
2020-05-30,united-kingdom,isle-of-man,54.2361,-4.5481,336,0,24,0,309.0,0.0
2020-05-31,united-kingdom,isle-of-man,54.2361,-4.5481,336,0,24,0,309.0,0.0
2020-06-01,united-kingdom,isle-of-man,54.2361,-4.5481,336,0,24,0,311.0,2.0
2020-06-02,united-kingdom,isle-of-man,54.2361,-4.5481,336,0,24,0,311.0,0.0
2020-06-03,united-kingdom,isle-of-man,54.2361,-4.5481,336,0,24,0,312.0,1.0
2020-06-04,united-kingdom,isle-of-man,54.2361,-4.5481,336,0,24,0,312.0,0.0
2020-06-05,united-kingdom,isle-of-man,54.2361,-4.5481,336,0,24,0,312.0,0.0
2020-06-06,united-kingdom,isle-of-man,54.2361,-4.5481,336,0,24,0,312.0,0.0
2020-06-07,united-kingdom,isle-of-man,54.2361,-4.5481,336,0,24,0,312.0,0.0
2020-06-08,united-kingdom,isle-of-man,54.2361,-4.5481,336,0,24,0,312.0,0.0
2020-06-09,united-kingdom,isle-of-man,54.2361,-4.5481,336,0,24,0,312.0,0.0
2020-06-10,united-kingdom,isle-of-man,54.2361,-4.5481,336,0,24,0,312.0,0.0
2020-06-11,united-kingdom,isle-of-man,54.2361,-4.5481,336,0,24,0,312.0,0.0
2020-06-12,united-kingdom,isle-of-man,54.2361,-4.5481,336,0,24,0,312.0,0.0
2020-06-13,united-kingdom,isle-of-man,54.2361,-4.5481,336,0,24,0,312.0,0.0
2020-06-14,united-kingdom,isle-of-man,54.2361,-4.5481,336,0,24,0,312.0,0.0
2020-06-15,united-kingdom,isle-of-man,54.2361,-4.5481,336,0,24,0,312.0,0.0
2020-06-16,united-kingdom,isle-of-man,54.2361,-4.5481,336,0,24,0,312.0,0.0
2020-06-17,united-kingdom,isle-of-man,54.2361,-4.5481,336,0,24,0,312.0,0.0
2020-06-18,united-kingdom,isle-of-man,54.2361,-4.5481,336,0,24,0,312.0,0.0
2020-06-19,united-kingdom,isle-of-man,54.2361,-4.5481,336,0,24,0,312.0,0.0
2020-06-20,united-kingdom,isle-of-man,54.2361,-4.5481,336,0,24,0,312.0,0.0
2020-06-21,united-kingdom,isle-of-man,54.2361,-4.5481,336,0,24,0,312.0,0.0
2020-06-22,united-kingdom,isle-of-man,54.2361,-4.5481,336,0,24,0,312.0,0.0
2020-06-23,united-kingdom,isle-of-man,54.2361,-4.5481,336,0,24,0,312.0,0.0
2020-06-24,united-kingdom,isle-of-man,54.2361,-4.5481,336,0,24,0,312.0,0.0
2020-06-25,united-kingdom,isle-of-man,54.2361,-4.5481,336,0,24,0,312.0,0.0
2020-06-26,united-kingdom,isle-of-man,54.2361,-4.5481,336,0,24,0,312.0,0.0
2020-06-27,united-kingdom,isle-of-man,54.2361,-4.5481,336,0,24,0,312.0,0.0
2020-06-28,united-kingdom,isle-of-man,54.2361,-4.5481,336,0,24,0,312.0,0.0
2020-06-29,united-kingdom,isle-of-man,54.2361,-4.5481,336,0,24,0,312.0,0.0
2020-06-30,united-kingdom,isle-of-man,54.2361,-4.5481,336,0,24,0,312.0,0.0
2020-07-01,united-kingdom,isle-of-man,54.2361,-4.5481,336,0,24,0,312.0,0.0
2020-07-02,united-kingdom,isle-of-man,54.2361,-4.5481,336,0,24,0,312.0,0.0
2020-07-03,united-kingdom,isle-of-man,54.2361,-4.5481,336,0,24,0,312.0,0.0
2020-07-04,united-kingdom,isle-of-man,54.2361,-4.5481,336,0,24,0,312.0,0.0
2020-07-05,united-kingdom,isle-of-man,54.2361,-4.5481,336,0,24,0,312.0,0.0
2020-07-06,united-kingdom,isle-of-man,54.2361,-4.5481,336,0,24,0,312.0,0.0
2020-07-07,united-kingdom,isle-of-man,54.2361,-4.5481,336,0,24,0,312.0,0.0
2020-07-08,united-kingdom,isle-of-man,54.2361,-4.5481,336,0,24,0,312.0,0.0
2020-07-09,united-kingdom,isle-of-man,54.2361,-4.5481,336,0,24,0,312.0,0.0
2020-07-10,united-kingdom,isle-of-man,54.2361,-4.5481,336,0,24,0,312.0,0.0
2020-07-11,united-kingdom,isle-of-man,54.2361,-4.5481,336,0,24,0,312.0,0.0
2020-07-12,united-kingdom,isle-of-man,54.2361,-4.5481,336,0,24,0,312.0,0.0
2020-07-13,united-kingdom,isle-of-man,54.2361,-4.5481,336,0,24,0,312.0,0.0
2020-07-14,united-kingdom,isle-of-man,54.2361,-4.5481,336,0,24,0,312.0,0.0
2020-07-15,united-kingdom,isle-of-man,54.2361,-4.5481,336,0,24,0,312.0,0.0
2020-07-16,united-kingdom,isle-of-man,54.2361,-4.5481,336,0,24,0,312.0,0.0
2020-07-17,united-kingdom,isle-of-man,54.2361,-4.5481,336,0,24,0,312.0,0.0
2020-07-18,united-kingdom,isle-of-man,54.2361,-4.5481,336,0,24,0,312.0,0.0
2020-07-19,united-kingdom,isle-of-man,54.2361,-4.5481,336,0,24,0,312.0,0.0
2020-07-20,united-kingdom,isle-of-man,54.2361,-4.5481,336,0,24,0,312.0,0.0
2020-07-21,united-kingdom,isle-of-man,54.2361,-4.5481,336,0,24,0,312.0,0.0
2020-07-22,united-kingdom,isle-of-man,54.2361,-4.5481,336,0,24,0,312.0,0.0
2020-07-23,united-kingdom,isle-of-man,54.2361,-4.5481,336,0,24,0,312.0,0.0
2020-07-24,united-kingdom,isle-of-man,54.2361,-4.5481,336,0,24,0,312.0,0.0
2020-07-25,united-kingdom,isle-of-man,54.2361,-4.5481,336,0,24,0,312.0,0.0
2020-07-26,united-kingdom,isle-of-man,54.2361,-4.5481,336,0,24,0,312.0,0.0
2020-07-27,united-kingdom,isle-of-man,54.2361,-4.5481,336,0,24,0,312.0,0.0
2020-07-28,united-kingdom,isle-of-man,54.2361,-4.5481,336,0,24,0,312.0,0.0
2020-07-29,united-kingdom,isle-of-man,54.2361,-4.5481,336,0,24,0,312.0,0.0
2020-07-30,united-kingdom,isle-of-man,54.2361,-4.5481,336,0,24,0,312.0,0.0
2020-07-31,united-kingdom,isle-of-man,54.2361,-4.5481,336,0,24,0,312.0,0.0
