date,country,state,lat,long,confirmed,confirmed_new,deaths,deaths_new,recovered,recovered_new
2020-01-22,canada,new-brunswick,46.5653,-66.4619,0,0,0,0,0.0,0.0
2020-01-23,canada,new-brunswick,46.5653,-66.4619,0,0,0,0,0.0,0.0
2020-01-24,canada,new-brunswick,46.5653,-66.4619,0,0,0,0,0.0,0.0
2020-01-25,canada,new-brunswick,46.5653,-66.4619,0,0,0,0,0.0,0.0
2020-01-26,canada,new-brunswick,46.5653,-66.4619,0,0,0,0,0.0,0.0
2020-01-27,canada,new-brunswick,46.5653,-66.4619,0,0,0,0,0.0,0.0
2020-01-28,canada,new-brunswick,46.5653,-66.4619,0,0,0,0,0.0,0.0
2020-01-29,canada,new-brunswick,46.5653,-66.4619,0,0,0,0,0.0,0.0
2020-01-30,canada,new-brunswick,46.5653,-66.4619,0,0,0,0,0.0,0.0
2020-01-31,canada,new-brunswick,46.5653,-66.4619,0,0,0,0,0.0,0.0
2020-02-01,canada,new-brunswick,46.5653,-66.4619,0,0,0,0,0.0,0.0
2020-02-02,canada,new-brunswick,46.5653,-66.4619,0,0,0,0,0.0,0.0
2020-02-03,canada,new-brunswick,46.5653,-66.4619,0,0,0,0,0.0,0.0
2020-02-04,canada,new-brunswick,46.5653,-66.4619,0,0,0,0,0.0,0.0
2020-02-05,canada,new-brunswick,46.5653,-66.4619,0,0,0,0,0.0,0.0
2020-02-06,canada,new-brunswick,46.5653,-66.4619,0,0,0,0,0.0,0.0
2020-02-07,canada,new-brunswick,46.5653,-66.4619,0,0,0,0,0.0,0.0
2020-02-08,canada,new-brunswick,46.5653,-66.4619,0,0,0,0,0.0,0.0
2020-02-09,canada,new-brunswick,46.5653,-66.4619,0,0,0,0,0.0,0.0
2020-02-10,canada,new-brunswick,46.5653,-66.4619,0,0,0,0,0.0,0.0
2020-02-11,canada,new-brunswick,46.5653,-66.4619,0,0,0,0,0.0,0.0
2020-02-12,canada,new-brunswick,46.5653,-66.4619,0,0,0,0,0.0,0.0
2020-02-13,canada,new-brunswick,46.5653,-66.4619,0,0,0,0,0.0,0.0
2020-02-14,canada,new-brunswick,46.5653,-66.4619,0,0,0,0,0.0,0.0
2020-02-15,canada,new-brunswick,46.5653,-66.4619,0,0,0,0,0.0,0.0
2020-02-16,canada,new-brunswick,46.5653,-66.4619,0,0,0,0,0.0,0.0
2020-02-17,canada,new-brunswick,46.5653,-66.4619,0,0,0,0,0.0,0.0
2020-02-18,canada,new-brunswick,46.5653,-66.4619,0,0,0,0,0.0,0.0
2020-02-19,canada,new-brunswick,46.5653,-66.4619,0,0,0,0,0.0,0.0
2020-02-20,canada,new-brunswick,46.5653,-66.4619,0,0,0,0,0.0,0.0
2020-02-21,canada,new-brunswick,46.5653,-66.4619,0,0,0,0,0.0,0.0
2020-02-22,canada,new-brunswick,46.5653,-66.4619,0,0,0,0,0.0,0.0
2020-02-23,canada,new-brunswick,46.5653,-66.4619,0,0,0,0,0.0,0.0
2020-02-24,canada,new-brunswick,46.5653,-66.4619,0,0,0,0,0.0,0.0
2020-02-25,canada,new-brunswick,46.5653,-66.4619,0,0,0,0,0.0,0.0
2020-02-26,canada,new-brunswick,46.5653,-66.4619,0,0,0,0,0.0,0.0
2020-02-27,canada,new-brunswick,46.5653,-66.4619,0,0,0,0,0.0,0.0
2020-02-28,canada,new-brunswick,46.5653,-66.4619,0,0,0,0,0.0,0.0
2020-02-29,canada,new-brunswick,46.5653,-66.4619,0,0,0,0,0.0,0.0
2020-03-01,canada,new-brunswick,46.5653,-66.4619,0,0,0,0,0.0,0.0
2020-03-02,canada,new-brunswick,46.5653,-66.4619,0,0,0,0,0.0,0.0
2020-03-03,canada,new-brunswick,46.5653,-66.4619,0,0,0,0,0.0,0.0
2020-03-04,canada,new-brunswick,46.5653,-66.4619,0,0,0,0,0.0,0.0
2020-03-05,canada,new-brunswick,46.5653,-66.4619,0,0,0,0,0.0,0.0
2020-03-06,canada,new-brunswick,46.5653,-66.4619,0,0,0,0,0.0,0.0
2020-03-07,canada,new-brunswick,46.5653,-66.4619,0,0,0,0,0.0,0.0
2020-03-08,canada,new-brunswick,46.5653,-66.4619,0,0,0,0,0.0,0.0
2020-03-09,canada,new-brunswick,46.5653,-66.4619,0,0,0,0,0.0,0.0
2020-03-10,canada,new-brunswick,46.5653,-66.4619,0,0,0,0,0.0,0.0
2020-03-11,canada,new-brunswick,46.5653,-66.4619,1,1,0,0,0.0,0.0
2020-03-12,canada,new-brunswick,46.5653,-66.4619,1,0,0,0,0.0,0.0
2020-03-13,canada,new-brunswick,46.5653,-66.4619,1,0,0,0,0.0,0.0
2020-03-14,canada,new-brunswick,46.5653,-66.4619,1,0,0,0,0.0,0.0
2020-03-15,canada,new-brunswick,46.5653,-66.4619,2,1,0,0,0.0,0.0
2020-03-16,canada,new-brunswick,46.5653,-66.4619,6,4,0,0,0.0,0.0
2020-03-17,canada,new-brunswick,46.5653,-66.4619,8,2,0,0,0.0,0.0
2020-03-18,canada,new-brunswick,46.5653,-66.4619,11,3,0,0,0.0,0.0
2020-03-19,canada,new-brunswick,46.5653,-66.4619,11,0,0,0,0.0,0.0
2020-03-20,canada,new-brunswick,46.5653,-66.4619,11,0,0,0,0.0,0.0
2020-03-21,canada,new-brunswick,46.5653,-66.4619,17,6,0,0,0.0,0.0
2020-03-22,canada,new-brunswick,46.5653,-66.4619,17,0,0,0,0.0,0.0
2020-03-23,canada,new-brunswick,46.5653,-66.4619,17,0,0,0,0.0,0.0
2020-03-24,canada,new-brunswick,46.5653,-66.4619,18,1,0,0,0.0,0.0
2020-03-25,canada,new-brunswick,46.5653,-66.4619,18,0,0,0,0.0,0.0
2020-03-26,canada,new-brunswick,46.5653,-66.4619,33,15,0,0,0.0,0.0
2020-03-27,canada,new-brunswick,46.5653,-66.4619,45,12,0,0,0.0,0.0
2020-03-28,canada,new-brunswick,46.5653,-66.4619,51,6,0,0,0.0,0.0
2020-03-29,canada,new-brunswick,46.5653,-66.4619,66,15,0,0,0.0,0.0
2020-03-30,canada,new-brunswick,46.5653,-66.4619,68,2,0,0,0.0,0.0
2020-03-31,canada,new-brunswick,46.5653,-66.4619,70,2,0,0,0.0,0.0
2020-04-01,canada,new-brunswick,46.5653,-66.4619,81,11,0,0,0.0,0.0
2020-04-02,canada,new-brunswick,46.5653,-66.4619,91,10,0,0,0.0,0.0
2020-04-03,canada,new-brunswick,46.5653,-66.4619,91,0,0,0,0.0,0.0
2020-04-04,canada,new-brunswick,46.5653,-66.4619,91,0,0,0,0.0,0.0
2020-04-05,canada,new-brunswick,46.5653,-66.4619,98,7,0,0,0.0,0.0
2020-04-06,canada,new-brunswick,46.5653,-66.4619,103,5,0,0,0.0,0.0
2020-04-07,canada,new-brunswick,46.5653,-66.4619,105,2,0,0,0.0,0.0
2020-04-08,canada,new-brunswick,46.5653,-66.4619,105,0,0,0,0.0,0.0
2020-04-09,canada,new-brunswick,46.5653,-66.4619,108,3,0,0,0.0,0.0
2020-04-10,canada,new-brunswick,46.5653,-66.4619,112,4,0,0,0.0,0.0
2020-04-11,canada,new-brunswick,46.5653,-66.4619,112,0,0,0,0.0,0.0
2020-04-12,canada,new-brunswick,46.5653,-66.4619,114,2,0,0,0.0,0.0
2020-04-13,canada,new-brunswick,46.5653,-66.4619,116,2,0,0,0.0,0.0
2020-04-14,canada,new-brunswick,46.5653,-66.4619,116,0,0,0,0.0,0.0
2020-04-15,canada,new-brunswick,46.5653,-66.4619,117,1,0,0,0.0,0.0
2020-04-16,canada,new-brunswick,46.5653,-66.4619,117,0,0,0,0.0,0.0
2020-04-17,canada,new-brunswick,46.5653,-66.4619,117,0,0,0,0.0,0.0
2020-04-18,canada,new-brunswick,46.5653,-66.4619,117,0,0,0,0.0,0.0
2020-04-19,canada,new-brunswick,46.5653,-66.4619,118,1,0,0,0.0,0.0
2020-04-20,canada,new-brunswick,46.5653,-66.4619,118,0,0,0,0.0,0.0
2020-04-21,canada,new-brunswick,46.5653,-66.4619,118,0,0,0,0.0,0.0
2020-04-22,canada,new-brunswick,46.5653,-66.4619,118,0,0,0,0.0,0.0
2020-04-23,canada,new-brunswick,46.5653,-66.4619,118,0,0,0,0.0,0.0
2020-04-24,canada,new-brunswick,46.5653,-66.4619,118,0,0,0,0.0,0.0
2020-04-25,canada,new-brunswick,46.5653,-66.4619,118,0,0,0,0.0,0.0
2020-04-26,canada,new-brunswick,46.5653,-66.4619,118,0,0,0,0.0,0.0
2020-04-27,canada,new-brunswick,46.5653,-66.4619,118,0,0,0,0.0,0.0
2020-04-28,canada,new-brunswick,46.5653,-66.4619,118,0,0,0,0.0,0.0
2020-04-29,canada,new-brunswick,46.5653,-66.4619,118,0,0,0,0.0,0.0
2020-04-30,canada,new-brunswick,46.5653,-66.4619,118,0,0,0,0.0,0.0
2020-05-01,canada,new-brunswick,46.5653,-66.4619,118,0,0,0,0.0,0.0
2020-05-02,canada,new-brunswick,46.5653,-66.4619,118,0,0,0,0.0,0.0
2020-05-03,canada,new-brunswick,46.5653,-66.4619,118,0,0,0,0.0,0.0
2020-05-04,canada,new-brunswick,46.5653,-66.4619,118,0,0,0,0.0,0.0
2020-05-05,canada,new-brunswick,46.5653,-66.4619,119,1,0,0,0.0,0.0
2020-05-06,canada,new-brunswick,46.5653,-66.4619,120,1,0,0,0.0,0.0
2020-05-07,canada,new-brunswick,46.5653,-66.4619,120,0,0,0,0.0,0.0
2020-05-08,canada,new-brunswick,46.5653,-66.4619,120,0,0,0,0.0,0.0
2020-05-09,canada,new-brunswick,46.5653,-66.4619,120,0,0,0,0.0,0.0
2020-05-10,canada,new-brunswick,46.5653,-66.4619,120,0,0,0,0.0,0.0
2020-05-11,canada,new-brunswick,46.5653,-66.4619,120,0,0,0,0.0,0.0
2020-05-12,canada,new-brunswick,46.5653,-66.4619,120,0,0,0,0.0,0.0
2020-05-13,canada,new-brunswick,46.5653,-66.4619,120,0,0,0,0.0,0.0
2020-05-14,canada,new-brunswick,46.5653,-66.4619,120,0,0,0,0.0,0.0
2020-05-15,canada,new-brunswick,46.5653,-66.4619,120,0,0,0,0.0,0.0
2020-05-16,canada,new-brunswick,46.5653,-66.4619,120,0,0,0,0.0,0.0
2020-05-17,canada,new-brunswick,46.5653,-66.4619,120,0,0,0,0.0,0.0
2020-05-18,canada,new-brunswick,46.5653,-66.4619,120,0,0,0,0.0,0.0
2020-05-19,canada,new-brunswick,46.5653,-66.4619,120,0,0,0,0.0,0.0
2020-05-20,canada,new-brunswick,46.5653,-66.4619,120,0,0,0,0.0,0.0
2020-05-21,canada,new-brunswick,46.5653,-66.4619,121,1,0,0,0.0,0.0
2020-05-22,canada,new-brunswick,46.5653,-66.4619,121,0,0,0,0.0,0.0
2020-05-23,canada,new-brunswick,46.5653,-66.4619,121,0,0,0,0.0,0.0
2020-05-24,canada,new-brunswick,46.5653,-66.4619,121,0,0,0,0.0,0.0
2020-05-25,canada,new-brunswick,46.5653,-66.4619,121,0,0,0,0.0,0.0
2020-05-26,canada,new-brunswick,46.5653,-66.4619,122,1,0,0,0.0,0.0
2020-05-27,canada,new-brunswick,46.5653,-66.4619,123,1,0,0,0.0,0.0
2020-05-28,canada,new-brunswick,46.5653,-66.4619,126,3,0,0,0.0,0.0
2020-05-29,canada,new-brunswick,46.5653,-66.4619,128,2,0,0,0.0,0.0
2020-05-30,canada,new-brunswick,46.5653,-66.4619,129,1,0,0,0.0,0.0
2020-05-31,canada,new-brunswick,46.5653,-66.4619,132,3,0,0,0.0,0.0
2020-06-01,canada,new-brunswick,46.5653,-66.4619,132,0,0,0,0.0,0.0
2020-06-02,canada,new-brunswick,46.5653,-66.4619,133,1,0,0,0.0,0.0
2020-06-03,canada,new-brunswick,46.5653,-66.4619,135,2,0,0,0.0,0.0
2020-06-04,canada,new-brunswick,46.5653,-66.4619,136,1,1,1,0.0,0.0
2020-06-05,canada,new-brunswick,46.5653,-66.4619,136,0,1,0,0.0,0.0
2020-06-06,canada,new-brunswick,46.5653,-66.4619,136,0,1,0,0.0,0.0
2020-06-07,canada,new-brunswick,46.5653,-66.4619,137,1,1,0,0.0,0.0
2020-06-08,canada,new-brunswick,46.5653,-66.4619,146,9,1,0,0.0,0.0
2020-06-09,canada,new-brunswick,46.5653,-66.4619,147,1,1,0,0.0,0.0
2020-06-10,canada,new-brunswick,46.5653,-66.4619,151,4,1,0,0.0,0.0
2020-06-11,canada,new-brunswick,46.5653,-66.4619,153,2,1,0,0.0,0.0
2020-06-12,canada,new-brunswick,46.5653,-66.4619,154,1,1,0,0.0,0.0
2020-06-13,canada,new-brunswick,46.5653,-66.4619,157,3,2,1,0.0,0.0
2020-06-14,canada,new-brunswick,46.5653,-66.4619,157,0,2,0,0.0,0.0
2020-06-15,canada,new-brunswick,46.5653,-66.4619,160,3,2,0,0.0,0.0
2020-06-16,canada,new-brunswick,46.5653,-66.4619,163,3,2,0,0.0,0.0
2020-06-17,canada,new-brunswick,46.5653,-66.4619,164,1,2,0,0.0,0.0
2020-06-18,canada,new-brunswick,46.5653,-66.4619,164,0,2,0,0.0,0.0
2020-06-19,canada,new-brunswick,46.5653,-66.4619,164,0,2,0,0.0,0.0
2020-06-20,canada,new-brunswick,46.5653,-66.4619,164,0,2,0,0.0,0.0
2020-06-21,canada,new-brunswick,46.5653,-66.4619,164,0,2,0,0.0,0.0
2020-06-22,canada,new-brunswick,46.5653,-66.4619,164,0,2,0,0.0,0.0
2020-06-23,canada,new-brunswick,46.5653,-66.4619,165,1,2,0,0.0,0.0
2020-06-24,canada,new-brunswick,46.5653,-66.4619,165,0,2,0,0.0,0.0
2020-06-25,canada,new-brunswick,46.5653,-66.4619,165,0,2,0,0.0,0.0
2020-06-26,canada,new-brunswick,46.5653,-66.4619,165,0,2,0,0.0,0.0
2020-06-27,canada,new-brunswick,46.5653,-66.4619,165,0,2,0,0.0,0.0
2020-06-28,canada,new-brunswick,46.5653,-66.4619,165,0,2,0,0.0,0.0
2020-06-29,canada,new-brunswick,46.5653,-66.4619,165,0,2,0,0.0,0.0
2020-06-30,canada,new-brunswick,46.5653,-66.4619,165,0,2,0,0.0,0.0
2020-07-01,canada,new-brunswick,46.5653,-66.4619,165,0,2,0,0.0,0.0
2020-07-02,canada,new-brunswick,46.5653,-66.4619,165,0,2,0,0.0,0.0
2020-07-03,canada,new-brunswick,46.5653,-66.4619,165,0,2,0,0.0,0.0
2020-07-04,canada,new-brunswick,46.5653,-66.4619,165,0,2,0,0.0,0.0
2020-07-05,canada,new-brunswick,46.5653,-66.4619,165,0,2,0,0.0,0.0
2020-07-06,canada,new-brunswick,46.5653,-66.4619,165,0,2,0,0.0,0.0
2020-07-07,canada,new-brunswick,46.5653,-66.4619,165,0,2,0,0.0,0.0
2020-07-08,canada,new-brunswick,46.5653,-66.4619,165,0,2,0,0.0,0.0
2020-07-09,canada,new-brunswick,46.5653,-66.4619,166,1,2,0,0.0,0.0
2020-07-10,canada,new-brunswick,46.5653,-66.4619,166,0,2,0,0.0,0.0
2020-07-11,canada,new-brunswick,46.5653,-66.4619,166,0,2,0,0.0,0.0
2020-07-12,canada,new-brunswick,46.5653,-66.4619,166,0,2,0,0.0,0.0
2020-07-13,canada,new-brunswick,46.5653,-66.4619,166,0,2,0,0.0,0.0
2020-07-14,canada,new-brunswick,46.5653,-66.4619,167,1,2,0,0.0,0.0
2020-07-15,canada,new-brunswick,46.5653,-66.4619,168,1,2,0,0.0,0.0
2020-07-16,canada,new-brunswick,46.5653,-66.4619,168,0,2,0,0.0,0.0
2020-07-17,canada,new-brunswick,46.5653,-66.4619,168,0,2,0,0.0,0.0
2020-07-18,canada,new-brunswick,46.5653,-66.4619,168,0,2,0,0.0,0.0
2020-07-19,canada,new-brunswick,46.5653,-66.4619,169,1,2,0,0.0,0.0
2020-07-20,canada,new-brunswick,46.5653,-66.4619,170,1,2,0,0.0,0.0
2020-07-21,canada,new-brunswick,46.5653,-66.4619,170,0,2,0,0.0,0.0
2020-07-22,canada,new-brunswick,46.5653,-66.4619,170,0,2,0,0.0,0.0
2020-07-23,canada,new-brunswick,46.5653,-66.4619,170,0,2,0,0.0,0.0
2020-07-24,canada,new-brunswick,46.5653,-66.4619,170,0,2,0,0.0,0.0
2020-07-25,canada,new-brunswick,46.5653,-66.4619,170,0,2,0,0.0,0.0
2020-07-26,canada,new-brunswick,46.5653,-66.4619,170,0,2,0,0.0,0.0
2020-07-27,canada,new-brunswick,46.5653,-66.4619,170,0,2,0,0.0,0.0
2020-07-28,canada,new-brunswick,46.5653,-66.4619,170,0,2,0,0.0,0.0
2020-07-29,canada,new-brunswick,46.5653,-66.4619,170,0,2,0,0.0,0.0
2020-07-30,canada,new-brunswick,46.5653,-66.4619,170,0,2,0,0.0,0.0
2020-07-31,canada,new-brunswick,46.5653,-66.4619,170,0,2,0,0.0,0.0
