date,country,state,lat,long,UID,iso2,iso3,code3,FIPS,region,Combined_Key,confirmed,confirmed_new,deaths,deaths_new
2020-01-22,US,Indiana,41.61756781,-86.29040834,84018141.0,US,USA,840,18141.0,St. Joseph,"St. Joseph, Indiana, US",0,0,0,0
2020-01-23,US,Indiana,41.61756781,-86.29040834,84018141.0,US,USA,840,18141.0,St. Joseph,"St. Joseph, Indiana, US",0,0,0,0
2020-01-24,US,Indiana,41.61756781,-86.29040834,84018141.0,US,USA,840,18141.0,St. Joseph,"St. Joseph, Indiana, US",0,0,0,0
2020-01-25,US,Indiana,41.61756781,-86.29040834,84018141.0,US,USA,840,18141.0,St. Joseph,"St. Joseph, Indiana, US",0,0,0,0
2020-01-26,US,Indiana,41.61756781,-86.29040834,84018141.0,US,USA,840,18141.0,St. Joseph,"St. Joseph, Indiana, US",0,0,0,0
2020-01-27,US,Indiana,41.61756781,-86.29040834,84018141.0,US,USA,840,18141.0,St. Joseph,"St. Joseph, Indiana, US",0,0,0,0
2020-01-28,US,Indiana,41.61756781,-86.29040834,84018141.0,US,USA,840,18141.0,St. Joseph,"St. Joseph, Indiana, US",0,0,0,0
2020-01-29,US,Indiana,41.61756781,-86.29040834,84018141.0,US,USA,840,18141.0,St. Joseph,"St. Joseph, Indiana, US",0,0,0,0
2020-01-30,US,Indiana,41.61756781,-86.29040834,84018141.0,US,USA,840,18141.0,St. Joseph,"St. Joseph, Indiana, US",0,0,0,0
2020-01-31,US,Indiana,41.61756781,-86.29040834,84018141.0,US,USA,840,18141.0,St. Joseph,"St. Joseph, Indiana, US",0,0,0,0
2020-02-01,US,Indiana,41.61756781,-86.29040834,84018141.0,US,USA,840,18141.0,St. Joseph,"St. Joseph, Indiana, US",0,0,0,0
2020-02-02,US,Indiana,41.61756781,-86.29040834,84018141.0,US,USA,840,18141.0,St. Joseph,"St. Joseph, Indiana, US",0,0,0,0
2020-02-03,US,Indiana,41.61756781,-86.29040834,84018141.0,US,USA,840,18141.0,St. Joseph,"St. Joseph, Indiana, US",0,0,0,0
2020-02-04,US,Indiana,41.61756781,-86.29040834,84018141.0,US,USA,840,18141.0,St. Joseph,"St. Joseph, Indiana, US",0,0,0,0
2020-02-05,US,Indiana,41.61756781,-86.29040834,84018141.0,US,USA,840,18141.0,St. Joseph,"St. Joseph, Indiana, US",0,0,0,0
2020-02-06,US,Indiana,41.61756781,-86.29040834,84018141.0,US,USA,840,18141.0,St. Joseph,"St. Joseph, Indiana, US",0,0,0,0
2020-02-07,US,Indiana,41.61756781,-86.29040834,84018141.0,US,USA,840,18141.0,St. Joseph,"St. Joseph, Indiana, US",0,0,0,0
2020-02-08,US,Indiana,41.61756781,-86.29040834,84018141.0,US,USA,840,18141.0,St. Joseph,"St. Joseph, Indiana, US",0,0,0,0
2020-02-09,US,Indiana,41.61756781,-86.29040834,84018141.0,US,USA,840,18141.0,St. Joseph,"St. Joseph, Indiana, US",0,0,0,0
2020-02-10,US,Indiana,41.61756781,-86.29040834,84018141.0,US,USA,840,18141.0,St. Joseph,"St. Joseph, Indiana, US",0,0,0,0
2020-02-11,US,Indiana,41.61756781,-86.29040834,84018141.0,US,USA,840,18141.0,St. Joseph,"St. Joseph, Indiana, US",0,0,0,0
2020-02-12,US,Indiana,41.61756781,-86.29040834,84018141.0,US,USA,840,18141.0,St. Joseph,"St. Joseph, Indiana, US",0,0,0,0
2020-02-13,US,Indiana,41.61756781,-86.29040834,84018141.0,US,USA,840,18141.0,St. Joseph,"St. Joseph, Indiana, US",0,0,0,0
2020-02-14,US,Indiana,41.61756781,-86.29040834,84018141.0,US,USA,840,18141.0,St. Joseph,"St. Joseph, Indiana, US",0,0,0,0
2020-02-15,US,Indiana,41.61756781,-86.29040834,84018141.0,US,USA,840,18141.0,St. Joseph,"St. Joseph, Indiana, US",0,0,0,0
2020-02-16,US,Indiana,41.61756781,-86.29040834,84018141.0,US,USA,840,18141.0,St. Joseph,"St. Joseph, Indiana, US",0,0,0,0
2020-02-17,US,Indiana,41.61756781,-86.29040834,84018141.0,US,USA,840,18141.0,St. Joseph,"St. Joseph, Indiana, US",0,0,0,0
2020-02-18,US,Indiana,41.61756781,-86.29040834,84018141.0,US,USA,840,18141.0,St. Joseph,"St. Joseph, Indiana, US",0,0,0,0
2020-02-19,US,Indiana,41.61756781,-86.29040834,84018141.0,US,USA,840,18141.0,St. Joseph,"St. Joseph, Indiana, US",0,0,0,0
2020-02-20,US,Indiana,41.61756781,-86.29040834,84018141.0,US,USA,840,18141.0,St. Joseph,"St. Joseph, Indiana, US",0,0,0,0
2020-02-21,US,Indiana,41.61756781,-86.29040834,84018141.0,US,USA,840,18141.0,St. Joseph,"St. Joseph, Indiana, US",0,0,0,0
2020-02-22,US,Indiana,41.61756781,-86.29040834,84018141.0,US,USA,840,18141.0,St. Joseph,"St. Joseph, Indiana, US",0,0,0,0
2020-02-23,US,Indiana,41.61756781,-86.29040834,84018141.0,US,USA,840,18141.0,St. Joseph,"St. Joseph, Indiana, US",0,0,0,0
2020-02-24,US,Indiana,41.61756781,-86.29040834,84018141.0,US,USA,840,18141.0,St. Joseph,"St. Joseph, Indiana, US",0,0,0,0
2020-02-25,US,Indiana,41.61756781,-86.29040834,84018141.0,US,USA,840,18141.0,St. Joseph,"St. Joseph, Indiana, US",0,0,0,0
2020-02-26,US,Indiana,41.61756781,-86.29040834,84018141.0,US,USA,840,18141.0,St. Joseph,"St. Joseph, Indiana, US",0,0,0,0
2020-02-27,US,Indiana,41.61756781,-86.29040834,84018141.0,US,USA,840,18141.0,St. Joseph,"St. Joseph, Indiana, US",0,0,0,0
2020-02-28,US,Indiana,41.61756781,-86.29040834,84018141.0,US,USA,840,18141.0,St. Joseph,"St. Joseph, Indiana, US",0,0,0,0
2020-02-29,US,Indiana,41.61756781,-86.29040834,84018141.0,US,USA,840,18141.0,St. Joseph,"St. Joseph, Indiana, US",0,0,0,0
2020-03-01,US,Indiana,41.61756781,-86.29040834,84018141.0,US,USA,840,18141.0,St. Joseph,"St. Joseph, Indiana, US",0,0,0,0
2020-03-02,US,Indiana,41.61756781,-86.29040834,84018141.0,US,USA,840,18141.0,St. Joseph,"St. Joseph, Indiana, US",0,0,0,0
2020-03-03,US,Indiana,41.61756781,-86.29040834,84018141.0,US,USA,840,18141.0,St. Joseph,"St. Joseph, Indiana, US",0,0,0,0
2020-03-04,US,Indiana,41.61756781,-86.29040834,84018141.0,US,USA,840,18141.0,St. Joseph,"St. Joseph, Indiana, US",0,0,0,0
2020-03-05,US,Indiana,41.61756781,-86.29040834,84018141.0,US,USA,840,18141.0,St. Joseph,"St. Joseph, Indiana, US",0,0,0,0
2020-03-06,US,Indiana,41.61756781,-86.29040834,84018141.0,US,USA,840,18141.0,St. Joseph,"St. Joseph, Indiana, US",0,0,0,0
2020-03-07,US,Indiana,41.61756781,-86.29040834,84018141.0,US,USA,840,18141.0,St. Joseph,"St. Joseph, Indiana, US",0,0,0,0
2020-03-08,US,Indiana,41.61756781,-86.29040834,84018141.0,US,USA,840,18141.0,St. Joseph,"St. Joseph, Indiana, US",0,0,0,0
2020-03-09,US,Indiana,41.61756781,-86.29040834,84018141.0,US,USA,840,18141.0,St. Joseph,"St. Joseph, Indiana, US",0,0,0,0
2020-03-10,US,Indiana,41.61756781,-86.29040834,84018141.0,US,USA,840,18141.0,St. Joseph,"St. Joseph, Indiana, US",0,0,0,0
2020-03-11,US,Indiana,41.61756781,-86.29040834,84018141.0,US,USA,840,18141.0,St. Joseph,"St. Joseph, Indiana, US",1,1,0,0
2020-03-12,US,Indiana,41.61756781,-86.29040834,84018141.0,US,USA,840,18141.0,St. Joseph,"St. Joseph, Indiana, US",1,0,0,0
2020-03-13,US,Indiana,41.61756781,-86.29040834,84018141.0,US,USA,840,18141.0,St. Joseph,"St. Joseph, Indiana, US",1,0,0,0
2020-03-14,US,Indiana,41.61756781,-86.29040834,84018141.0,US,USA,840,18141.0,St. Joseph,"St. Joseph, Indiana, US",1,0,0,0
2020-03-15,US,Indiana,41.61756781,-86.29040834,84018141.0,US,USA,840,18141.0,St. Joseph,"St. Joseph, Indiana, US",1,0,0,0
2020-03-16,US,Indiana,41.61756781,-86.29040834,84018141.0,US,USA,840,18141.0,St. Joseph,"St. Joseph, Indiana, US",1,0,0,0
2020-03-17,US,Indiana,41.61756781,-86.29040834,84018141.0,US,USA,840,18141.0,St. Joseph,"St. Joseph, Indiana, US",1,0,0,0
2020-03-18,US,Indiana,41.61756781,-86.29040834,84018141.0,US,USA,840,18141.0,St. Joseph,"St. Joseph, Indiana, US",1,0,0,0
2020-03-19,US,Indiana,41.61756781,-86.29040834,84018141.0,US,USA,840,18141.0,St. Joseph,"St. Joseph, Indiana, US",3,2,0,0
2020-03-20,US,Indiana,41.61756781,-86.29040834,84018141.0,US,USA,840,18141.0,St. Joseph,"St. Joseph, Indiana, US",6,3,0,0
2020-03-21,US,Indiana,41.61756781,-86.29040834,84018141.0,US,USA,840,18141.0,St. Joseph,"St. Joseph, Indiana, US",6,0,0,0
2020-03-22,US,Indiana,41.61756781,-86.29040834,84018141.0,US,USA,840,18141.0,St. Joseph,"St. Joseph, Indiana, US",8,2,0,0
2020-03-23,US,Indiana,41.61756781,-86.29040834,84018141.0,US,USA,840,18141.0,St. Joseph,"St. Joseph, Indiana, US",17,9,0,0
2020-03-24,US,Indiana,41.61756781,-86.29040834,84018141.0,US,USA,840,18141.0,St. Joseph,"St. Joseph, Indiana, US",18,1,0,0
2020-03-25,US,Indiana,41.61756781,-86.29040834,84018141.0,US,USA,840,18141.0,St. Joseph,"St. Joseph, Indiana, US",19,1,0,0
2020-03-26,US,Indiana,41.61756781,-86.29040834,84018141.0,US,USA,840,18141.0,St. Joseph,"St. Joseph, Indiana, US",21,2,0,0
2020-03-27,US,Indiana,41.61756781,-86.29040834,84018141.0,US,USA,840,18141.0,St. Joseph,"St. Joseph, Indiana, US",27,6,1,1
2020-03-28,US,Indiana,41.61756781,-86.29040834,84018141.0,US,USA,840,18141.0,St. Joseph,"St. Joseph, Indiana, US",31,4,1,0
2020-03-29,US,Indiana,41.61756781,-86.29040834,84018141.0,US,USA,840,18141.0,St. Joseph,"St. Joseph, Indiana, US",32,1,1,0
2020-03-30,US,Indiana,41.61756781,-86.29040834,84018141.0,US,USA,840,18141.0,St. Joseph,"St. Joseph, Indiana, US",36,4,1,0
2020-03-31,US,Indiana,41.61756781,-86.29040834,84018141.0,US,USA,840,18141.0,St. Joseph,"St. Joseph, Indiana, US",49,13,1,0
2020-04-01,US,Indiana,41.61756781,-86.29040834,84018141.0,US,USA,840,18141.0,St. Joseph,"St. Joseph, Indiana, US",57,8,1,0
2020-04-02,US,Indiana,41.61756781,-86.29040834,84018141.0,US,USA,840,18141.0,St. Joseph,"St. Joseph, Indiana, US",65,8,1,0
2020-04-03,US,Indiana,41.61756781,-86.29040834,84018141.0,US,USA,840,18141.0,St. Joseph,"St. Joseph, Indiana, US",72,7,1,0
2020-04-04,US,Indiana,41.61756781,-86.29040834,84018141.0,US,USA,840,18141.0,St. Joseph,"St. Joseph, Indiana, US",89,17,1,0
2020-04-05,US,Indiana,41.61756781,-86.29040834,84018141.0,US,USA,840,18141.0,St. Joseph,"St. Joseph, Indiana, US",102,13,1,0
2020-04-06,US,Indiana,41.61756781,-86.29040834,84018141.0,US,USA,840,18141.0,St. Joseph,"St. Joseph, Indiana, US",112,10,1,0
2020-04-07,US,Indiana,41.61756781,-86.29040834,84018141.0,US,USA,840,18141.0,St. Joseph,"St. Joseph, Indiana, US",129,17,1,0
2020-04-08,US,Indiana,41.61756781,-86.29040834,84018141.0,US,USA,840,18141.0,St. Joseph,"St. Joseph, Indiana, US",142,13,1,0
2020-04-09,US,Indiana,41.61756781,-86.29040834,84018141.0,US,USA,840,18141.0,St. Joseph,"St. Joseph, Indiana, US",150,8,1,0
2020-04-10,US,Indiana,41.61756781,-86.29040834,84018141.0,US,USA,840,18141.0,St. Joseph,"St. Joseph, Indiana, US",165,15,2,1
2020-04-11,US,Indiana,41.61756781,-86.29040834,84018141.0,US,USA,840,18141.0,St. Joseph,"St. Joseph, Indiana, US",186,21,3,1
2020-04-12,US,Indiana,41.61756781,-86.29040834,84018141.0,US,USA,840,18141.0,St. Joseph,"St. Joseph, Indiana, US",192,6,3,0
2020-04-13,US,Indiana,41.61756781,-86.29040834,84018141.0,US,USA,840,18141.0,St. Joseph,"St. Joseph, Indiana, US",194,2,3,0
2020-04-14,US,Indiana,41.61756781,-86.29040834,84018141.0,US,USA,840,18141.0,St. Joseph,"St. Joseph, Indiana, US",234,40,4,1
2020-04-15,US,Indiana,41.61756781,-86.29040834,84018141.0,US,USA,840,18141.0,St. Joseph,"St. Joseph, Indiana, US",273,39,5,1
2020-04-16,US,Indiana,41.61756781,-86.29040834,84018141.0,US,USA,840,18141.0,St. Joseph,"St. Joseph, Indiana, US",306,33,7,2
2020-04-17,US,Indiana,41.61756781,-86.29040834,84018141.0,US,USA,840,18141.0,St. Joseph,"St. Joseph, Indiana, US",358,52,7,0
2020-04-18,US,Indiana,41.61756781,-86.29040834,84018141.0,US,USA,840,18141.0,St. Joseph,"St. Joseph, Indiana, US",388,30,8,1
2020-04-19,US,Indiana,41.61756781,-86.29040834,84018141.0,US,USA,840,18141.0,St. Joseph,"St. Joseph, Indiana, US",402,14,8,0
2020-04-20,US,Indiana,41.61756781,-86.29040834,84018141.0,US,USA,840,18141.0,St. Joseph,"St. Joseph, Indiana, US",412,10,9,1
2020-04-21,US,Indiana,41.61756781,-86.29040834,84018141.0,US,USA,840,18141.0,St. Joseph,"St. Joseph, Indiana, US",442,30,9,0
2020-04-22,US,Indiana,41.61756781,-86.29040834,84018141.0,US,USA,840,18141.0,St. Joseph,"St. Joseph, Indiana, US",454,12,10,1
2020-04-23,US,Indiana,41.61756781,-86.29040834,84018141.0,US,USA,840,18141.0,St. Joseph,"St. Joseph, Indiana, US",475,21,10,0
2020-04-24,US,Indiana,41.61756781,-86.29040834,84018141.0,US,USA,840,18141.0,St. Joseph,"St. Joseph, Indiana, US",515,40,11,1
2020-04-25,US,Indiana,41.61756781,-86.29040834,84018141.0,US,USA,840,18141.0,St. Joseph,"St. Joseph, Indiana, US",553,38,11,0
2020-04-26,US,Indiana,41.61756781,-86.29040834,84018141.0,US,USA,840,18141.0,St. Joseph,"St. Joseph, Indiana, US",576,23,14,3
2020-04-27,US,Indiana,41.61756781,-86.29040834,84018141.0,US,USA,840,18141.0,St. Joseph,"St. Joseph, Indiana, US",586,10,15,1
2020-04-28,US,Indiana,41.61756781,-86.29040834,84018141.0,US,USA,840,18141.0,St. Joseph,"St. Joseph, Indiana, US",602,16,16,1
2020-04-29,US,Indiana,41.61756781,-86.29040834,84018141.0,US,USA,840,18141.0,St. Joseph,"St. Joseph, Indiana, US",620,18,17,1
2020-04-30,US,Indiana,41.61756781,-86.29040834,84018141.0,US,USA,840,18141.0,St. Joseph,"St. Joseph, Indiana, US",633,13,17,0
2020-05-01,US,Indiana,41.61756781,-86.29040834,84018141.0,US,USA,840,18141.0,St. Joseph,"St. Joseph, Indiana, US",642,9,19,2
2020-05-02,US,Indiana,41.61756781,-86.29040834,84018141.0,US,USA,840,18141.0,St. Joseph,"St. Joseph, Indiana, US",645,3,20,1
2020-05-03,US,Indiana,41.61756781,-86.29040834,84018141.0,US,USA,840,18141.0,St. Joseph,"St. Joseph, Indiana, US",658,13,20,0
2020-05-04,US,Indiana,41.61756781,-86.29040834,84018141.0,US,USA,840,18141.0,St. Joseph,"St. Joseph, Indiana, US",668,10,20,0
