date,country,state,lat,long,UID,iso2,iso3,code3,FIPS,region,Combined_Key,confirmed,confirmed_new,deaths,deaths_new
2020-01-22,US,California,36.75733899,-119.6466953,84006019.0,US,USA,840,6019.0,Fresno,"Fresno, California, US",0,0,0,0
2020-01-23,US,California,36.75733899,-119.6466953,84006019.0,US,USA,840,6019.0,Fresno,"Fresno, California, US",0,0,0,0
2020-01-24,US,California,36.75733899,-119.6466953,84006019.0,US,USA,840,6019.0,Fresno,"Fresno, California, US",0,0,0,0
2020-01-25,US,California,36.75733899,-119.6466953,84006019.0,US,USA,840,6019.0,Fresno,"Fresno, California, US",0,0,0,0
2020-01-26,US,California,36.75733899,-119.6466953,84006019.0,US,USA,840,6019.0,Fresno,"Fresno, California, US",0,0,0,0
2020-01-27,US,California,36.75733899,-119.6466953,84006019.0,US,USA,840,6019.0,Fresno,"Fresno, California, US",0,0,0,0
2020-01-28,US,California,36.75733899,-119.6466953,84006019.0,US,USA,840,6019.0,Fresno,"Fresno, California, US",0,0,0,0
2020-01-29,US,California,36.75733899,-119.6466953,84006019.0,US,USA,840,6019.0,Fresno,"Fresno, California, US",0,0,0,0
2020-01-30,US,California,36.75733899,-119.6466953,84006019.0,US,USA,840,6019.0,Fresno,"Fresno, California, US",0,0,0,0
2020-01-31,US,California,36.75733899,-119.6466953,84006019.0,US,USA,840,6019.0,Fresno,"Fresno, California, US",0,0,0,0
2020-02-01,US,California,36.75733899,-119.6466953,84006019.0,US,USA,840,6019.0,Fresno,"Fresno, California, US",0,0,0,0
2020-02-02,US,California,36.75733899,-119.6466953,84006019.0,US,USA,840,6019.0,Fresno,"Fresno, California, US",0,0,0,0
2020-02-03,US,California,36.75733899,-119.6466953,84006019.0,US,USA,840,6019.0,Fresno,"Fresno, California, US",0,0,0,0
2020-02-04,US,California,36.75733899,-119.6466953,84006019.0,US,USA,840,6019.0,Fresno,"Fresno, California, US",0,0,0,0
2020-02-05,US,California,36.75733899,-119.6466953,84006019.0,US,USA,840,6019.0,Fresno,"Fresno, California, US",0,0,0,0
2020-02-06,US,California,36.75733899,-119.6466953,84006019.0,US,USA,840,6019.0,Fresno,"Fresno, California, US",0,0,0,0
2020-02-07,US,California,36.75733899,-119.6466953,84006019.0,US,USA,840,6019.0,Fresno,"Fresno, California, US",0,0,0,0
2020-02-08,US,California,36.75733899,-119.6466953,84006019.0,US,USA,840,6019.0,Fresno,"Fresno, California, US",0,0,0,0
2020-02-09,US,California,36.75733899,-119.6466953,84006019.0,US,USA,840,6019.0,Fresno,"Fresno, California, US",0,0,0,0
2020-02-10,US,California,36.75733899,-119.6466953,84006019.0,US,USA,840,6019.0,Fresno,"Fresno, California, US",0,0,0,0
2020-02-11,US,California,36.75733899,-119.6466953,84006019.0,US,USA,840,6019.0,Fresno,"Fresno, California, US",0,0,0,0
2020-02-12,US,California,36.75733899,-119.6466953,84006019.0,US,USA,840,6019.0,Fresno,"Fresno, California, US",0,0,0,0
2020-02-13,US,California,36.75733899,-119.6466953,84006019.0,US,USA,840,6019.0,Fresno,"Fresno, California, US",0,0,0,0
2020-02-14,US,California,36.75733899,-119.6466953,84006019.0,US,USA,840,6019.0,Fresno,"Fresno, California, US",0,0,0,0
2020-02-15,US,California,36.75733899,-119.6466953,84006019.0,US,USA,840,6019.0,Fresno,"Fresno, California, US",0,0,0,0
2020-02-16,US,California,36.75733899,-119.6466953,84006019.0,US,USA,840,6019.0,Fresno,"Fresno, California, US",0,0,0,0
2020-02-17,US,California,36.75733899,-119.6466953,84006019.0,US,USA,840,6019.0,Fresno,"Fresno, California, US",0,0,0,0
2020-02-18,US,California,36.75733899,-119.6466953,84006019.0,US,USA,840,6019.0,Fresno,"Fresno, California, US",0,0,0,0
2020-02-19,US,California,36.75733899,-119.6466953,84006019.0,US,USA,840,6019.0,Fresno,"Fresno, California, US",0,0,0,0
2020-02-20,US,California,36.75733899,-119.6466953,84006019.0,US,USA,840,6019.0,Fresno,"Fresno, California, US",0,0,0,0
2020-02-21,US,California,36.75733899,-119.6466953,84006019.0,US,USA,840,6019.0,Fresno,"Fresno, California, US",0,0,0,0
2020-02-22,US,California,36.75733899,-119.6466953,84006019.0,US,USA,840,6019.0,Fresno,"Fresno, California, US",0,0,0,0
2020-02-23,US,California,36.75733899,-119.6466953,84006019.0,US,USA,840,6019.0,Fresno,"Fresno, California, US",0,0,0,0
2020-02-24,US,California,36.75733899,-119.6466953,84006019.0,US,USA,840,6019.0,Fresno,"Fresno, California, US",0,0,0,0
2020-02-25,US,California,36.75733899,-119.6466953,84006019.0,US,USA,840,6019.0,Fresno,"Fresno, California, US",0,0,0,0
2020-02-26,US,California,36.75733899,-119.6466953,84006019.0,US,USA,840,6019.0,Fresno,"Fresno, California, US",0,0,0,0
2020-02-27,US,California,36.75733899,-119.6466953,84006019.0,US,USA,840,6019.0,Fresno,"Fresno, California, US",0,0,0,0
2020-02-28,US,California,36.75733899,-119.6466953,84006019.0,US,USA,840,6019.0,Fresno,"Fresno, California, US",0,0,0,0
2020-02-29,US,California,36.75733899,-119.6466953,84006019.0,US,USA,840,6019.0,Fresno,"Fresno, California, US",0,0,0,0
2020-03-01,US,California,36.75733899,-119.6466953,84006019.0,US,USA,840,6019.0,Fresno,"Fresno, California, US",0,0,0,0
2020-03-02,US,California,36.75733899,-119.6466953,84006019.0,US,USA,840,6019.0,Fresno,"Fresno, California, US",0,0,0,0
2020-03-03,US,California,36.75733899,-119.6466953,84006019.0,US,USA,840,6019.0,Fresno,"Fresno, California, US",0,0,0,0
2020-03-04,US,California,36.75733899,-119.6466953,84006019.0,US,USA,840,6019.0,Fresno,"Fresno, California, US",0,0,0,0
2020-03-05,US,California,36.75733899,-119.6466953,84006019.0,US,USA,840,6019.0,Fresno,"Fresno, California, US",0,0,0,0
2020-03-06,US,California,36.75733899,-119.6466953,84006019.0,US,USA,840,6019.0,Fresno,"Fresno, California, US",0,0,0,0
2020-03-07,US,California,36.75733899,-119.6466953,84006019.0,US,USA,840,6019.0,Fresno,"Fresno, California, US",0,0,0,0
2020-03-08,US,California,36.75733899,-119.6466953,84006019.0,US,USA,840,6019.0,Fresno,"Fresno, California, US",1,1,0,0
2020-03-09,US,California,36.75733899,-119.6466953,84006019.0,US,USA,840,6019.0,Fresno,"Fresno, California, US",1,0,0,0
2020-03-10,US,California,36.75733899,-119.6466953,84006019.0,US,USA,840,6019.0,Fresno,"Fresno, California, US",1,0,0,0
2020-03-11,US,California,36.75733899,-119.6466953,84006019.0,US,USA,840,6019.0,Fresno,"Fresno, California, US",2,1,0,0
2020-03-12,US,California,36.75733899,-119.6466953,84006019.0,US,USA,840,6019.0,Fresno,"Fresno, California, US",2,0,0,0
2020-03-13,US,California,36.75733899,-119.6466953,84006019.0,US,USA,840,6019.0,Fresno,"Fresno, California, US",1,-1,0,0
2020-03-14,US,California,36.75733899,-119.6466953,84006019.0,US,USA,840,6019.0,Fresno,"Fresno, California, US",1,0,0,0
2020-03-15,US,California,36.75733899,-119.6466953,84006019.0,US,USA,840,6019.0,Fresno,"Fresno, California, US",1,0,0,0
2020-03-16,US,California,36.75733899,-119.6466953,84006019.0,US,USA,840,6019.0,Fresno,"Fresno, California, US",2,1,0,0
2020-03-17,US,California,36.75733899,-119.6466953,84006019.0,US,USA,840,6019.0,Fresno,"Fresno, California, US",2,0,0,0
2020-03-18,US,California,36.75733899,-119.6466953,84006019.0,US,USA,840,6019.0,Fresno,"Fresno, California, US",2,0,0,0
2020-03-19,US,California,36.75733899,-119.6466953,84006019.0,US,USA,840,6019.0,Fresno,"Fresno, California, US",3,1,0,0
2020-03-20,US,California,36.75733899,-119.6466953,84006019.0,US,USA,840,6019.0,Fresno,"Fresno, California, US",6,3,0,0
2020-03-21,US,California,36.75733899,-119.6466953,84006019.0,US,USA,840,6019.0,Fresno,"Fresno, California, US",6,0,0,0
2020-03-22,US,California,36.75733899,-119.6466953,84006019.0,US,USA,840,6019.0,Fresno,"Fresno, California, US",6,0,0,0
2020-03-23,US,California,36.75733899,-119.6466953,84006019.0,US,USA,840,6019.0,Fresno,"Fresno, California, US",6,0,0,0
2020-03-24,US,California,36.75733899,-119.6466953,84006019.0,US,USA,840,6019.0,Fresno,"Fresno, California, US",13,7,0,0
2020-03-25,US,California,36.75733899,-119.6466953,84006019.0,US,USA,840,6019.0,Fresno,"Fresno, California, US",18,5,0,0
2020-03-26,US,California,36.75733899,-119.6466953,84006019.0,US,USA,840,6019.0,Fresno,"Fresno, California, US",19,1,0,0
2020-03-27,US,California,36.75733899,-119.6466953,84006019.0,US,USA,840,6019.0,Fresno,"Fresno, California, US",27,8,0,0
2020-03-28,US,California,36.75733899,-119.6466953,84006019.0,US,USA,840,6019.0,Fresno,"Fresno, California, US",31,4,0,0
2020-03-29,US,California,36.75733899,-119.6466953,84006019.0,US,USA,840,6019.0,Fresno,"Fresno, California, US",43,12,0,0
2020-03-30,US,California,36.75733899,-119.6466953,84006019.0,US,USA,840,6019.0,Fresno,"Fresno, California, US",43,0,0,0
2020-03-31,US,California,36.75733899,-119.6466953,84006019.0,US,USA,840,6019.0,Fresno,"Fresno, California, US",53,10,0,0
2020-04-01,US,California,36.75733899,-119.6466953,84006019.0,US,USA,840,6019.0,Fresno,"Fresno, California, US",68,15,0,0
2020-04-02,US,California,36.75733899,-119.6466953,84006019.0,US,USA,840,6019.0,Fresno,"Fresno, California, US",82,14,0,0
2020-04-03,US,California,36.75733899,-119.6466953,84006019.0,US,USA,840,6019.0,Fresno,"Fresno, California, US",94,12,0,0
2020-04-04,US,California,36.75733899,-119.6466953,84006019.0,US,USA,840,6019.0,Fresno,"Fresno, California, US",100,6,1,1
2020-04-05,US,California,36.75733899,-119.6466953,84006019.0,US,USA,840,6019.0,Fresno,"Fresno, California, US",103,3,1,0
2020-04-06,US,California,36.75733899,-119.6466953,84006019.0,US,USA,840,6019.0,Fresno,"Fresno, California, US",108,5,1,0
2020-04-07,US,California,36.75733899,-119.6466953,84006019.0,US,USA,840,6019.0,Fresno,"Fresno, California, US",124,16,2,1
2020-04-08,US,California,36.75733899,-119.6466953,84006019.0,US,USA,840,6019.0,Fresno,"Fresno, California, US",146,22,3,1
2020-04-09,US,California,36.75733899,-119.6466953,84006019.0,US,USA,840,6019.0,Fresno,"Fresno, California, US",156,10,3,0
2020-04-10,US,California,36.75733899,-119.6466953,84006019.0,US,USA,840,6019.0,Fresno,"Fresno, California, US",173,17,3,0
2020-04-11,US,California,36.75733899,-119.6466953,84006019.0,US,USA,840,6019.0,Fresno,"Fresno, California, US",191,18,5,2
2020-04-12,US,California,36.75733899,-119.6466953,84006019.0,US,USA,840,6019.0,Fresno,"Fresno, California, US",201,10,5,0
2020-04-13,US,California,36.75733899,-119.6466953,84006019.0,US,USA,840,6019.0,Fresno,"Fresno, California, US",201,0,5,0
2020-04-14,US,California,36.75733899,-119.6466953,84006019.0,US,USA,840,6019.0,Fresno,"Fresno, California, US",222,21,5,0
2020-04-15,US,California,36.75733899,-119.6466953,84006019.0,US,USA,840,6019.0,Fresno,"Fresno, California, US",251,29,7,2
2020-04-16,US,California,36.75733899,-119.6466953,84006019.0,US,USA,840,6019.0,Fresno,"Fresno, California, US",265,14,7,0
2020-04-17,US,California,36.75733899,-119.6466953,84006019.0,US,USA,840,6019.0,Fresno,"Fresno, California, US",295,30,7,0
2020-04-18,US,California,36.75733899,-119.6466953,84006019.0,US,USA,840,6019.0,Fresno,"Fresno, California, US",311,16,7,0
2020-04-19,US,California,36.75733899,-119.6466953,84006019.0,US,USA,840,6019.0,Fresno,"Fresno, California, US",315,4,7,0
2020-04-20,US,California,36.75733899,-119.6466953,84006019.0,US,USA,840,6019.0,Fresno,"Fresno, California, US",315,0,7,0
2020-04-21,US,California,36.75733899,-119.6466953,84006019.0,US,USA,840,6019.0,Fresno,"Fresno, California, US",351,36,7,0
2020-04-22,US,California,36.75733899,-119.6466953,84006019.0,US,USA,840,6019.0,Fresno,"Fresno, California, US",371,20,7,0
2020-04-23,US,California,36.75733899,-119.6466953,84006019.0,US,USA,840,6019.0,Fresno,"Fresno, California, US",419,48,7,0
2020-04-24,US,California,36.75733899,-119.6466953,84006019.0,US,USA,840,6019.0,Fresno,"Fresno, California, US",443,24,7,0
2020-04-25,US,California,36.75733899,-119.6466953,84006019.0,US,USA,840,6019.0,Fresno,"Fresno, California, US",443,0,7,0
2020-04-26,US,California,36.75733899,-119.6466953,84006019.0,US,USA,840,6019.0,Fresno,"Fresno, California, US",458,15,7,0
2020-04-27,US,California,36.75733899,-119.6466953,84006019.0,US,USA,840,6019.0,Fresno,"Fresno, California, US",458,0,7,0
2020-04-28,US,California,36.75733899,-119.6466953,84006019.0,US,USA,840,6019.0,Fresno,"Fresno, California, US",498,40,7,0
