date,country,state,lat,long,UID,iso2,iso3,code3,FIPS,region,Combined_Key,confirmed,confirmed_new,deaths,deaths_new
2020-01-22,US,California,33.0393082,-115.36690420000001,84006025.0,US,USA,840,6025.0,Imperial,"Imperial, California, US",0,0,0,0
2020-01-23,US,California,33.0393082,-115.36690420000001,84006025.0,US,USA,840,6025.0,Imperial,"Imperial, California, US",0,0,0,0
2020-01-24,US,California,33.0393082,-115.36690420000001,84006025.0,US,USA,840,6025.0,Imperial,"Imperial, California, US",0,0,0,0
2020-01-25,US,California,33.0393082,-115.36690420000001,84006025.0,US,USA,840,6025.0,Imperial,"Imperial, California, US",0,0,0,0
2020-01-26,US,California,33.0393082,-115.36690420000001,84006025.0,US,USA,840,6025.0,Imperial,"Imperial, California, US",0,0,0,0
2020-01-27,US,California,33.0393082,-115.36690420000001,84006025.0,US,USA,840,6025.0,Imperial,"Imperial, California, US",0,0,0,0
2020-01-28,US,California,33.0393082,-115.36690420000001,84006025.0,US,USA,840,6025.0,Imperial,"Imperial, California, US",0,0,0,0
2020-01-29,US,California,33.0393082,-115.36690420000001,84006025.0,US,USA,840,6025.0,Imperial,"Imperial, California, US",0,0,0,0
2020-01-30,US,California,33.0393082,-115.36690420000001,84006025.0,US,USA,840,6025.0,Imperial,"Imperial, California, US",0,0,0,0
2020-01-31,US,California,33.0393082,-115.36690420000001,84006025.0,US,USA,840,6025.0,Imperial,"Imperial, California, US",0,0,0,0
2020-02-01,US,California,33.0393082,-115.36690420000001,84006025.0,US,USA,840,6025.0,Imperial,"Imperial, California, US",0,0,0,0
2020-02-02,US,California,33.0393082,-115.36690420000001,84006025.0,US,USA,840,6025.0,Imperial,"Imperial, California, US",0,0,0,0
2020-02-03,US,California,33.0393082,-115.36690420000001,84006025.0,US,USA,840,6025.0,Imperial,"Imperial, California, US",0,0,0,0
2020-02-04,US,California,33.0393082,-115.36690420000001,84006025.0,US,USA,840,6025.0,Imperial,"Imperial, California, US",0,0,0,0
2020-02-05,US,California,33.0393082,-115.36690420000001,84006025.0,US,USA,840,6025.0,Imperial,"Imperial, California, US",0,0,0,0
2020-02-06,US,California,33.0393082,-115.36690420000001,84006025.0,US,USA,840,6025.0,Imperial,"Imperial, California, US",0,0,0,0
2020-02-07,US,California,33.0393082,-115.36690420000001,84006025.0,US,USA,840,6025.0,Imperial,"Imperial, California, US",0,0,0,0
2020-02-08,US,California,33.0393082,-115.36690420000001,84006025.0,US,USA,840,6025.0,Imperial,"Imperial, California, US",0,0,0,0
2020-02-09,US,California,33.0393082,-115.36690420000001,84006025.0,US,USA,840,6025.0,Imperial,"Imperial, California, US",0,0,0,0
2020-02-10,US,California,33.0393082,-115.36690420000001,84006025.0,US,USA,840,6025.0,Imperial,"Imperial, California, US",0,0,0,0
2020-02-11,US,California,33.0393082,-115.36690420000001,84006025.0,US,USA,840,6025.0,Imperial,"Imperial, California, US",0,0,0,0
2020-02-12,US,California,33.0393082,-115.36690420000001,84006025.0,US,USA,840,6025.0,Imperial,"Imperial, California, US",0,0,0,0
2020-02-13,US,California,33.0393082,-115.36690420000001,84006025.0,US,USA,840,6025.0,Imperial,"Imperial, California, US",0,0,0,0
2020-02-14,US,California,33.0393082,-115.36690420000001,84006025.0,US,USA,840,6025.0,Imperial,"Imperial, California, US",0,0,0,0
2020-02-15,US,California,33.0393082,-115.36690420000001,84006025.0,US,USA,840,6025.0,Imperial,"Imperial, California, US",0,0,0,0
2020-02-16,US,California,33.0393082,-115.36690420000001,84006025.0,US,USA,840,6025.0,Imperial,"Imperial, California, US",0,0,0,0
2020-02-17,US,California,33.0393082,-115.36690420000001,84006025.0,US,USA,840,6025.0,Imperial,"Imperial, California, US",0,0,0,0
2020-02-18,US,California,33.0393082,-115.36690420000001,84006025.0,US,USA,840,6025.0,Imperial,"Imperial, California, US",0,0,0,0
2020-02-19,US,California,33.0393082,-115.36690420000001,84006025.0,US,USA,840,6025.0,Imperial,"Imperial, California, US",0,0,0,0
2020-02-20,US,California,33.0393082,-115.36690420000001,84006025.0,US,USA,840,6025.0,Imperial,"Imperial, California, US",0,0,0,0
2020-02-21,US,California,33.0393082,-115.36690420000001,84006025.0,US,USA,840,6025.0,Imperial,"Imperial, California, US",0,0,0,0
2020-02-22,US,California,33.0393082,-115.36690420000001,84006025.0,US,USA,840,6025.0,Imperial,"Imperial, California, US",0,0,0,0
2020-02-23,US,California,33.0393082,-115.36690420000001,84006025.0,US,USA,840,6025.0,Imperial,"Imperial, California, US",0,0,0,0
2020-02-24,US,California,33.0393082,-115.36690420000001,84006025.0,US,USA,840,6025.0,Imperial,"Imperial, California, US",0,0,0,0
2020-02-25,US,California,33.0393082,-115.36690420000001,84006025.0,US,USA,840,6025.0,Imperial,"Imperial, California, US",0,0,0,0
2020-02-26,US,California,33.0393082,-115.36690420000001,84006025.0,US,USA,840,6025.0,Imperial,"Imperial, California, US",0,0,0,0
2020-02-27,US,California,33.0393082,-115.36690420000001,84006025.0,US,USA,840,6025.0,Imperial,"Imperial, California, US",0,0,0,0
2020-02-28,US,California,33.0393082,-115.36690420000001,84006025.0,US,USA,840,6025.0,Imperial,"Imperial, California, US",0,0,0,0
2020-02-29,US,California,33.0393082,-115.36690420000001,84006025.0,US,USA,840,6025.0,Imperial,"Imperial, California, US",0,0,0,0
2020-03-01,US,California,33.0393082,-115.36690420000001,84006025.0,US,USA,840,6025.0,Imperial,"Imperial, California, US",0,0,0,0
2020-03-02,US,California,33.0393082,-115.36690420000001,84006025.0,US,USA,840,6025.0,Imperial,"Imperial, California, US",0,0,0,0
2020-03-03,US,California,33.0393082,-115.36690420000001,84006025.0,US,USA,840,6025.0,Imperial,"Imperial, California, US",0,0,0,0
2020-03-04,US,California,33.0393082,-115.36690420000001,84006025.0,US,USA,840,6025.0,Imperial,"Imperial, California, US",0,0,0,0
2020-03-05,US,California,33.0393082,-115.36690420000001,84006025.0,US,USA,840,6025.0,Imperial,"Imperial, California, US",0,0,0,0
2020-03-06,US,California,33.0393082,-115.36690420000001,84006025.0,US,USA,840,6025.0,Imperial,"Imperial, California, US",0,0,0,0
2020-03-07,US,California,33.0393082,-115.36690420000001,84006025.0,US,USA,840,6025.0,Imperial,"Imperial, California, US",0,0,0,0
2020-03-08,US,California,33.0393082,-115.36690420000001,84006025.0,US,USA,840,6025.0,Imperial,"Imperial, California, US",0,0,0,0
2020-03-09,US,California,33.0393082,-115.36690420000001,84006025.0,US,USA,840,6025.0,Imperial,"Imperial, California, US",0,0,0,0
2020-03-10,US,California,33.0393082,-115.36690420000001,84006025.0,US,USA,840,6025.0,Imperial,"Imperial, California, US",0,0,0,0
2020-03-11,US,California,33.0393082,-115.36690420000001,84006025.0,US,USA,840,6025.0,Imperial,"Imperial, California, US",0,0,0,0
2020-03-12,US,California,33.0393082,-115.36690420000001,84006025.0,US,USA,840,6025.0,Imperial,"Imperial, California, US",2,2,0,0
2020-03-13,US,California,33.0393082,-115.36690420000001,84006025.0,US,USA,840,6025.0,Imperial,"Imperial, California, US",2,0,0,0
2020-03-14,US,California,33.0393082,-115.36690420000001,84006025.0,US,USA,840,6025.0,Imperial,"Imperial, California, US",2,0,0,0
2020-03-15,US,California,33.0393082,-115.36690420000001,84006025.0,US,USA,840,6025.0,Imperial,"Imperial, California, US",2,0,0,0
2020-03-16,US,California,33.0393082,-115.36690420000001,84006025.0,US,USA,840,6025.0,Imperial,"Imperial, California, US",2,0,0,0
2020-03-17,US,California,33.0393082,-115.36690420000001,84006025.0,US,USA,840,6025.0,Imperial,"Imperial, California, US",2,0,0,0
2020-03-18,US,California,33.0393082,-115.36690420000001,84006025.0,US,USA,840,6025.0,Imperial,"Imperial, California, US",2,0,0,0
2020-03-19,US,California,33.0393082,-115.36690420000001,84006025.0,US,USA,840,6025.0,Imperial,"Imperial, California, US",2,0,0,0
2020-03-20,US,California,33.0393082,-115.36690420000001,84006025.0,US,USA,840,6025.0,Imperial,"Imperial, California, US",4,2,0,0
2020-03-21,US,California,33.0393082,-115.36690420000001,84006025.0,US,USA,840,6025.0,Imperial,"Imperial, California, US",4,0,0,0
2020-03-22,US,California,33.0393082,-115.36690420000001,84006025.0,US,USA,840,6025.0,Imperial,"Imperial, California, US",6,2,0,0
2020-03-23,US,California,33.0393082,-115.36690420000001,84006025.0,US,USA,840,6025.0,Imperial,"Imperial, California, US",6,0,0,0
2020-03-24,US,California,33.0393082,-115.36690420000001,84006025.0,US,USA,840,6025.0,Imperial,"Imperial, California, US",6,0,0,0
2020-03-25,US,California,33.0393082,-115.36690420000001,84006025.0,US,USA,840,6025.0,Imperial,"Imperial, California, US",9,3,0,0
2020-03-26,US,California,33.0393082,-115.36690420000001,84006025.0,US,USA,840,6025.0,Imperial,"Imperial, California, US",9,0,0,0
2020-03-27,US,California,33.0393082,-115.36690420000001,84006025.0,US,USA,840,6025.0,Imperial,"Imperial, California, US",17,8,0,0
2020-03-28,US,California,33.0393082,-115.36690420000001,84006025.0,US,USA,840,6025.0,Imperial,"Imperial, California, US",21,4,0,0
2020-03-29,US,California,33.0393082,-115.36690420000001,84006025.0,US,USA,840,6025.0,Imperial,"Imperial, California, US",25,4,0,0
2020-03-30,US,California,33.0393082,-115.36690420000001,84006025.0,US,USA,840,6025.0,Imperial,"Imperial, California, US",25,0,0,0
2020-03-31,US,California,33.0393082,-115.36690420000001,84006025.0,US,USA,840,6025.0,Imperial,"Imperial, California, US",33,8,0,0
2020-04-01,US,California,33.0393082,-115.36690420000001,84006025.0,US,USA,840,6025.0,Imperial,"Imperial, California, US",38,5,0,0
2020-04-02,US,California,33.0393082,-115.36690420000001,84006025.0,US,USA,840,6025.0,Imperial,"Imperial, California, US",43,5,1,1
2020-04-03,US,California,33.0393082,-115.36690420000001,84006025.0,US,USA,840,6025.0,Imperial,"Imperial, California, US",52,9,1,0
2020-04-04,US,California,33.0393082,-115.36690420000001,84006025.0,US,USA,840,6025.0,Imperial,"Imperial, California, US",55,3,1,0
2020-04-05,US,California,33.0393082,-115.36690420000001,84006025.0,US,USA,840,6025.0,Imperial,"Imperial, California, US",57,2,2,1
2020-04-06,US,California,33.0393082,-115.36690420000001,84006025.0,US,USA,840,6025.0,Imperial,"Imperial, California, US",65,8,3,1
2020-04-07,US,California,33.0393082,-115.36690420000001,84006025.0,US,USA,840,6025.0,Imperial,"Imperial, California, US",68,3,3,0
2020-04-08,US,California,33.0393082,-115.36690420000001,84006025.0,US,USA,840,6025.0,Imperial,"Imperial, California, US",73,5,3,0
2020-04-09,US,California,33.0393082,-115.36690420000001,84006025.0,US,USA,840,6025.0,Imperial,"Imperial, California, US",75,2,3,0
2020-04-10,US,California,33.0393082,-115.36690420000001,84006025.0,US,USA,840,6025.0,Imperial,"Imperial, California, US",79,4,3,0
2020-04-11,US,California,33.0393082,-115.36690420000001,84006025.0,US,USA,840,6025.0,Imperial,"Imperial, California, US",79,0,3,0
2020-04-12,US,California,33.0393082,-115.36690420000001,84006025.0,US,USA,840,6025.0,Imperial,"Imperial, California, US",87,8,3,0
2020-04-13,US,California,33.0393082,-115.36690420000001,84006025.0,US,USA,840,6025.0,Imperial,"Imperial, California, US",87,0,3,0
2020-04-14,US,California,33.0393082,-115.36690420000001,84006025.0,US,USA,840,6025.0,Imperial,"Imperial, California, US",100,13,3,0
2020-04-15,US,California,33.0393082,-115.36690420000001,84006025.0,US,USA,840,6025.0,Imperial,"Imperial, California, US",117,17,3,0
2020-04-16,US,California,33.0393082,-115.36690420000001,84006025.0,US,USA,840,6025.0,Imperial,"Imperial, California, US",127,10,3,0
2020-04-17,US,California,33.0393082,-115.36690420000001,84006025.0,US,USA,840,6025.0,Imperial,"Imperial, California, US",143,16,3,0
2020-04-18,US,California,33.0393082,-115.36690420000001,84006025.0,US,USA,840,6025.0,Imperial,"Imperial, California, US",155,12,3,0
2020-04-19,US,California,33.0393082,-115.36690420000001,84006025.0,US,USA,840,6025.0,Imperial,"Imperial, California, US",155,0,3,0
2020-04-20,US,California,33.0393082,-115.36690420000001,84006025.0,US,USA,840,6025.0,Imperial,"Imperial, California, US",160,5,3,0
2020-04-21,US,California,33.0393082,-115.36690420000001,84006025.0,US,USA,840,6025.0,Imperial,"Imperial, California, US",175,15,4,1
2020-04-22,US,California,33.0393082,-115.36690420000001,84006025.0,US,USA,840,6025.0,Imperial,"Imperial, California, US",195,20,5,1
2020-04-23,US,California,33.0393082,-115.36690420000001,84006025.0,US,USA,840,6025.0,Imperial,"Imperial, California, US",232,37,8,3
2020-04-24,US,California,33.0393082,-115.36690420000001,84006025.0,US,USA,840,6025.0,Imperial,"Imperial, California, US",251,19,8,0
2020-04-25,US,California,33.0393082,-115.36690420000001,84006025.0,US,USA,840,6025.0,Imperial,"Imperial, California, US",251,0,8,0
2020-04-26,US,California,33.0393082,-115.36690420000001,84006025.0,US,USA,840,6025.0,Imperial,"Imperial, California, US",251,0,8,0
2020-04-27,US,California,33.0393082,-115.36690420000001,84006025.0,US,USA,840,6025.0,Imperial,"Imperial, California, US",281,30,8,0
2020-04-28,US,California,33.0393082,-115.36690420000001,84006025.0,US,USA,840,6025.0,Imperial,"Imperial, California, US",284,3,8,0
2020-04-29,US,California,33.0393082,-115.36690420000001,84006025.0,US,USA,840,6025.0,Imperial,"Imperial, California, US",319,35,8,0
2020-04-30,US,California,33.0393082,-115.36690420000001,84006025.0,US,USA,840,6025.0,Imperial,"Imperial, California, US",319,0,8,0
2020-05-01,US,California,33.0393082,-115.36690420000001,84006025.0,US,USA,840,6025.0,Imperial,"Imperial, California, US",333,14,9,1
2020-05-02,US,California,33.0393082,-115.36690420000001,84006025.0,US,USA,840,6025.0,Imperial,"Imperial, California, US",358,25,9,0
2020-05-03,US,California,33.0393082,-115.36690420000001,84006025.0,US,USA,840,6025.0,Imperial,"Imperial, California, US",358,0,9,0
