date,country,state,lat,long,UID,iso2,iso3,code3,FIPS,region,Combined_Key,confirmed,confirmed_new,deaths,deaths_new
2020-01-22,US,California,34.30828379,-118.2282411,84006037.0,US,USA,840,6037.0,Los Angeles,"Los Angeles, California, US",0,0,0.0,0.0
2020-01-23,US,California,34.30828379,-118.2282411,84006037.0,US,USA,840,6037.0,Los Angeles,"Los Angeles, California, US",0,0,0.0,0.0
2020-01-24,US,California,34.30828379,-118.2282411,84006037.0,US,USA,840,6037.0,Los Angeles,"Los Angeles, California, US",0,0,0.0,0.0
2020-01-25,US,California,34.30828379,-118.2282411,84006037.0,US,USA,840,6037.0,Los Angeles,"Los Angeles, California, US",0,0,0.0,0.0
2020-01-26,US,California,34.30828379,-118.2282411,84006037.0,US,USA,840,6037.0,Los Angeles,"Los Angeles, California, US",1,1,0.0,0.0
2020-01-27,US,California,34.30828379,-118.2282411,84006037.0,US,USA,840,6037.0,Los Angeles,"Los Angeles, California, US",1,0,0.0,0.0
2020-01-28,US,California,34.30828379,-118.2282411,84006037.0,US,USA,840,6037.0,Los Angeles,"Los Angeles, California, US",1,0,0.0,0.0
2020-01-29,US,California,34.30828379,-118.2282411,84006037.0,US,USA,840,6037.0,Los Angeles,"Los Angeles, California, US",1,0,0.0,0.0
2020-01-30,US,California,34.30828379,-118.2282411,84006037.0,US,USA,840,6037.0,Los Angeles,"Los Angeles, California, US",1,0,0.0,0.0
2020-01-31,US,California,34.30828379,-118.2282411,84006037.0,US,USA,840,6037.0,Los Angeles,"Los Angeles, California, US",1,0,0.0,0.0
2020-02-01,US,California,34.30828379,-118.2282411,84006037.0,US,USA,840,6037.0,Los Angeles,"Los Angeles, California, US",1,0,0.0,0.0
2020-02-02,US,California,34.30828379,-118.2282411,84006037.0,US,USA,840,6037.0,Los Angeles,"Los Angeles, California, US",1,0,0.0,0.0
2020-02-03,US,California,34.30828379,-118.2282411,84006037.0,US,USA,840,6037.0,Los Angeles,"Los Angeles, California, US",1,0,0.0,0.0
2020-02-04,US,California,34.30828379,-118.2282411,84006037.0,US,USA,840,6037.0,Los Angeles,"Los Angeles, California, US",1,0,0.0,0.0
2020-02-05,US,California,34.30828379,-118.2282411,84006037.0,US,USA,840,6037.0,Los Angeles,"Los Angeles, California, US",1,0,0.0,0.0
2020-02-06,US,California,34.30828379,-118.2282411,84006037.0,US,USA,840,6037.0,Los Angeles,"Los Angeles, California, US",1,0,0.0,0.0
2020-02-07,US,California,34.30828379,-118.2282411,84006037.0,US,USA,840,6037.0,Los Angeles,"Los Angeles, California, US",1,0,0.0,0.0
2020-02-08,US,California,34.30828379,-118.2282411,84006037.0,US,USA,840,6037.0,Los Angeles,"Los Angeles, California, US",1,0,0.0,0.0
2020-02-09,US,California,34.30828379,-118.2282411,84006037.0,US,USA,840,6037.0,Los Angeles,"Los Angeles, California, US",1,0,0.0,0.0
2020-02-10,US,California,34.30828379,-118.2282411,84006037.0,US,USA,840,6037.0,Los Angeles,"Los Angeles, California, US",1,0,0.0,0.0
2020-02-11,US,California,34.30828379,-118.2282411,84006037.0,US,USA,840,6037.0,Los Angeles,"Los Angeles, California, US",1,0,0.0,0.0
2020-02-12,US,California,34.30828379,-118.2282411,84006037.0,US,USA,840,6037.0,Los Angeles,"Los Angeles, California, US",1,0,0.0,0.0
2020-02-13,US,California,34.30828379,-118.2282411,84006037.0,US,USA,840,6037.0,Los Angeles,"Los Angeles, California, US",1,0,0.0,0.0
2020-02-14,US,California,34.30828379,-118.2282411,84006037.0,US,USA,840,6037.0,Los Angeles,"Los Angeles, California, US",1,0,0.0,0.0
2020-02-15,US,California,34.30828379,-118.2282411,84006037.0,US,USA,840,6037.0,Los Angeles,"Los Angeles, California, US",1,0,0.0,0.0
2020-02-16,US,California,34.30828379,-118.2282411,84006037.0,US,USA,840,6037.0,Los Angeles,"Los Angeles, California, US",1,0,0.0,0.0
2020-02-17,US,California,34.30828379,-118.2282411,84006037.0,US,USA,840,6037.0,Los Angeles,"Los Angeles, California, US",1,0,0.0,0.0
2020-02-18,US,California,34.30828379,-118.2282411,84006037.0,US,USA,840,6037.0,Los Angeles,"Los Angeles, California, US",1,0,0.0,0.0
2020-02-19,US,California,34.30828379,-118.2282411,84006037.0,US,USA,840,6037.0,Los Angeles,"Los Angeles, California, US",1,0,0.0,0.0
2020-02-20,US,California,34.30828379,-118.2282411,84006037.0,US,USA,840,6037.0,Los Angeles,"Los Angeles, California, US",1,0,0.0,0.0
2020-02-21,US,California,34.30828379,-118.2282411,84006037.0,US,USA,840,6037.0,Los Angeles,"Los Angeles, California, US",1,0,0.0,0.0
2020-02-22,US,California,34.30828379,-118.2282411,84006037.0,US,USA,840,6037.0,Los Angeles,"Los Angeles, California, US",1,0,0.0,0.0
2020-02-23,US,California,34.30828379,-118.2282411,84006037.0,US,USA,840,6037.0,Los Angeles,"Los Angeles, California, US",1,0,0.0,0.0
2020-02-24,US,California,34.30828379,-118.2282411,84006037.0,US,USA,840,6037.0,Los Angeles,"Los Angeles, California, US",1,0,0.0,0.0
2020-02-25,US,California,34.30828379,-118.2282411,84006037.0,US,USA,840,6037.0,Los Angeles,"Los Angeles, California, US",1,0,0.0,0.0
2020-02-26,US,California,34.30828379,-118.2282411,84006037.0,US,USA,840,6037.0,Los Angeles,"Los Angeles, California, US",1,0,0.0,0.0
2020-02-27,US,California,34.30828379,-118.2282411,84006037.0,US,USA,840,6037.0,Los Angeles,"Los Angeles, California, US",1,0,0.0,0.0
2020-02-28,US,California,34.30828379,-118.2282411,84006037.0,US,USA,840,6037.0,Los Angeles,"Los Angeles, California, US",1,0,0.0,0.0
2020-02-29,US,California,34.30828379,-118.2282411,84006037.0,US,USA,840,6037.0,Los Angeles,"Los Angeles, California, US",1,0,0.0,0.0
2020-03-01,US,California,34.30828379,-118.2282411,84006037.0,US,USA,840,6037.0,Los Angeles,"Los Angeles, California, US",1,0,0.0,0.0
2020-03-02,US,California,34.30828379,-118.2282411,84006037.0,US,USA,840,6037.0,Los Angeles,"Los Angeles, California, US",1,0,0.0,0.0
2020-03-03,US,California,34.30828379,-118.2282411,84006037.0,US,USA,840,6037.0,Los Angeles,"Los Angeles, California, US",1,0,0.0,0.0
2020-03-04,US,California,34.30828379,-118.2282411,84006037.0,US,USA,840,6037.0,Los Angeles,"Los Angeles, California, US",7,6,0.0,0.0
2020-03-05,US,California,34.30828379,-118.2282411,84006037.0,US,USA,840,6037.0,Los Angeles,"Los Angeles, California, US",11,4,0.0,0.0
2020-03-06,US,California,34.30828379,-118.2282411,84006037.0,US,USA,840,6037.0,Los Angeles,"Los Angeles, California, US",13,2,0.0,0.0
2020-03-07,US,California,34.30828379,-118.2282411,84006037.0,US,USA,840,6037.0,Los Angeles,"Los Angeles, California, US",14,1,0.0,0.0
2020-03-08,US,California,34.30828379,-118.2282411,84006037.0,US,USA,840,6037.0,Los Angeles,"Los Angeles, California, US",14,0,0.0,0.0
2020-03-09,US,California,34.30828379,-118.2282411,84006037.0,US,USA,840,6037.0,Los Angeles,"Los Angeles, California, US",14,0,0.0,0.0
2020-03-10,US,California,34.30828379,-118.2282411,84006037.0,US,USA,840,6037.0,Los Angeles,"Los Angeles, California, US",20,6,0.0,0.0
2020-03-11,US,California,34.30828379,-118.2282411,84006037.0,US,USA,840,6037.0,Los Angeles,"Los Angeles, California, US",27,7,0.0,0.0
2020-03-12,US,California,34.30828379,-118.2282411,84006037.0,US,USA,840,6037.0,Los Angeles,"Los Angeles, California, US",32,5,0.0,0.0
2020-03-13,US,California,34.30828379,-118.2282411,84006037.0,US,USA,840,6037.0,Los Angeles,"Los Angeles, California, US",40,8,0.0,0.0
2020-03-14,US,California,34.30828379,-118.2282411,84006037.0,US,USA,840,6037.0,Los Angeles,"Los Angeles, California, US",53,13,0.0,0.0
2020-03-15,US,California,34.30828379,-118.2282411,84006037.0,US,USA,840,6037.0,Los Angeles,"Los Angeles, California, US",53,0,0.0,0.0
2020-03-16,US,California,34.30828379,-118.2282411,84006037.0,US,USA,840,6037.0,Los Angeles,"Los Angeles, California, US",94,41,0.0,0.0
2020-03-17,US,California,34.30828379,-118.2282411,84006037.0,US,USA,840,6037.0,Los Angeles,"Los Angeles, California, US",144,50,0.0,0.0
2020-03-18,US,California,34.30828379,-118.2282411,84006037.0,US,USA,840,6037.0,Los Angeles,"Los Angeles, California, US",190,46,0.0,0.0
2020-03-19,US,California,34.30828379,-118.2282411,84006037.0,US,USA,840,6037.0,Los Angeles,"Los Angeles, California, US",231,41,0.0,0.0
2020-03-20,US,California,34.30828379,-118.2282411,84006037.0,US,USA,840,6037.0,Los Angeles,"Los Angeles, California, US",292,61,0.0,0.0
2020-03-21,US,California,34.30828379,-118.2282411,84006037.0,US,USA,840,6037.0,Los Angeles,"Los Angeles, California, US",292,0,0.0,0.0
2020-03-22,US,California,34.30828379,-118.2282411,84006037.0,US,USA,840,6037.0,Los Angeles,"Los Angeles, California, US",407,115,0.0,0.0
2020-03-23,US,California,34.30828379,-118.2282411,84006037.0,US,USA,840,6037.0,Los Angeles,"Los Angeles, California, US",536,129,0.0,0.0
2020-03-24,US,California,34.30828379,-118.2282411,84006037.0,US,USA,840,6037.0,Los Angeles,"Los Angeles, California, US",662,126,0.0,0.0
2020-03-25,US,California,34.30828379,-118.2282411,84006037.0,US,USA,840,6037.0,Los Angeles,"Los Angeles, California, US",812,150,0.0,0.0
2020-03-26,US,California,34.30828379,-118.2282411,84006037.0,US,USA,840,6037.0,Los Angeles,"Los Angeles, California, US",1229,417,0.0,0.0
2020-03-27,US,California,34.30828379,-118.2282411,84006037.0,US,USA,840,6037.0,Los Angeles,"Los Angeles, California, US",1465,236,0.0,0.0
2020-03-28,US,California,34.30828379,-118.2282411,84006037.0,US,USA,840,6037.0,Los Angeles,"Los Angeles, California, US",1465,0,0.0,0.0
2020-03-29,US,California,34.30828379,-118.2282411,84006037.0,US,USA,840,6037.0,Los Angeles,"Los Angeles, California, US",1829,364,0.0,0.0
2020-03-30,US,California,34.30828379,-118.2282411,84006037.0,US,USA,840,6037.0,Los Angeles,"Los Angeles, California, US",2474,645,0.0,0.0
2020-03-31,US,California,34.30828379,-118.2282411,84006037.0,US,USA,840,6037.0,Los Angeles,"Los Angeles, California, US",3019,545,0.0,0.0
2020-04-01,US,California,34.30828379,-118.2282411,84006037.0,US,USA,840,6037.0,Los Angeles,"Los Angeles, California, US",3518,499,0.0,0.0
2020-04-02,US,California,34.30828379,-118.2282411,84006037.0,US,USA,840,6037.0,Los Angeles,"Los Angeles, California, US",4045,527,0.0,0.0
2020-04-03,US,California,34.30828379,-118.2282411,84006037.0,US,USA,840,6037.0,Los Angeles,"Los Angeles, California, US",4566,521,0.0,0.0
2020-04-04,US,California,34.30828379,-118.2282411,84006037.0,US,USA,840,6037.0,Los Angeles,"Los Angeles, California, US",4605,39,0.0,0.0
2020-04-05,US,California,34.30828379,-118.2282411,84006037.0,US,USA,840,6037.0,Los Angeles,"Los Angeles, California, US",5955,1350,0.0,0.0
2020-04-06,US,California,34.30828379,-118.2282411,84006037.0,US,USA,840,6037.0,Los Angeles,"Los Angeles, California, US",6377,422,0.0,0.0
2020-04-07,US,California,34.30828379,-118.2282411,84006037.0,US,USA,840,6037.0,Los Angeles,"Los Angeles, California, US",6936,559,0.0,0.0
2020-04-08,US,California,34.30828379,-118.2282411,84006037.0,US,USA,840,6037.0,Los Angeles,"Los Angeles, California, US",7559,623,0.0,0.0
2020-04-09,US,California,34.30828379,-118.2282411,84006037.0,US,USA,840,6037.0,Los Angeles,"Los Angeles, California, US",7955,396,0.0,0.0
2020-04-10,US,California,34.30828379,-118.2282411,84006037.0,US,USA,840,6037.0,Los Angeles,"Los Angeles, California, US",8443,488,0.0,0.0
2020-04-11,US,California,34.30828379,-118.2282411,84006037.0,US,USA,840,6037.0,Los Angeles,"Los Angeles, California, US",8453,10,0.0,0.0
2020-04-12,US,California,34.30828379,-118.2282411,84006037.0,US,USA,840,6037.0,Los Angeles,"Los Angeles, California, US",8894,441,0.0,0.0
2020-04-13,US,California,34.30828379,-118.2282411,84006037.0,US,USA,840,6037.0,Los Angeles,"Los Angeles, California, US",9433,539,0.0,0.0
2020-04-14,US,California,34.30828379,-118.2282411,84006037.0,US,USA,840,6037.0,Los Angeles,"Los Angeles, California, US",10047,614,0.0,0.0
2020-04-15,US,California,34.30828379,-118.2282411,84006037.0,US,USA,840,6037.0,Los Angeles,"Los Angeles, California, US",10517,470,0.0,0.0
