date,country,state,lat,long,UID,iso2,iso3,code3,FIPS,region,Combined_Key,confirmed,confirmed_new,deaths,deaths_new
2020-01-22,us,new-jersey,41.03238628,-74.29954144,84034031.0,US,USA,840,34031.0,passaic,"Passaic, New Jersey, US",0,0,0,0
2020-01-23,us,new-jersey,41.03238628,-74.29954144,84034031.0,US,USA,840,34031.0,passaic,"Passaic, New Jersey, US",0,0,0,0
2020-01-24,us,new-jersey,41.03238628,-74.29954144,84034031.0,US,USA,840,34031.0,passaic,"Passaic, New Jersey, US",0,0,0,0
2020-01-25,us,new-jersey,41.03238628,-74.29954144,84034031.0,US,USA,840,34031.0,passaic,"Passaic, New Jersey, US",0,0,0,0
2020-01-26,us,new-jersey,41.03238628,-74.29954144,84034031.0,US,USA,840,34031.0,passaic,"Passaic, New Jersey, US",0,0,0,0
2020-01-27,us,new-jersey,41.03238628,-74.29954144,84034031.0,US,USA,840,34031.0,passaic,"Passaic, New Jersey, US",0,0,0,0
2020-01-28,us,new-jersey,41.03238628,-74.29954144,84034031.0,US,USA,840,34031.0,passaic,"Passaic, New Jersey, US",0,0,0,0
2020-01-29,us,new-jersey,41.03238628,-74.29954144,84034031.0,US,USA,840,34031.0,passaic,"Passaic, New Jersey, US",0,0,0,0
2020-01-30,us,new-jersey,41.03238628,-74.29954144,84034031.0,US,USA,840,34031.0,passaic,"Passaic, New Jersey, US",0,0,0,0
2020-01-31,us,new-jersey,41.03238628,-74.29954144,84034031.0,US,USA,840,34031.0,passaic,"Passaic, New Jersey, US",0,0,0,0
2020-02-01,us,new-jersey,41.03238628,-74.29954144,84034031.0,US,USA,840,34031.0,passaic,"Passaic, New Jersey, US",0,0,0,0
2020-02-02,us,new-jersey,41.03238628,-74.29954144,84034031.0,US,USA,840,34031.0,passaic,"Passaic, New Jersey, US",0,0,0,0
2020-02-03,us,new-jersey,41.03238628,-74.29954144,84034031.0,US,USA,840,34031.0,passaic,"Passaic, New Jersey, US",0,0,0,0
2020-02-04,us,new-jersey,41.03238628,-74.29954144,84034031.0,US,USA,840,34031.0,passaic,"Passaic, New Jersey, US",0,0,0,0
2020-02-05,us,new-jersey,41.03238628,-74.29954144,84034031.0,US,USA,840,34031.0,passaic,"Passaic, New Jersey, US",0,0,0,0
2020-02-06,us,new-jersey,41.03238628,-74.29954144,84034031.0,US,USA,840,34031.0,passaic,"Passaic, New Jersey, US",0,0,0,0
2020-02-07,us,new-jersey,41.03238628,-74.29954144,84034031.0,US,USA,840,34031.0,passaic,"Passaic, New Jersey, US",0,0,0,0
2020-02-08,us,new-jersey,41.03238628,-74.29954144,84034031.0,US,USA,840,34031.0,passaic,"Passaic, New Jersey, US",0,0,0,0
2020-02-09,us,new-jersey,41.03238628,-74.29954144,84034031.0,US,USA,840,34031.0,passaic,"Passaic, New Jersey, US",0,0,0,0
2020-02-10,us,new-jersey,41.03238628,-74.29954144,84034031.0,US,USA,840,34031.0,passaic,"Passaic, New Jersey, US",0,0,0,0
2020-02-11,us,new-jersey,41.03238628,-74.29954144,84034031.0,US,USA,840,34031.0,passaic,"Passaic, New Jersey, US",0,0,0,0
2020-02-12,us,new-jersey,41.03238628,-74.29954144,84034031.0,US,USA,840,34031.0,passaic,"Passaic, New Jersey, US",0,0,0,0
2020-02-13,us,new-jersey,41.03238628,-74.29954144,84034031.0,US,USA,840,34031.0,passaic,"Passaic, New Jersey, US",0,0,0,0
2020-02-14,us,new-jersey,41.03238628,-74.29954144,84034031.0,US,USA,840,34031.0,passaic,"Passaic, New Jersey, US",0,0,0,0
2020-02-15,us,new-jersey,41.03238628,-74.29954144,84034031.0,US,USA,840,34031.0,passaic,"Passaic, New Jersey, US",0,0,0,0
2020-02-16,us,new-jersey,41.03238628,-74.29954144,84034031.0,US,USA,840,34031.0,passaic,"Passaic, New Jersey, US",0,0,0,0
2020-02-17,us,new-jersey,41.03238628,-74.29954144,84034031.0,US,USA,840,34031.0,passaic,"Passaic, New Jersey, US",0,0,0,0
2020-02-18,us,new-jersey,41.03238628,-74.29954144,84034031.0,US,USA,840,34031.0,passaic,"Passaic, New Jersey, US",0,0,0,0
2020-02-19,us,new-jersey,41.03238628,-74.29954144,84034031.0,US,USA,840,34031.0,passaic,"Passaic, New Jersey, US",0,0,0,0
2020-02-20,us,new-jersey,41.03238628,-74.29954144,84034031.0,US,USA,840,34031.0,passaic,"Passaic, New Jersey, US",0,0,0,0
2020-02-21,us,new-jersey,41.03238628,-74.29954144,84034031.0,US,USA,840,34031.0,passaic,"Passaic, New Jersey, US",0,0,0,0
2020-02-22,us,new-jersey,41.03238628,-74.29954144,84034031.0,US,USA,840,34031.0,passaic,"Passaic, New Jersey, US",0,0,0,0
2020-02-23,us,new-jersey,41.03238628,-74.29954144,84034031.0,US,USA,840,34031.0,passaic,"Passaic, New Jersey, US",0,0,0,0
2020-02-24,us,new-jersey,41.03238628,-74.29954144,84034031.0,US,USA,840,34031.0,passaic,"Passaic, New Jersey, US",0,0,0,0
2020-02-25,us,new-jersey,41.03238628,-74.29954144,84034031.0,US,USA,840,34031.0,passaic,"Passaic, New Jersey, US",0,0,0,0
2020-02-26,us,new-jersey,41.03238628,-74.29954144,84034031.0,US,USA,840,34031.0,passaic,"Passaic, New Jersey, US",0,0,0,0
2020-02-27,us,new-jersey,41.03238628,-74.29954144,84034031.0,US,USA,840,34031.0,passaic,"Passaic, New Jersey, US",0,0,0,0
2020-02-28,us,new-jersey,41.03238628,-74.29954144,84034031.0,US,USA,840,34031.0,passaic,"Passaic, New Jersey, US",0,0,0,0
2020-02-29,us,new-jersey,41.03238628,-74.29954144,84034031.0,US,USA,840,34031.0,passaic,"Passaic, New Jersey, US",0,0,0,0
2020-03-01,us,new-jersey,41.03238628,-74.29954144,84034031.0,US,USA,840,34031.0,passaic,"Passaic, New Jersey, US",0,0,0,0
2020-03-02,us,new-jersey,41.03238628,-74.29954144,84034031.0,US,USA,840,34031.0,passaic,"Passaic, New Jersey, US",0,0,0,0
2020-03-03,us,new-jersey,41.03238628,-74.29954144,84034031.0,US,USA,840,34031.0,passaic,"Passaic, New Jersey, US",0,0,0,0
2020-03-04,us,new-jersey,41.03238628,-74.29954144,84034031.0,US,USA,840,34031.0,passaic,"Passaic, New Jersey, US",0,0,0,0
2020-03-05,us,new-jersey,41.03238628,-74.29954144,84034031.0,US,USA,840,34031.0,passaic,"Passaic, New Jersey, US",0,0,0,0
2020-03-06,us,new-jersey,41.03238628,-74.29954144,84034031.0,US,USA,840,34031.0,passaic,"Passaic, New Jersey, US",0,0,0,0
2020-03-07,us,new-jersey,41.03238628,-74.29954144,84034031.0,US,USA,840,34031.0,passaic,"Passaic, New Jersey, US",0,0,0,0
2020-03-08,us,new-jersey,41.03238628,-74.29954144,84034031.0,US,USA,840,34031.0,passaic,"Passaic, New Jersey, US",0,0,0,0
2020-03-09,us,new-jersey,41.03238628,-74.29954144,84034031.0,US,USA,840,34031.0,passaic,"Passaic, New Jersey, US",0,0,0,0
2020-03-10,us,new-jersey,41.03238628,-74.29954144,84034031.0,US,USA,840,34031.0,passaic,"Passaic, New Jersey, US",1,1,0,0
2020-03-11,us,new-jersey,41.03238628,-74.29954144,84034031.0,US,USA,840,34031.0,passaic,"Passaic, New Jersey, US",1,0,0,0
2020-03-12,us,new-jersey,41.03238628,-74.29954144,84034031.0,US,USA,840,34031.0,passaic,"Passaic, New Jersey, US",1,0,0,0
2020-03-13,us,new-jersey,41.03238628,-74.29954144,84034031.0,US,USA,840,34031.0,passaic,"Passaic, New Jersey, US",2,1,0,0
2020-03-14,us,new-jersey,41.03238628,-74.29954144,84034031.0,US,USA,840,34031.0,passaic,"Passaic, New Jersey, US",2,0,0,0
2020-03-15,us,new-jersey,41.03238628,-74.29954144,84034031.0,US,USA,840,34031.0,passaic,"Passaic, New Jersey, US",2,0,0,0
2020-03-16,us,new-jersey,41.03238628,-74.29954144,84034031.0,US,USA,840,34031.0,passaic,"Passaic, New Jersey, US",8,6,0,0
2020-03-17,us,new-jersey,41.03238628,-74.29954144,84034031.0,US,USA,840,34031.0,passaic,"Passaic, New Jersey, US",10,2,0,0
2020-03-18,us,new-jersey,41.03238628,-74.29954144,84034031.0,US,USA,840,34031.0,passaic,"Passaic, New Jersey, US",18,8,0,0
2020-03-19,us,new-jersey,41.03238628,-74.29954144,84034031.0,US,USA,840,34031.0,passaic,"Passaic, New Jersey, US",38,20,0,0
2020-03-20,us,new-jersey,41.03238628,-74.29954144,84034031.0,US,USA,840,34031.0,passaic,"Passaic, New Jersey, US",49,11,0,0
2020-03-21,us,new-jersey,41.03238628,-74.29954144,84034031.0,US,USA,840,34031.0,passaic,"Passaic, New Jersey, US",67,18,0,0
2020-03-22,us,new-jersey,41.03238628,-74.29954144,84034031.0,US,USA,840,34031.0,passaic,"Passaic, New Jersey, US",95,28,0,0
2020-03-23,us,new-jersey,41.03238628,-74.29954144,84034031.0,US,USA,840,34031.0,passaic,"Passaic, New Jersey, US",141,46,0,0
2020-03-24,us,new-jersey,41.03238628,-74.29954144,84034031.0,US,USA,840,34031.0,passaic,"Passaic, New Jersey, US",216,75,0,0
2020-03-25,us,new-jersey,41.03238628,-74.29954144,84034031.0,US,USA,840,34031.0,passaic,"Passaic, New Jersey, US",255,39,0,0
2020-03-26,us,new-jersey,41.03238628,-74.29954144,84034031.0,US,USA,840,34031.0,passaic,"Passaic, New Jersey, US",399,144,0,0
2020-03-27,us,new-jersey,41.03238628,-74.29954144,84034031.0,US,USA,840,34031.0,passaic,"Passaic, New Jersey, US",484,85,7,7
2020-03-28,us,new-jersey,41.03238628,-74.29954144,84034031.0,US,USA,840,34031.0,passaic,"Passaic, New Jersey, US",608,124,7,0
2020-03-29,us,new-jersey,41.03238628,-74.29954144,84034031.0,US,USA,840,34031.0,passaic,"Passaic, New Jersey, US",831,223,10,3
2020-03-30,us,new-jersey,41.03238628,-74.29954144,84034031.0,US,USA,840,34031.0,passaic,"Passaic, New Jersey, US",1091,260,10,0
2020-03-31,us,new-jersey,41.03238628,-74.29954144,84034031.0,US,USA,840,34031.0,passaic,"Passaic, New Jersey, US",1294,203,1,-9
2020-04-01,us,new-jersey,41.03238628,-74.29954144,84034031.0,US,USA,840,34031.0,passaic,"Passaic, New Jersey, US",1494,200,15,14
2020-04-02,us,new-jersey,41.03238628,-74.29954144,84034031.0,US,USA,840,34031.0,passaic,"Passaic, New Jersey, US",1750,256,22,7
2020-04-03,us,new-jersey,41.03238628,-74.29954144,84034031.0,US,USA,840,34031.0,passaic,"Passaic, New Jersey, US",2216,466,34,12
2020-04-04,us,new-jersey,41.03238628,-74.29954144,84034031.0,US,USA,840,34031.0,passaic,"Passaic, New Jersey, US",2856,640,38,4
2020-04-05,us,new-jersey,41.03238628,-74.29954144,84034031.0,US,USA,840,34031.0,passaic,"Passaic, New Jersey, US",3227,371,42,4
2020-04-06,us,new-jersey,41.03238628,-74.29954144,84034031.0,US,USA,840,34031.0,passaic,"Passaic, New Jersey, US",3756,529,53,11
2020-04-07,us,new-jersey,41.03238628,-74.29954144,84034031.0,US,USA,840,34031.0,passaic,"Passaic, New Jersey, US",4104,348,62,9
2020-04-08,us,new-jersey,41.03238628,-74.29954144,84034031.0,US,USA,840,34031.0,passaic,"Passaic, New Jersey, US",4372,268,71,9
2020-04-09,us,new-jersey,41.03238628,-74.29954144,84034031.0,US,USA,840,34031.0,passaic,"Passaic, New Jersey, US",4690,318,82,11
2020-04-10,us,new-jersey,41.03238628,-74.29954144,84034031.0,US,USA,840,34031.0,passaic,"Passaic, New Jersey, US",5017,327,101,19
2020-04-11,us,new-jersey,41.03238628,-74.29954144,84034031.0,US,USA,840,34031.0,passaic,"Passaic, New Jersey, US",5295,278,119,18
2020-04-12,us,new-jersey,41.03238628,-74.29954144,84034031.0,US,USA,840,34031.0,passaic,"Passaic, New Jersey, US",5590,295,131,12
2020-04-13,us,new-jersey,41.03238628,-74.29954144,84034031.0,US,USA,840,34031.0,passaic,"Passaic, New Jersey, US",5950,360,136,5
2020-04-14,us,new-jersey,41.03238628,-74.29954144,84034031.0,US,USA,840,34031.0,passaic,"Passaic, New Jersey, US",6438,488,156,20
2020-04-15,us,new-jersey,41.03238628,-74.29954144,84034031.0,US,USA,840,34031.0,passaic,"Passaic, New Jersey, US",6750,312,182,26
2020-04-16,us,new-jersey,41.03238628,-74.29954144,84034031.0,US,USA,840,34031.0,passaic,"Passaic, New Jersey, US",7317,567,211,29
2020-04-17,us,new-jersey,41.03238628,-74.29954144,84034031.0,US,USA,840,34031.0,passaic,"Passaic, New Jersey, US",7604,287,221,10
2020-04-18,us,new-jersey,41.03238628,-74.29954144,84034031.0,US,USA,840,34031.0,passaic,"Passaic, New Jersey, US",7936,332,243,22
2020-04-19,us,new-jersey,41.03238628,-74.29954144,84034031.0,US,USA,840,34031.0,passaic,"Passaic, New Jersey, US",8288,352,250,7
2020-04-20,us,new-jersey,41.03238628,-74.29954144,84034031.0,US,USA,840,34031.0,passaic,"Passaic, New Jersey, US",8479,191,263,13
2020-04-21,us,new-jersey,41.03238628,-74.29954144,84034031.0,US,USA,840,34031.0,passaic,"Passaic, New Jersey, US",8479,0,263,0
2020-04-22,us,new-jersey,41.03238628,-74.29954144,84034031.0,US,USA,840,34031.0,passaic,"Passaic, New Jersey, US",9392,913,327,64
2020-04-23,us,new-jersey,41.03238628,-74.29954144,84034031.0,US,USA,840,34031.0,passaic,"Passaic, New Jersey, US",9874,482,350,23
2020-04-24,us,new-jersey,41.03238628,-74.29954144,84034031.0,US,USA,840,34031.0,passaic,"Passaic, New Jersey, US",10291,417,383,33
2020-04-25,us,new-jersey,41.03238628,-74.29954144,84034031.0,US,USA,840,34031.0,passaic,"Passaic, New Jersey, US",10738,447,416,33
2020-04-26,us,new-jersey,41.03238628,-74.29954144,84034031.0,US,USA,840,34031.0,passaic,"Passaic, New Jersey, US",11137,399,426,10
2020-04-27,us,new-jersey,41.03238628,-74.29954144,84034031.0,US,USA,840,34031.0,passaic,"Passaic, New Jersey, US",11349,212,438,12
2020-04-28,us,new-jersey,41.03238628,-74.29954144,84034031.0,US,USA,840,34031.0,passaic,"Passaic, New Jersey, US",11755,406,475,37
